45
16
15
44
52
57
152
15
31
17
273
292
26
295
335
183
22
118
118
84
99
73
429
464
153
379
102
62
356
100
85
61
63
64
67
64
359
374
142
149
389
411
457
602
537
595
456
615
436
646
470
656
645
733
412
492
446
454
462
432
420
124
119
464
123
262
473
422
416
505
466
471
118
461
571
442
426
352
257
122
117
590
127
286
467
127
237
650
668
562
638
689
702
755
781
647
623
730
674
669
713
738
699
800
688
697
793
788
803
755
804
812
796
835
588
691
180
234
318
745
294
618
310
164
406
219
241
402
170
299
199
339
196
766
208
258
217
387
276
240
224
175
255
246
204
244
273
181
732
300
230
325
222
291
250
213
319
723
265
280
345
226
279
268
329
354
296
287
393
365
239
363
256
284
346
427
360
369
303
275
263
290
394
309
327
314
391
283
318
305
299
339
366
323
383
399
332
345
764
400
321
333
349
355
357
386
336
377
374
359
396
371
403
380
777
390
392
401
405
402
836
133
139
583
612
178
358
381
724
547
866
578
539
546
563
552
658
524
539
857
1618
472
817
1235
486
475
722
540
506
621
475
468
543
628
467
550
805
527
534
490
867
531
1201
854
862
992
873
1081
868
876
884
884
870
1058
1122
1112
896
846
1100
1638
1142
502
544
864
1051
495
494
946
541
566
851
733
508
871
587
581
878
522
552
867
624
533
553
1389
992
1171
983
1039
993
1389
974
1275
1021
999
1321
1314
1083
1171
1146
1081
994
1042
1119
1172
1133
980
1179
1273
1187
1378
1114
1149
1108
1213
1252
1128
1144
1283
1166
1258
1126
1199
1270
1278
1182
1163
1286
1216
1227
1255
1301
1306
1370
1376
1366
1334
1372
1381
1372
737
589
624
629
732
1024
630
1085
692
640
691
754
1004
636
679
1388
961
755
834
709
652
1092
835
1095
1071
711
697
718
695
940
836
719
1244
675
1118
967
836
694
714
698
822
665
686
749
707
682
760
736
1346
727
724
700
756
1206
801
1309
742
729
726
787
807
1364
812
734
775
822
821
829
753
815
768
818
1358
828
822
1150
825
774
1291
832
782
795
834
824
1196
799
826
806
565
583
1029
624
648
1045
733
817
1218
1774
910
1409
893
1867
1440
1010
917
920
2160
1639
989
900
1406
905
1009
930
1048
2093
859
2159
1474
931
923
904
880
882
881
932
1776
2121
2093
1498
1586
1544
1452
1806
1725
1799
1736
1444
1719
1647
1454
1673
1454
2443
1424
2430
1822
2187
2118
889
1154
1410
1416
908
909
932
922
1477
1178
1191
1434
1478
2353
1637
1632
1974
2130
2359
1812
1862
1836
1875
1686
1630
1857
1759
2363
1860
1700
1726
2031
2293
2345
1761
2056
1669
1710
1894
1706
1738
2021
1823
1743
1779
2108
2810
1711
2293
2081
1924
1874
1798
1803
1981
1916
1787
1821
1985
1942
2008
1861
2264
2431
2219
2007
2034
1878
1896
1883
1939
2135
2048
2441
2179
2233
2066
2125
1976
2077
2161
1983
2178
2121
2284
2018
2228
2121
2038
2155
2196
2299
2060
2188
2153
2072
2209
2173
2097
2291
2334
2198
2111
2212
2128
2216
2348
2225
2253
2367
2232
2171
2194
2323
2238
2236
2345
2298
2304
2283
2314
2296
2316
993
1056
1026
1009
1392
995
1040
1413
1057
1275
1063
1060
1396
1044
1055
1397
1676
1171
980
1082
1414
1104
1367
1086
1096
1734
1782
1173
1081
2383
1941
1940
1094
1001
1414
1117
1281
1085
1018
1011
1046
1367
1141
1000
1089
1092
1140
1064
2439
1162
1155
1224
1177
1832
1280
1191
1189
1348
1099
1181
1125
1073
1145
1287
1912
1165
1130
2176
1180
1072
1289
1239
1330
2000
2075
2138
1240
1299
2032
1255
1138
1275
1305
2184
1990
1312
2016
1997
1270
1302
1332
1225
2035
1328
1346
1203
1310
2323
1340
2104
1360
2118
1352
2166
1337
1267
1391
1343
1297
1341
1351
1304
2266
2292
1316
1324
1326
1324
1345
1395
1331
1347
1375
1363
1399
1367
1405
1386
1414
1401
1403
1408
1603
951
995
992
2063
2395
1102
1806
1435
1232
1259
1560
1405
2326
4157
1512
1500
1967
2429
3428
1575
2807
1571
1527
1624
2541
2141
1582
2559
1577
2568
1662
1581
1589
1709
1973
1504
1505
1433
2516
1575
1522
1471
2432
2367
1544
1457
1570
1451
1481
2444
1622
1588
2160
1484
1912
1485
1526
1911
1661
1699
2724
2685
2573
2479
4888
2818
3709
2582
2714
2824
2565
2460
2513
5279
3945
2576
2531
2571
3917
2847
2586
4406
2563
2605
2589
3853
2845
3492
2632
3021
3058
3557
2506
3095
3523
2974
2721
2591
1612
2537
2812
2583
2568
1614
2504
3864
2635
1523
1556
2505
1908
1550
2347
1575
2477
1591
2569
2337
1591
2336
2453
2533
2446
1574
1599
2700
2520
1614
2494
3420
1923
1609
1770
1593
1611
1864
2521
2303
1943
2500
1770
2503
1606
1813
1887
2735
2840
3696
2831
2802
3662
2770
3743
2808
2838
2841
2859
2871
2947
2849
2882
2895
2826
2989
2853
2762
2994
2976
2851
2953
2817
2866
2954
2948
3489
2890
2847
3038
2894
2936
2968
3159
3094
2922
2973
2920
3609
3606
3016
3623
3024
2943
2961
3568
3001
3003
3057
3029
3589
3092
3143
2986
3743
3067
2889
2992
3109
3597
3059
3009
3031
3062
3043
3026
3243
3777
3160
3740
3223
3331
3691
3740
3236
3415
3775
3161
3652
3614
3045
3616
3766
3652
3099
3225
3090
3099
3672
3121
3130
3157
3632
3462
3154
3182
3771
2974
3654
3187
3191
3126
3310
3695
3310
3607
3776
3231
3140
3616
3386
3176
3347
3779
3713
3343
3359
3306
3337
3397
3356
3346
3409
3400
3422
3719
3370
3687
3553
2878
3379
3427
3384
3488
2926
3280
3410
3523
3712
3619
3596
3435
3451
3445
3464
3392
3507
3648
3469
3701
3486
3612
3500
3528
3646
3747
3712
3562
3718
3698
3605
3618
3580
3599
3609
3762
3676
3604
3662
2834
3621
3753
3726
3752
3738
2835
2785
2345
2178
2992
2343
1754
1667
1723
3701
3079
2935
1696
1855
1713
1694
3700
1790
2307
1820
3728
3040
1826
1961
2278
3700
1759
3505
1733
1999
1704
3515
1860
1764
1930
1868
2371
1742
1920
1756
2465
2934
1749
1873
1995
3506
3584
1828
2330
3641
1858
1838
3221
1782
1783
2790
1902
1746
2898
1935
1843
3395
3109
1844
2031
1966
2011
1847
1946
2410
2397
2116
1817
1751
2398
1705
1884
2401
1913
2420
3767
1979
2024
1841
1970
2122
2271
1980
2409
1898
1978
2054
2044
2033
3342
2168
1831
1975
1907
1928
2137
2312
2327
2046
2015
2030
2004
2417
3341
2419
1792
1998
2185
2756
1815
2332
2908
1837
2433
2050
1954
2340
1994
2023
1796
2040
2272
1955
2436
2014
2065
2052
1889
2276
2171
2083
1848
2093
2039
3707
2002
3714
1894
2079
2194
3780
2058
2070
1936
2236
2227
2114
2075
2247
2245
2095
3781
2062
2782
1963
2791
2243
3378
2299
2108
3032
2299
3502
2261
2259
3547
2028
2310
2321
3433
2091
2294
2211
2330
3646
2089
2305
2214
2211
2254
2273
2210
2350
2233
2117
2207
2286
2157
2356
2177
2257
2240
2263
2317
3496
3762
2269
2324
3457
3702
2300
2293
2357
2221
2192
2379
2378
2221
2311
3494
2199
2328
2288
3710
2241
2333
2524
2302
2388
2382
2280
2393
2766
2308
2403
2406
2795
2366
2415
3742
3538
2407
2411
2420
2377
2964
1652
1662
1728
2932
1900
2463
1808
3194
1852
1956
1948
2004
3401
2242
3046
2649
3880
3866
2646
4196
2642
3730
2669
4845
3883
4779
2648
2771
3544
3204
2732
2647
2696
2737
2676
2690
4073
3918
2645
3386
2674
3903
3903
2698
3925
2728
3027
3815
3242
3538
3917
2667
4017
2711
2904
2598
2517
3460
2847
3492
3392
2555
2657
3392
2503
2504
2543
3279
2920
3285
2662
2659
2474
2689
2556
2700
3214
2684
3037
3386
2552
2597
3151
2557
2881
3168
2560
2718
3858
2681
3222
3926
2753
2528
2572
2580
2707
3173
2561
2753
2597
3861
4429
4152
4899
4651
4290
3822
4339
4233
3807
4146
4161
3820
3785
4939
3900
3836
3874
3929
3845
4763
3890
3828
4405
3838
4206
3830
4261
4195
4920
4779
4193
4442
3915
4805
4027
3980
4536
3888
3879
4054
4238
3843
4087
4002
4093
4347
4279
3809
4689
4175
4044
3874
4055
4050
3896
4281
2718
3730
2633
4070
4623
2617
3795
2937
2675
3913
3848
3512
3567
3788
2654
2701
3532
2713
2738
3998
2739
3189
3824
3978
4756
4154
3115
3280
3892
3858
2737
3906
3129
2737
4114
4687
4218
4877
4228
5170
4746
4104
4155
4151
4230
4125
4121
4793
4540
4137
4125
4237
4186
4156
4287
4122
4416
4173
4165
4174
4781
4251
4203
4204
4248
4264
4210
4205
4182
4572
4111
4211
4337
4304
4317
4308
4400
4277
4354
4149
4289
4364
4776
4153
4235
4404
4250
4320
4312
4296
4246
4328
4769
4267
4713
4343
4408
4743
4695
4368
4737
4391
4334
4265
4410
4467
4488
4487
4319
4299
4300
4606
4424
5280
4322
4461
4871
4382
4448
4411
4537
4323
4413
4460
4356
4422
4501
4360
4725
4551
4471
4464
4477
4491
4475
4511
4527
4596
4577
4519
4523
4493
4510
4286
4376
4386
4518
4576
4534
4662
4831
4541
4432
4600
4484
4629
4603
4558
4574
4621
4530
4441
4642
4315
4823
4834
4622
4587
4611
4703
4632
4637
4682
4704
4731
4670
4738
4744
4787
4326
4773
4782
4796
4728
4799
4628
4646
4736
4718
4750
4694
4751
4831
4715
4730
4762
4358
4730
4398
4872
4398
4815
4747
4817
4498
4760
4770
4851
4832
4768
4740
4793
4525
4434
4749
4809
4462
4870
4835
4870
4856
4776
4824
4494
4507
4876
4521
4853
4533
4877
4853
4859
4648
5690
4864
4564
4767
4868
4608
4813
4807
4619
4807
4631
4807
4641
4645
4746
4819
4825
4660
4829
4669
4836
4685
4696
4712
2911
4198
3132
2914
4232
2852
3575
3762
2980
4868
3665
2995
3729
2955
4113
3006
2817
3759
4254
3139
2952
3685
3148
3678
2777
2821
2797
2822
3153
2936
4130
3001
3200
4352
2949
2829
2830
2856
4268
3084
3031
4180
3685
3265
3227
4159
3207
4482
2939
2954
3010
3086
3198
3216
3310
4370
3282
3181
3195
3042
2972
3119
3094
3220
3254
3629
3105
4401
4532
3671
3070
4275
3125
2933
3597
3422
4390
3113
4539
4399
3247
4679
3280
3100
3271
3674
4772
3109
3264
3299
2896
3361
4407
4554
4580
4424
3692
3124
3135
3454
2996
3509
3290
2966
3562
4609
3315
3633
4545
3525
3191
4781
3692
3393
3007
3276
3273
3407
3320
3402
3457
3505
4397
3296
3403
4664
4594
3727
2920
2981
3684
3519
3014
3302
3560
3087
3245
3542
3487
3550
4688
3064
4573
3466
3680
3291
3650
3422
3249
3360
3259
3673
3536
3338
3283
3374
3570
3155
3728
3692
3352
3452
3517
3134
3288
3585
3728
3242
3380
3478
3311
3616
3626
4710
4547
3514
4610
3158
3657
3366
3292
3484
3399
3630
3678
3484
3317
3661
3322
3348
3510
3387
4689
4786
3504
3556
3111
3436
3610
3136
3578
3683
3178
3202
4798
3492
4435
3197
3624
3252
3693
3269
4764
3597
3326
3700
3735
3705
3664
3277
3731
3210
3334
3482
4800
3670
3658
3746
3750
3668
3748
4396
3359
3385
3411
3447
3471
3491
3754
3744
4579
3697
4612
3743
3620
3547
4855
4863
3688
3756
3763
3619
3628
3740
3689
3631
3761
3701
3765
3770
3758
3774
2752
2768
2793
2814
2846
2888
2903
2906
2959
4623
4288
4183
3930
3787
3146
3194
3989
3511
4561
4681
3805
3534
3645
3733
4091
5121
4192
5683
4219
4733
3957
3941
4892
3990
3980
4307
4070
3993
4540
3984
3999
3991
4755
5465
3997
4048
3961
4011
3985
4640
4946
4029
4020
4984
4045
5568
4094
5569
4014
4804
4923
5567
4005
4901
4002
5453
4332
4034
4040
5661
4844
4848
4976
4087
4330
4052
4837
4064
4067
4941
3940
4214
4427
4191
3936
4118
4689
3921
4729
3965
3829
4279
4898
4236
3959
3923
4263
3886
3841
4960
3847
4012
3872
4016
3877
4062
4088
4934
4420
4414
4420
3860
4324
4110
4071
4150
4076
4627
4051
5485
4936
5659
5309
5469
5295
5283
4980
5951
4991
5503
5259
4977
4962
4970
5758
4968
5026
5134
4883
5880
5812
5100
4907
5718
5056
5374
4911
4963
5079
4932
4993
4938
5886
5055
4947
4989
5215
5725
5031
5426
5117
5466
5041
5479
5506
5176
5034
5142
5910
6489
4915
5584
4927
5073
4956
5171
4975
5626
5695
5286
5195
5712
5202
5712
5287
5518
5285
5127
5131
4967
5265
5088
4900
5159
5017
4999
5537
4986
4937
5512
5060
5084
4078
4095
5377
5497
3951
3957
4074
5010
5656
5018
5513
5533
5764
4908
5722
4949
5227
5816
4948
4615
5723
4161
5113
4899
4972
5055
4958
4935
5052
4088
5570
4059
5416
5787
5194
5289
5210
5164
5299
5255
5205
5221
5366
6160
5751
5796
5194
5322
5801
5213
5394
5434
5368
5800
5247
5332
5157
5471
5278
5283
5293
5741
5404
5467
5232
5684
5239
5318
5342
5747
5390
5440
5414
5225
5422
5330
5320
5752
5298
5799
5340
5435
5542
5259
5402
5458
5305
5323
5477
5521
5477
5757
5308
5448
5359
5344
5334
5336
5561
5387
5391
5346
5778
5353
5510
5355
5540
5430
5321
5573
5373
5433
5769
5811
5351
5576
5771
5500
5554
5531
5474
5443
5773
5399
5490
5637
5554
5358
5525
5543
5594
5539
5610
5585
5614
5411
5371
5381
5640
5687
5802
5411
5385
5459
5564
5418
5587
5631
5608
5376
5409
5641
5536
5519
5622
5648
5421
5597
5424
5454
5781
5597
5635
5609
5446
5651
5783
5428
5495
5785
5601
5788
5670
5668
5553
5679
5534
5652
5794
5629
5799
5461
5804
5806
5675
5481
5809
5665
5482
5665
5633
5593
5602
5501
5676
5508
5811
5493
5713
5207
5527
5617
5183
5649
5249
5620
5728
5646
5273
5288
5666
5516
5673
5694
5655
5551
5700
5557
5523
5588
5705
5180
5290
5156
5189
5599
5325
5167
5760
5201
5178
5612
5339
5356
5268
5710
5493
5628
5261
5754
5653
5193
5754
5270
5276
5657
5763
5203
5301
5218
6436
5777
5326
5777
5230
5697
5241
5742
5347
5734
5736
5738
5744
5748
5751
4824
5243
5564
5262
5267
4384
4138
5441
4199
4216
4394
4200
4217
5460
4540
5252
4419
4430
4221
5402
4276
5396
4271
4239
4304
4450
4225
5491
4455
5606
4342
4320
4366
4245
4350
4737
4605
4335
4381
4292
4626
5522
4319
4841
4440
4509
4516
5522
4458
4552
4461
4456
4567
4597
5260
4502
4418
5730
4515
4752
4226
4556
4504
5739
4486
5168
4638
4356
4673
4683
4776
4705
4783
4873
4731
4618
5704
4624
4668
4528
5755
4811
4628
4675
4466
4827
4652
4777
4542
4870
4801
5588
4730
4698
5645
4845
4581
4789
4802
5692
5703
4858
5672
4171
4420
4201
4227
5708
5715
4279
4917
5100
4333
4346
4338
4372
4384
4903
4478
4445
4518
4612
4612
4629
4622
4664
4726
4758
5605
5717
4849
5109
5114
5863
5899
5015
5935
5969
5128
5043
5815
5128
5038
5136
5514
5662
6029
5853
5974
5846
5942
5138
5044
5370
5058
5862
6009
6555
5069
6211
5529
5082
5122
5617
5606
5880
5233
5103
5144
5882
5874
5266
5485
5048
5099
5859
5094
5934
5081
5378
5868
5119
5310
5296
5080
5452
6186
5091
5638
5008
4919
5029
5065
4990
4910
5658
4940
5921
5076
4988
6260
5875
6239
5862
6011
6215
5867
5932
6222
6294
6241
5932
5837
5996
5992
6284
5971
6003
5908
5925
6457
7361
6039
5827
6411
5853
6059
6301
6410
6148
6883
6312
5890
7365
5828
6790
6133
6133
6318
5854
5963
6363
6052
6326
6799
6157
6464
6093
6051
6536
5894
6592
6223
5893
5895
6602
6632
6676
5870
6121
5877
5881
5905
5913
6397
5965
6159
5839
5856
6414
5987
6482
6298
6439
5927
5832
6427
5903
6046
6212
5098
5108
6309
5868
6076
6189
6101
6080
6698
6137
6084
6106
6177
6113
6331
7501
6534
6178
6219
6393
6119
6175
6415
6132
6191
6314
6193
6409
6149
6409
6315
6165
6213
6220
6201
6280
6163
6210
6619
6264
6433
6248
6545
6142
6234
6259
6329
6229
6346
6337
6228
6159
6297
6385
6268
6356
6276
6244
6345
6286
6139
6352
6402
6142
6291
6434
6757
6472
6397
6358
6552
6367
6359
6375
6431
6231
6336
6387
6369
6470
6557
6441
6403
6350
6473
6388
6588
6362
6365
6416
6637
6644
6391
6418
6660
6261
6486
6423
6509
6666
6522
6440
6520
6568
6304
6558
6322
6455
6577
6463
6583
6693
6500
6698
6603
6604
6523
6474
6492
6538
6622
6507
6614
6516
6542
6710
6635
6630
6621
6450
6647
6528
6645
6628
6657
6546
6721
6653
6562
6660
6579
6643
6181
6655
6129
6668
6128
6586
6690
6168
6188
6596
6708
6181
6712
6477
6687
6619
6701
6477
6705
6496
6098
7588
6207
6519
6622
6115
6549
7715
6127
6232
6747
6169
6240
6565
6414
6257
6729
6572
6727
6572
6732
6734
6266
6273
6761
6425
6742
6739
6677
6770
6743
6333
6669
6748
6342
6752
6751
6754
6404
6759
6764
6404
6767
6768
6444
6446
6560
6765
6514
6466
6783
6480
6772
6487
6706
6779
6664
6539
6681
6673
6549
6781
6793
6580
6703
6581
6649
6659
6719
6787
6724
6790
6795
6684
6692
6798
6799
5826
5194
5706
5197
5271
6854
6184
6735
6418
5187
5402
5408
6202
5688
5315
6775
5616
5587
6785
6308
6295
5388
5621
5597
6533
5477
6111
6460
5721
6337
5407
6420
5779
5509
6494
6553
6505
5565
5770
5636
5790
5792
6842
6105
5209
5264
6166
5283
6382
5455
5475
5489
5514
6642
5574
5580
5617
5627
6724
6230
5712
5732
5724
6426
5817
6691
6791
5954
6042
6073
6913
6963
7024
6894
6890
6398
6306
6143
5949
6851
5961
6550
6816
6195
5971
6194
6949
5957
7061
6365
6001
5966
7321
6253
6676
6902
6960
7093
6091
6024
5988
6857
5989
6456
6252
5943
6045
6011
7752
6038
6042
7758
7757
6108
6044
6022
6704
6063
6717
6031
6481
6010
6946
6025
6030
6056
6040
7292
6054
7186
6957
6071
6838
6056
6233
5927
5930
5872
5930
5971
6724
5897
5935
6718
6861
6869
6976
6880
7636
7962
6866
7120
7969
7774
6924
7896
6884
7264
7722
6824
7727
7482
7061
7142
6947
7289
7094
6856
6840
7082
7333
6937
6871
6892
7147
6821
7131
7858
6855
7192
6972
7778
7957
7117
6897
7783
6978
7155
6902
6802
7308
6929
7316
6834
7006
7193
7666
7081
7048
6899
7106
7732
5998
6823
6217
7992
7060
6811
7713
6592
7772
6044
6831
6879
6048
6045
6057
7782
7621
7600
7822
7054
7621
7447
7820
7460
7630
7039
7097
7461
7152
7630
7140
7519
7046
7828
7099
7501
7080
7072
7077
7103
7099
7141
7298
7197
7652
7063
7223
7074
7833
7133
7126
8227
7078
7212
7153
7196
7234
7250
7152
7287
7165
7606
7180
7254
7256
7263
7174
7105
7444
7218
7296
7151
7368
7191
7272
7241
7200
7209
7221
7274
7339
7358
7345
7279
7144
7301
7243
7538
7271
7505
7276
7294
7392
7325
7484
7382
7342
7271
7829
7193
7413
8320
7497
7836
7379
7236
7664
7363
7041
7376
7225
7610
7425
7482
7107
7252
7310
7557
7515
7333
7242
7723
7262
7384
7517
7278
7391
7576
7284
7397
7394
7584
7602
7570
7127
7417
7475
7627
7603
7321
7643
7607
7492
7399
7644
7618
7740
7237
7679
7546
7406
7676
7750
7691
7319
7416
7705
7328
7730
7476
7586
7511
7534
7591
7548
7737
7739
7788
7716
7756
7792
7361
7735
7781
7387
7746
7754
7651
7760
7415
7768
7612
7663
7429
7786
7631
7790
7683
7794
7463
7468
7424
7472
7481
7689
7582
7775
7502
7435
7516
7657
7388
7312
7714
7516
8432
7410
7336
7418
7556
7437
7568
7771
7457
7350
7583
7473
7400
7808
7513
7659
7675
7427
7681
7698
7601
7412
7459
7718
7796
7459
7723
7800
7803
7510
7802
7743
7805
7810
7814
7816
7525
6142
6117
6102
7524
6277
6757
7088
7259
6145
6109
7344
6491
7237
6339
6258
6208
6236
7211
6498
7170
7266
6543
6669
6342
6379
6552
6470
6526
6511
6448
6454
6412
6404
7488
6587
6649
6486
6685
6669
6626
6531
7686
7492
6556
6512
6593
7506
6633
7620
6601
6662
6632
6675
6687
6661
7671
6642
6706
6694
7529
6722
6688
7307
6706
7791
6742
7635
6777
7085
6091
6135
6179
6196
7201
7337
6233
7308
6282
6285
7404
6298
7353
6307
6887
6335
6327
6371
6383
6413
7330
7603
6461
6503
6602
6673
7776
6719
7797
7092
6917
7370
7120
7243
7915
7847
6919
8191
7316
8191
7057
7973
8374
8019
7528
6943
7528
7944
6959
6971
7963
7109
7440
7859
8329
6940
7036
6998
6990
7622
6985
7939
6953
6975
7702
7007
7143
7873
7211
7016
7003
6997
7102
7211
7844
7010
7321
7023
7058
7334
6814
6835
7950
7441
7250
7733
7591
7602
7703
7111
6849
7021
7792
7777
6882
7783
7778
7915
7868
8009
8260
8485
7934
8029
8036
9536
8724
7909
7923
7848
8225
7877
7937
7867
8546
7977
7985
7888
8389
7979
7921
8087
8674
7916
7870
7932
8016
7921
7851
7861
8560
8044
8143
8045
7983
8026
8043
8322
8748
7884
9357
7957
8350
8639
7883
7952
7952
8082
7892
8520
8420
8031
8076
6936
7932
7911
8506
7158
7159
8111
6945
6973
7903
7897
7206
8450
7931
7929
7206
7943
7945
7596
7619
7001
7595
7571
7628
7701
7715
7422
7640
7641
7710
8356
8075
8637
8596
8597
8111
8093
8220
8347
8138
8174
8116
8218
8234
8231
8181
8704
8105
8498
8148
8187
8157
8147
8187
8650
8139
8437
8178
8334
8356
8334
8175
8221
8501
8230
8617
8122
8370
8190
8256
8414
8552
8176
8188
8317
8213
8180
8134
8439
8546
8103
8434
8562
8233
8238
8145
8293
8518
8562
8149
8107
8315
8527
8276
8289
8218
8119
8246
8124
8497
8611
8208
8405
8283
8287
8259
8294
8424
8383
8242
8458
8418
8227
8454
8309
8309
8281
8381
8369
8253
8391
8265
9224
8255
8269
8605
8376
8426
8499
8290
8455
8280
8521
8442
8472
8296
8522
8358
8445
8244
8516
8297
8471
8625
8509
8533
8558
8629
8476
8333
8634
8307
8510
8367
8379
8271
8585
8325
8540
8332
8641
8563
8441
8557
8339
8578
8368
8347
8623
8579
8650
8631
8345
8429
8357
8603
8581
8413
8393
8568
8452
8410
8617
8435
8653
8446
8655
8548
8464
8658
8448
8490
8548
8637
8529
8473
8559
8561
8494
8561
8580
8574
8596
8538
8591
8552
8598
7608
7566
7566
8138
8161
7050
7173
7552
7227
7065
7183
7085
7479
7146
8219
7215
7566
7281
7579
7829
7408
7124
7235
7111
7529
7123
7256
7623
7835
7184
7324
7837
7424
8360
7149
7503
7374
7444
7533
7251
7522
7219
7285
7306
7593
7164
7195
7530
7550
7389
7317
7470
7258
7598
7395
7493
7356
7487
7347
7499
7616
7323
7367
7531
7624
7449
7283
7421
7213
8502
7432
7466
8593
7469
7220
7486
7529
8135
7590
7536
7489
7572
8549
7343
8633
7555
8362
7569
8605
8477
7507
8368
7546
8619
7576
8621
7558
7584
7586
7698
7704
7398
7665
7648
7654
7647
7713
7650
7589
7661
7721
8571
7727
8141
7655
7730
7695
7737
8608
7694
7763
7739
7788
7731
8482
7745
7759
7771
7766
7735
7792
7806
7831
8515
8524
7816
7822
7828
7829
7114
7061
7119
7101
8121
7177
7175
8240
7180
7192
8603
7955
7956
7348
7371
7433
7453
7482
7573
7602
7715
7610
8604
7642
7673
7703
7711
7722
8645
7767
7774
7783
8657
7972
8055
8050
8037
7971
8018
8041
7864
9154
8602
8000
8484
7975
8003
8005
8748
8013
7998
7999
8887
8758
8043
8015
8059
8918
8020
9006
8763
8684
8795
8017
8941
8106
8989
8701
8034
8143
8007
8739
8739
8057
7872
8049
7891
8028
8356
8169
8169
7952
8389
8576
8753
9147
8722
9150
8735
8733
8740
9200
9151
8681
9047
8822
8707
8926
9169
9250
8716
9284
8709
9377
9269
8844
8828
8952
9164
9138
8750
8667
8682
9063
9067
8847
8783
8788
8677
8834
8695
8849
8831
9173
8961
8671
8703
9597
9062
9028
8787
8046
8696
8688
9157
8718
8738
8821
8626
8772
9284
8738
8014
8025
8059
8734
9685
8054
8375
8064
8065
8877
8066
8071
8073
8610
8615
8566
8745
8619
9193
8963
8986
9007
9050
8981
9268
8925
9273
9007
9524
9022
8904
9065
9095
9012
10264
8943
8968
8978
8986
8937
8998
9117
8942
8906
9038
9132
8992
9068
8944
9074
8940
9203
9276
9115
9056
9277
9119
9146
9068
9074
8983
9031
9054
9096
9000
9020
9041
9177
9275
9087
9135
9178
9135
9059
9017
9130
9037
9069
9184
9149
8921
9264
9126
9062
8959
9187
9268
9153
9080
9092
9003
9102
8970
9108
9181
9089
9228
9109
9183
9029
9234
9232
9247
9192
9159
9254
9061
9245
9197
9257
9272
9207
9078
9281
9091
9097
9221
9217
9281
9106
9221
9137
9224
9256
9260
8883
9162
9168
9171
9168
8890
9185
8909
9188
9171
9194
8881
9198
8915
8993
9035
8994
8613
8182
8127
8112
8953
8354
8155
8202
8216
8229
8613
8165
9591
8320
8173
8352
8286
8612
8211
8609
8456
8169
8267
8192
8609
8239
8277
8324
8362
8311
8284
8528
8318
8489
8368
8295
8214
8549
8249
8309
8310
8460
7596
8495
8163
8513
8314
8198
8561
8365
8282
9175
8253
8265
8264
8204
8527
8406
8344
8912
8269
8404
8509
8512
8531
8417
8536
8399
8409
8439
8467
9121
8621
8397
8625
8553
8515
8629
8524
8634
9230
8402
8634
8463
8545
8548
9231
8481
8613
8469
8585
8487
8652
8487
8501
8501
8643
8588
8607
8646
8609
8654
8006
8933
9063
8270
8338
8372
8377
9258
8492
8703
8546
8589
9035
9216
8599
8615
8632
8880
9248
9139
8865
9392
9325
9366
9360
9652
9320
9649
9342
9253
9365
8815
9347
9729
8830
9101
9377
9341
9423
9401
9872
9650
9076
9299
8843
8951
8858
8837
8808
9349
9780
9662
9585
9534
8841
8847
9334
8817
8833
8794
8804
8818
8760
9181
9482
8858
8749
8759
8774
8738
9837
8861
9187
8802
8776
9246
9429
9302
9485
9356
9476
9372
9356
9476
9370
9364
9786
9491
9803
9410
9703
9336
9685
9687
10230
9312
9330
9479
9358
9315
9318
9576
9327
9811
9339
10273
10245
9596
9397
9368
8961
9495
9557
9458
9361
8863
8859
9211
9614
9502
8824
9225
9375
9345
8843
8829
9672
9367
9601
9324
9298
8862
8866
8865
9063
9668
9522
9788
9540
9526
9573
9528
9559
9539
9696
9794
9519
9541
9544
9509
9780
9538
9563
9796
9587
9549
9806
9550
9559
9605
9537
9772
10206
9560
9581
9604
9590
9637
9783
10272
9584
9599
9568
9582
9583
9624
9609
9711
10213
9671
9683
9781
9737
9676
9741
9700
9652
9670
9641
9748
9670
9648
9706
9669
9734
9707
9678
9704
9679
9660
9734
9762
9766
9682
9718
9699
9731
9721
9692
9720
9735
9708
9716
9745
9733
9752
9759
9726
9796
9771
9764
9739
9798
9777
9790
9779
9758
9775
10246
9792
9768
9794
9774
9788
9800
9802
8961
9555
9135
8971
8947
9086
9574
9608
9105
9042
9074
9022
8992
9136
9141
9681
8939
9022
9164
9084
9636
9118
9167
8988
9073
9205
9113
9266
8999
9180
9100
9134
9209
9034
9262
9273
9107
9643
9075
9263
9213
9238
9111
9125
9223
9602
9239
9210
9165
9244
9225
9269
9686
9241
9250
9258
9258
9271
9252
9709
9781
9283
9663
8898
8916
8977
8991
9023
9053
9761
9765
9199
9201
9207
9303
9217
9228
9235
9754
9273
9835
9405
9454
9883
10002
9829
9444
9431
9743
9484
9878
9596
9446
9425
9505
9484
9979
9473
9940
9462
9498
9468
9866
9383
9428
9430
10704
10193
9493
9639
9876
9480
9408
9291
9499
9487
9523
9395
10040
9316
9429
9652
9734
9344
9605
9394
9713
10291
9358
9454
10291
9496
9612
9470
9687
9687
9896
10109
9862
9969
9850
9817
10087
9886
9870
10324
10242
9938
10109
10059
9861
9887
9946
9953
9996
10196
10291
10101
10126
10038
9824
10012
9502
9391
9477
9415
9822
10126
9865
9845
9819
9813
10141
10309
9619
9871
9824
9442
9619
10223
9853
9499
9999
10122
9620
9855
9841
10121
9635
9839
9825
9890
10080
10018
10073
10227
10720
10057
10266
10301
10082
10237
10111
10307
10300
10226
10280
10302
10115
10133
10309
10019
10120
10148
10100
10542
10255
10151
10032
10069
10164
10083
10124
10145
10257
10169
10178
10064
10254
10310
10270
10293
10128
10281
10250
10214
10184
10287
10008
10023
10185
10218
10127
10214
10149
10029
10036
10294
10207
10233
10157
9673
10176
10298
10220
10222
10305
10162
10052
10305
10247
10092
10239
10240
10186
10203
10239
10312
10100
10312
10046
10047
10063
10314
10079
10284
10292
10314
10117
10131
10076
10159
10076
10088
10137
10154
10262
10190
10269
10216
9561
10167
9610
9547
9564
10053
10213
9593
10171
9619
9701
10212
9622
9635
9589
9710
9668
9670
9646
9713
9630
9723
9634
10231
9682
10303
10259
9750
9755
9770
10208
9565
10217
9571
10201
9613
9605
9634
9713
9656
10144
10132
9689
9685
9693
9730
9744
9778
10279
9802
9966
9918
10575
9924
9908
9962
10369
9927
9978
10386
10338
10000
9933
10229
10344
10333
10426
9942
10365
10114
10389
10840
10122
9968
9987
9948
10383
9904
9852
10370
10141
9925
9930
9995
9924
10329
9864
9932
9966
9858
10232
10369
9961
10144
9935
9971
9879
10160
9958
9502
9971
9874
10326
9874
9888
9905
9913
9893
9949
10693
10607
10461
10471
10370
10359
10478
10712
10339
10473
10419
10353
10327
11125
10690
10387
10431
11205
10374
10546
10374
10379
10470
10380
10427
9977
9951
9993
10586
10332
9949
10373
9970
10347
9954
10129
10361
10363
10143
10328
9947
10358
9984
10554
10168
10373
10450
9973
9976
10323
10390
10321
10480
10482
10476
10584
10527
10468
10750
10489
10509
10630
10491
10487
10498
10524
10630
10568
10513
10580
10726
10627
10580
10566
10702
10524
10511
10587
10557
10505
10606
10590
10535
10516
10556
10548
10705
10642
10556
11181
10539
10514
10525
10539
10559
10723
10593
10698
10672
10581
10626
10688
10620
10681
10664
10934
10622
10655
10611
10589
10576
10749
10667
10700
10694
10751
10710
10716
10637
10650
10618
10722
10667
10731
10666
10743
10640
10676
10735
11067
10679
10652
10747
10656
10692
10665
10719
10745
10733
10977
10219
10258
10729
10734
10054
10061
10064
10042
10125
10570
10132
10500
10160
10081
10126
10135
10128
10132
10122
10613
10553
10687
10646
10662
10116
10698
10495
10276
10673
10256
10724
10239
10051
10643
10094
10474
10639
10738
10181
10189
10393
10234
10529
10279
10780
10460
10761
10407
10417
10775
10847
10789
10410
10757
10797
11194
10446
10426
10764
10935
10433
10435
10438
10984
10790
10406
10451
10341
10441
10411
10562
10418
10791
10396
10449
10786
10442
10402
10385
10367
10376
10765
10428
10785
11065
10784
10844
11147
10763
10894
11065
10774
10827
10818
11006
11064
10444
10408
10560
10403
10416
10983
10405
10775
10513
10904
10778
10627
10787
10451
11165
11161
10848
11024
11046
10952
11055
11055
10940
11173
11000
11164
10890
10903
10978
10995
10986
10961
11039
11025
11039
10905
10913
11182
10876
11004
10980
11183
11011
10929
10861
11063
11034
10855
11187
11058
10988
10901
11022
10991
11035
11084
11051
11076
11095
11079
11111
11187
11098
11107
11018
11113
10939
11006
10959
10970
11136
10968
11001
11012
11131
11146
11129
11138
11037
11127
10990
11157
11175
11044
11007
11270
11475
11100
10851
11109
11141
11057
11154
11171
11057
11049
11057
11178
11117
11181
10919
10924
11147
10834
11106
10859
11070
11032
11020
11140
10967
11150
10868
11111
11049
10996
10999
10871
10886
10891
11081
11114
10893
10490
10741
10621
10513
10533
10569
10517
10503
10579
10567
10622
10603
10592
10580
10910
10577
10631
10591
10593
11080
10623
10602
10610
11172
10634
10945
10670
11136
10678
11177
10899
10668
10685
10663
11086
10883
10870
10697
10737
10932
10732
10740
10463
11168
10537
10546
10653
10858
10949
11298
11260
10822
11168
11273
10804
10826
10850
10814
11451
11344
11212
11813
11411
11594
11025
10827
10879
10810
10803
10788
10823
11647
11648
11225
11281
11764
11392
11227
11719
11217
11608
11478
11813
11621
11203
10822
11214
10809
11322
11300
10816
11334
11230
10819
11204
11227
11629
11325
11293
11271
11427
11470
11275
11302
11584
11286
11857
11446
11380
11301
11358
11296
11309
11351
11338
11486
11385
11343
11311
11374
11407
11353
11316
11332
11382
11359
11407
11340
11390
11575
11430
11413
11318
11394
11405
11568
11472
11434
11489
11389
11321
11511
11584
11503
11356
11362
11377
11481
11384
11484
11493
11552
11595
11497
11547
11526
11378
11515
11559
11572
11530
11577
11591
11491
11620
11570
11626
11601
11527
11649
11572
11549
11554
11554
11590
11597
11632
11636
11187
11181
10895
11506
11402
11177
11128
10914
10974
10973
11437
11308
10977
11326
10918
11283
11365
10941
10984
10979
11015
10989
11171
10917
11042
11586
11047
10957
10908
10955
11469
11143
11437
11328
10920
10963
11541
11420
11149
11100
11107
11443
11398
11109
11096
11025
11127
11122
11133
11043
11145
11664
11387
11036
11164
11052
11120
11542
11587
11539
11134
11547
11095
11159
11129
11176
11530
11610
11684
11545
11323
10997
10943
10898
10925
11379
11730
11668
11726
11238
11248
11740
11350
12176
11232
11759
11983
11189
11192
11449
11684
11507
11472
11229
11212
11470
11485
11499
11727
11782
11717
11691
11671
11984
11691
11680
11226
11670
11673
12149
11247
11243
11508
11521
11251
11255
11250
11513
11551
11560
11561
11823
11909
11812
12055
11929
11775
11762
11834
11902
12068
11754
11742
11788
11763
11838
11771
11961
12059
11796
11913
12081
11779
11819
11865
11963
11910
11887
11828
12087
11918
11843
11936
11846
11943
12098
11891
11900
11947
11902
11950
11953
11877
11888
11745
11899
11931
11974
11786
11907
11880
11946
11975
11912
11805
11894
11952
11946
11995
12352
11939
12044
11963
12048
11997
12083
11930
12084
11978
12096
12006
11978
12102
11749
11993
12128
11962
12130
12025
12133
12037
12041
12056
11470
11664
12033
11348
11361
11317
11396
11789
11495
11543
11448
11567
11330
11534
11354
11401
11412
11547
11959
11426
11585
11383
11474
11571
11398
11431
11482
12089
11942
11914
11556
11422
12133
11440
12105
11454
11348
11476
11528
11399
11369
11532
11558
11403
11430
11987
11405
11491
11576
11435
11544
11568
11826
11442
11961
11512
11488
11580
11916
11594
11606
11501
11930
11634
11520
11522
12005
12004
11535
11541
11639
11570
11641
11637
11563
11572
11643
11574
11645
11652
12001
11529
11989
11656
11573
11658
11602
11662
11629
11617
11659
11632
11663
11753
11866
11417
11834
11398
11453
11463
11488
11472
11517
11608
11622
11623
11654
11650
11701
11732
11721
12155
11717
11718
12154
11723
12154
11688
11705
12178
12181
11728
11712
11710
12146
11723
11686
11847
11680
11692
11805
11727
12148
12153
12139
12151
12180
12158
12220
12252
12174
12320
12196
12533
11852
12491
12142
11861
11884
12137
11711
11861
12217
12212
12199
12315
12485
12229
12207
12205
12428
12242
12197
12238
12239
12263
12302
12309
12273
12281
12310
12259
12269
12314
12297
12301
12236
12397
12320
12312
12363
12340
12372
12348
12301
12377
12345
12454
12330
12315
12467
12450
12458
12406
12462
12367
12469
12324
12488
12463
12486
12289
12117
12452
11775
12241
11801
12018
12298
12458
11847
11793
11765
11791
11831
11884
11795
11884
12011
11902
12267
11922
11822
11834
11803
11860
11944
11850
11955
12336
11913
11928
11883
11965
11894
12017
12452
11814
12291
12031
11913
11879
11979
11968
11938
11905
12110
11988
11835
11929
12008
12045
12351
12035
11954
11957
11920
11893
11964
11966
11975
12382
12050
11980
12092
11923
11990
11949
12244
12061
12024
11967
12038
12113
12091
12013
11996
12123
12028
11982
12289
12043
12057
12063
12004
12125
12110
12067
12033
12127
12052
12027
12393
12040
12054
12064
12070
12408
12316
12421
12072
12082
12066
12419
12077
12094
12100
12111
12079
12108
12084
12102
12117
12121
12119
12119
12113
12123
12125
12126
12513
11781
12178
12164
11868
11915
11985
12477
12511
12173
12760
12549
12491
12493
12167
12171
12496
12499
12145
12147
12151
12154
12507
12736
12508
12505
12506
12524
12492
12496
12658
12542
12711
12672
12567
12655
12607
12571
12620
12631
12567
12639
12773
12681
12664
12593
12651
12697
12658
12664
12620
12613
12537
12613
12730
12728
12702
12753
12723
12745
12768
12677
12738
12735
12769
12755
12556
12766
12788
12789
12773
12784
12389
12780
12451
12428
12653
12487
12255
12218
12278
12412
12712
12202
12391
12273
12412
12751
12437
12399
12293
12222
12322
12676
12426
12690
12331
12250
12752
12340
12284
12446
12589
12253
12262
12760
12286
12295
12227
12329
12384
12234
12326
12231
12431
12451
12673
12445
12318
12287
12333
12337
12359
12358
12265
12405
12409
12368
12462
12353
12343
12414
12361
12471
12381
12412
12341
12355
12387
12458
12383
12381
12474
12373
12446
12761
12394
12759
12335
12456
12364
12552
12480
12778
12379
12466
12396
12415
12478
12581
12404
12489
12440
12424
12439
12637
12441
12477
12452
12490
12402
12472
12418
12451
12433
12438
12475
12483
12688
12252
12320
12782
12797
12741
12791
12553
12523
12523
12516
12555
12714
12725
12800
12833
12850
12907
12516
12541
12521
12816
12583
12555
12620
12861
12833
12896
12835
12810
12966
12863
12881
12920
12832
12933
12889
12965
12909
12905
12930
12879
12883
12957
12885
12967
12826
12918
12907
12909
12923
12923
12948
12666
12780
12596
12608
12732
12746
12613
12789
12629
12737
12735
12721
12784
12729
12605
12785
12844
12874
12735
12843
12754
12827
12782
12638
12624
12787
12767
12551
12770
12842
12786
12789
12645
12873
12787
12610
12873
12637
12606
12643
12698
12781
12768
12710
12626
12832
12645
12768
12605
12880
12763
12773
12856
12680
12706
12661
12700
12662
12719
12672
12921
12733
12696
12675
12740
12707
12617
12739
12691
12716
12646
12765
12722
12719
12760
12772
12582
12756
12775
12778
12828
12782
12787
12598
12931
12641
12715
12859
12898
12712
12752
12752
12533
12542
12560
12743
12750
12802
12804
12823
12976
12979
12986
12907
12980
12869
13012
13006
12820
12933
12876
12854
12867
12912
12972
12889
12969
12914
13003
12868
12929
12931
13012
12825
12940
12894
12937
13012
12912
12921
12973
12940
12909
12855
13001
12891
12835
12872
12935
12991
13002
12873
12925
12885
12910
12946
12884
12931
12885
12935
13000
12951
12917
12991
13005
12895
13014
12923
12955
12922
12970
12953
12964
12967
13014
12957
12973
12950
12964
12967
12969
12972
12962
12973
12823
12833
12847
12987
12978
12993
12987
12987
12992
12993
12986
12993
13000
13011
13005
13009
13010
13014
13011
13013
