58.253700 59.615036 63.244102 88.383118 90.655266 
81.666077 58.512955 72.154083 79.251205 69.955460 
58.900284 58.864483 60.664490 86.924149 96.635757 
85.647636 80.376137 70.125496 82.901268 60.316933 
58.253700 65.524391 58.218655 69.604942 74.059219 
87.283211 59.871788 61.557266 67.306908 87.243080 
81.666077 57.181870 61.443302 54.351330 61.415813 
85.647636 56.485397 64.058006 55.506931 89.357941 
82.075462 62.013451 55.995098 65.741684 76.708305 
85.955048 58.409138 56.721783 73.622559 63.635979 
82.108681 62.898804 65.494072 59.987988 92.924721 
58.900280 62.826149 68.039330 67.106651 90.542130 
80.376137 56.485397 67.311417 74.468857 69.298447 
87.283203 53.966103 63.584610 56.195282 82.368233 
67.311417 71.059540 94.271904 57.338272 67.692535 
85.955040 82.108681 91.236618 77.218796 64.900528 
58.512955 60.804028 65.605095 102.019524 67.601814 
59.871788 53.966103 81.711411 73.197586 62.525002 
72.154083 62.898800 60.804028 74.063797 72.044571 
57.181870 58.409138 53.828148 76.474113 64.022774 
79.251205 61.443298 65.494072 91.236618 84.663177 
70.125504 63.584610 71.059540 98.042091 61.005474 
64.058006 62.952843 75.190399 65.170547 75.926529 
60.316933 61.557266 62.952843 69.882317 84.748680 
59.615036 65.524391 81.573349 59.675255 69.659058 
67.306908 69.882317 53.117344 85.722519 79.058449 
58.864483 59.898617 69.749947 62.117065 93.849510 
55.506931 75.190407 54.175888 61.260880 84.633293 
56.721783 53.828144 70.205811 61.215065 66.270195 
54.351330 62.013451 91.880890 73.839607 69.064156 
56.195278 81.711411 78.464104 64.134628 57.408974 
59.987988 74.063797 68.754196 56.961502 75.320457 
63.244682 100.646118 54.091797 61.658119 56.549622 
63.244682 54.418331 73.447586 67.466293 65.556351 
90.381195 94.271896 61.005474 78.464096 52.546482 
69.955460 55.995094 65.605095 77.243690 54.156452 
82.263229 62.973495 81.543182 61.744904 80.645554 
63.244099 69.492241 55.048988 63.243927 68.668236 
65.170547 53.117340 81.616676 73.925926 74.530052 
87.243073 85.722519 88.455711 61.386627 64.371536 
75.926537 54.175888 81.616669 75.453018 55.601662 
58.218658 85.124062 73.517220 78.869347 55.587631 
71.449089 122.771858 69.833908 64.417709 81.955116 
73.197586 71.275475 77.366341 62.247650 70.260147 
74.468857 61.260876 86.874062 55.136719 63.640961 
70.705963 67.768806 67.751541 54.083298 79.563171 
65.741684 59.934906 83.266296 84.455673 66.949692 
92.452431 52.546482 59.096146 91.144249 61.807022 
60.076668 80.300407 72.190819 61.740326 61.242538 
72.044571 68.754196 71.745178 71.157700 69.501633 
69.604942 69.492241 68.866333 58.529617 64.904480 
83.390991 60.076668 54.286404 50.791733 60.291588 
77.218788 70.342186 72.912872 67.312943 70.384949 
73.622559 70.205811 66.162392 66.397820 53.460419 
57.338272 90.320908 52.935776 60.302437 86.910286 
62.826153 69.242836 73.130623 60.759861 75.252083 
90.320908 83.783447 74.448700 76.228180 80.521042 
67.601814 71.745178 62.480927 77.366562 88.421021 
69.242836 57.337784 75.087631 56.411270 69.709244 
56.961502 56.296471 86.155273 57.260941 85.130951 
57.337780 72.515656 78.250008 63.349854 59.413242 
64.900528 70.342186 56.296471 68.863419 88.806168 
69.298447 67.692528 52.935776 74.664101 55.677223 
63.635975 72.912872 66.162392 80.271835 58.367222 
82.368240 62.525002 64.134628 71.275467 58.209984 
54.418335 69.570084 68.101715 57.631393 51.920769 
61.733959 119.669266 171.652512 58.511578 101.149437 
54.354206 67.755859 59.931099 55.928848 62.892776 
60.664486 59.898617 59.423370 68.858330 70.107048 
61.733959 65.340675 75.684929 82.983345 115.959305 
80.300407 54.286400 60.943695 55.942680 67.834831 
54.354206 57.306519 56.644150 78.063873 64.796455 
68.039330 59.423370 54.458664 66.888565 77.969902 
63.637539 61.815437 68.047195 67.858673 64.090118 
76.419525 59.841114 57.217281 78.777420 56.553463 
74.059219 73.517220 68.866325 58.746937 58.220123 
81.573349 55.048988 61.154686 65.888687 69.715561 
55.136719 63.637535 62.356384 77.039780 66.608139 
61.815437 74.935806 57.920055 76.474709 60.867226 
61.215065 50.765572 71.915611 71.846390 58.498539 
74.935806 64.290146 64.974030 66.956520 73.615829 
67.106659 69.749947 62.224648 54.806419 68.206680 
59.675251 78.869339 65.548386 70.387077 61.800423 
59.096142 67.019997 76.826591 67.555222 69.791336 
76.708305 59.934906 66.958580 66.236946 62.200420 
70.705963 65.012764 70.963448 56.804043 64.996910 
57.408974 91.140350 67.019997 53.436096 64.642250 
62.973492 50.791733 76.726921 85.632957 65.731033 
92.645523 60.070450 70.631599 85.185303 69.018021 
67.768806 65.012764 66.767311 61.812710 69.932327 
54.156456 66.958580 64.482025 94.874664 76.541306 
61.415810 64.022781 73.839607 50.765572 71.467216 
80.510208 67.814980 65.488922 69.713181 61.729286 
71.449089 55.498104 66.428528 73.901497 66.911072 
70.963455 78.327110 76.082779 61.878407 77.044098 
66.270195 66.397820 73.624237 56.488564 52.045074 
69.064156 83.266296 56.225540 93.080193 85.157516 
75.320457 61.807022 83.783455 57.260941 76.826599 
67.751541 90.812805 78.859970 62.716148 70.026535 
59.176140 65.693771 75.975975 87.265457 86.864616 
54.091797 73.447578 60.572578 57.254036 54.530849 
87.146439 75.087631 72.515656 55.160156 77.492897 
67.755859 66.767311 90.812805 58.610992 76.085541 
86.012283 59.176140 79.698120 77.575882 56.637993 
81.543182 72.190819 55.487015 67.587517 65.431892 
61.744904 78.250008 55.160156 64.522324 73.422661 
84.455673 56.225540 79.698120 78.512177 69.419319 
84.914268 57.306519 57.425926 63.573166 59.489094 
78.327110 61.176468 63.611160 61.056747 75.756523 
69.570084 76.082779 61.176472 71.652870 72.873398 
61.658119 67.466293 68.101715 64.257790 70.666687 
79.058449 61.386627 55.923981 71.703964 59.713230 
59.931099 56.644150 72.370132 60.048065 77.608032 
77.366341 59.603577 76.061127 54.293491 75.352654 
60.943695 89.118858 75.187370 56.356815 59.766289 
62.356380 57.920055 77.422371 65.225975 73.620163 
59.603577 74.017746 94.013214 51.881630 65.061363 
55.942680 75.187370 63.237957 69.326462 81.620827 
73.925926 75.453018 55.631046 63.777210 56.261608 
55.498104 81.492432 89.867233 76.244873 80.677467 
60.302437 74.448685 68.792404 62.314899 76.417229 
69.833900 120.101685 63.809906 89.726242 141.865601 
63.640961 74.664101 77.039780 65.275787 70.029846 
68.047203 76.474709 64.290146 59.058647 55.649097 
76.061127 74.017754 80.918182 57.521927 71.010925 
55.928848 57.425926 62.595261 57.013283 61.687679 
61.740330 67.834831 61.093731 57.357304 72.133492 
63.243923 58.529625 71.914856 60.677296 69.136353 
85.613625 98.060867 58.544621 81.425186 54.528614 
65.340675 51.983250 60.866161 71.395470 89.854836 
69.659058 61.154686 65.548386 63.642464 59.980713 
51.983242 63.583221 63.089291 95.566727 65.199936 
71.157692 62.480927 66.610245 82.722816 52.599846 
73.130623 56.411270 62.224644 77.476585 59.078175 
69.501633 76.228180 66.610245 58.223309 67.937813 
67.858673 66.608139 83.908218 66.152641 70.634628 
80.510208 58.919960 65.388512 68.934052 65.845680 
66.949692 66.236946 60.529144 70.828506 64.146271 
54.083298 61.878407 64.007858 70.474289 81.062798 
68.109543 94.894859 73.894150 57.396370 71.553467 
60.070450 58.815121 70.871864 66.653824 59.522568 
67.814980 58.919960 70.405952 69.812683 66.693008 
81.492432 58.815121 75.038498 55.368484 57.395081 
68.863419 67.555214 79.092064 58.160828 61.605530 
70.631599 97.892578 82.613159 65.812370 56.791763 
65.693771 63.237961 60.455719 62.355156 55.806190 
63.583218 57.818993 88.058228 59.075867 84.024689 
57.818989 71.109390 68.292885 71.157639 57.634285 
59.841110 71.109383 64.731598 55.752769 72.085342 
57.217281 64.974030 53.132027 74.317169 73.334900 
57.631393 63.611160 71.652870 54.695114 62.950649 
64.417709 66.428528 89.867226 63.809902 97.364105 
78.063873 63.573174 68.109543 59.228905 77.742966 
71.915619 58.544624 94.894859 61.775436 71.583084 
71.846390 56.488564 73.894150 61.775436 88.061470 
68.668236 65.888687 71.914856 55.787754 54.123848 
74.530052 55.923981 75.888687 71.654411 57.589874 
56.549618 60.572578 64.257790 60.471153 70.697342 
60.291588 76.726913 69.326462 77.960709 61.637009 
62.247650 54.293495 51.477375 61.530052 57.897499 
58.511574 75.684929 135.609756 102.063164 153.981812 
70.260147 58.209984 51.477375 57.723831 57.478283 
64.904480 58.746941 61.332420 82.427628 57.300800 
62.892769 58.610992 62.595257 66.970863 79.850319 
64.371536 71.703964 69.079819 66.383713 61.859211 
77.366562 64.482025 64.929489 90.074722 72.353539 
78.777420 66.956520 64.731598 71.893600 90.834801 
69.791336 53.436096 54.972309 67.569916 67.880867 
55.587631 58.220119 75.888687 65.976868 58.409241 
60.759861 54.458664 64.582008 83.929596 59.572762 
75.975983 56.356819 83.678322 74.940430 86.614960 
111.253128 70.871857 75.038506 65.812370 89.129715 
69.709244 63.349854 77.476585 59.935032 104.348503 
85.185295 65.488922 65.388519 84.274017 86.345871 
80.052017 52.045071 64.923660 62.215096 67.196365 
98.561768 69.713181 56.791763 61.234978 61.575012 
53.460419 64.923660 65.201614 57.157188 56.429569 
87.265450 56.637997 60.529144 56.564217 72.327850 
55.677223 68.792404 79.078598 66.818893 65.521706 
58.367222 65.201614 62.884686 61.837875 81.524910 
59.413242 55.487015 59.935032 98.054985 64.995468 
65.556351 57.254036 61.348423 75.481453 68.992889 
78.512169 60.455715 73.138283 62.451241 65.095276 
77.645554 51.920769 77.387001 61.348423 59.129150 
67.312935 83.264503 62.884686 56.952934 54.207184 
61.242535 67.587517 61.093731 66.694687 72.676498 
70.384941 58.160824 56.952938 65.791466 68.238846 
56.804043 61.056747 79.280052 81.157654 69.785416 
86.330032 70.387077 55.631046 71.654411 65.576935 
60.867226 92.015709 95.923027 53.132027 66.524971 
75.352646 51.881634 69.079819 73.773193 63.282669 
59.766289 57.357304 83.678322 51.108223 57.264572 
55.601662 63.777210 60.689064 60.448204 71.506317 
58.498535 71.467216 93.080185 71.583092 83.425186 
101.149429 82.983353 60.866158 112.849403 102.063156 
54.806419 59.078171 78.626106 76.949577 55.453506 
89.542572 76.244881 55.368488 78.338387 63.619148 
81.955109 73.901497 89.726234 101.275055 64.559914 
64.796455 72.370132 63.323593 61.123707 77.296486 
64.642250 83.537796 54.972313 63.160400 57.710487 
65.061363 70.405952 73.773186 56.684761 83.383865 
62.117065 68.206680 59.689465 63.826195 65.342400 
62.314899 58.223309 74.686935 65.262901 67.438965 
59.489090 57.013283 65.327034 63.455986 71.429062 
64.090118 59.058643 83.908211 59.170433 72.858330 
80.645546 64.522324 65.084694 62.854271 64.190285 
69.419319 73.138283 80.910492 82.467300 76.634331 
62.200417 70.828506 74.644241 61.791546 67.043869 
75.252090 77.492897 64.582008 89.959221 96.678650 
57.396370 82.532753 61.241898 66.535492 65.127991 
71.395470 63.089291 97.457794 113.474800 69.878754 
70.666687 54.695114 54.793423 69.645584 85.025238 
81.620834 62.355156 77.960709 64.514091 64.169632 
59.075867 68.292877 55.752769 91.677246 57.430214 
56.553463 71.157646 74.317169 91.166420 56.793335 
64.996910 61.812706 79.280052 62.869926 54.991947 
69.932327 76.085541 62.869926 73.098541 78.722366 
79.563171 62.716148 64.007858 52.540020 66.604462 
61.729282 69.812683 61.234978 71.217178 57.160496 
70.026535 60.048061 84.876389 53.338779 68.484680 
68.858330 66.888565 67.165871 56.394722 60.491730 
57.521927 68.934052 77.311508 55.031876 69.158241 
69.715561 63.642460 74.828667 71.460976 66.226067 
59.713230 66.383713 51.779877 56.819355 54.666737 
61.800423 65.576935 55.266861 63.752102 79.134705 
65.431892 64.995468 66.694687 57.237587 68.421364 
65.225983 65.275787 74.079178 57.181511 57.573410 
60.677292 61.332420 69.219963 71.993408 64.183884 
75.756516 62.950653 81.157646 61.627766 67.208786 
88.061096 73.422661 65.084694 89.959221 69.890114 
64.929489 79.937012 79.021347 67.949440 65.451286 
64.146271 56.564217 74.644241 68.248581 86.974731 
69.018021 66.653831 102.730995 72.823395 87.550674 
59.228897 63.323586 54.278961 60.530594 96.678833 
52.599850 67.937805 74.686935 77.164391 67.696655 
54.528614 65.327026 55.464905 56.931412 81.653687 
65.731033 62.854275 74.673553 72.396263 63.904350 
89.889320 72.873398 61.627766 54.743919 83.959015 
59.522564 57.395081 89.129715 78.338379 72.823395 
73.615822 55.649101 71.893600 85.181267 60.029625 
73.620163 66.524963 74.079178 68.615295 58.451340 
77.044098 70.474289 54.743919 87.218536 66.888306 
76.541306 61.791550 64.770416 60.544456 76.417747 
71.553474 61.241898 54.278965 51.764839 63.654938 
66.911072 80.677475 97.364113 63.619148 64.559906 
84.024681 57.634285 91.677238 91.166412 62.598892 
71.010933 61.530052 77.311516 68.941177 54.326294 
55.806190 62.451241 64.514099 54.374756 73.545692 
61.605530 67.569923 65.791473 71.445404 81.451004 
59.980717 74.828667 55.266861 62.948753 77.657043 
70.107040 59.689465 67.165871 75.427544 67.578514 
54.530849 60.471153 73.180016 65.632294 65.285614 
66.152641 60.689064 55.271774 61.149261 88.981987 
61.859211 86.006409 51.779881 71.515053 56.138786 
61.687683 66.970863 63.455986 81.277725 54.365417 
77.608032 61.123707 53.338783 72.623604 60.492584 
57.589874 65.976875 64.370010 60.082146 68.103447 
66.818901 69.733002 55.086540 62.764423 80.329155 
58.409241 77.309631 53.500732 65.836800 64.188484 
72.133492 51.108223 74.933708 77.504745 53.775032 
66.693001 56.684761 71.217178 91.393669 70.931961 
89.854836 65.199936 100.522400 69.878754 62.598892 
57.723831 63.160400 57.502655 70.629486 73.270889 
74.940437 72.327850 89.729805 65.840965 62.108078 
69.136353 55.787750 69.219963 67.912369 78.942993 
69.785416 54.991947 87.218529 86.978470 64.053986 
57.897499 57.478287 57.502655 61.029018 66.528564 
65.845680 84.274017 55.031876 91.393661 69.130211 
57.157188 61.837875 54.044205 50.605484 79.489723 
70.029846 65.521706 69.733002 85.964264 57.098431 
86.345863 61.575012 57.160496 87.550667 101.492462 
72.085342 90.834808 57.430218 95.403511 75.569359 
54.207184 68.238846 84.699036 78.315216 69.469109 
97.471718 73.334908 56.793335 85.181267 75.569359 
61.637012 85.428848 74.673553 87.889862 64.053467 
73.730980 70.697350 54.793419 63.425896 63.133858 
59.129147 69.645584 67.208786 83.959015 53.512955 
62.215096 66.535492 69.682655 78.524918 68.145981 
67.196358 56.429565 54.044205 69.682655 65.415619 
70.634628 59.170433 55.271774 98.015923 62.535065 
77.969902 59.572762 76.949577 56.394722 80.161667 
67.880867 57.710484 76.322334 67.529419 61.296276 
56.261608 60.448208 72.054749 54.855701 81.778465 
78.983093 72.858322 60.029629 68.615303 67.898254 
54.123848 71.460976 67.912369 97.718521 52.419067 
71.506317 61.149261 72.054749 79.157837 75.795128 
63.282673 83.383865 71.515053 81.453262 60.776199 
57.264568 74.933708 67.646759 68.188591 80.463814 
72.353546 79.021347 64.770416 74.248199 63.144104 
57.181511 58.451336 67.898262 69.063179 75.598488 
72.676498 57.237587 77.504745 63.617943 68.091522 
66.226067 62.948757 62.341904 68.957245 53.922340 
55.453506 63.826195 82.574371 69.763428 60.878311 
81.838020 73.098534 54.051018 64.159035 78.636627 
80.910500 55.464905 78.811081 61.160805 56.229008 
52.540024 88.672852 54.051018 58.702690 54.562309 
65.095276 82.467300 54.374756 67.650818 84.891724 
79.850319 78.722366 81.277725 64.159042 69.604691 
76.417229 65.262901 55.086544 56.787727 61.561089 
57.300804 71.993416 53.500729 87.376839 60.247627 
68.992889 73.180016 70.718658 67.607079 62.518791 
64.190285 68.421364 69.890121 72.396263 63.617943 
66.604462 66.888306 64.053986 78.636635 58.702690 
65.342400 75.427536 69.763428 78.369675 57.576836 
64.169632 73.545685 87.889862 62.164013 55.375999 
74.697624 65.632294 63.425896 66.825424 63.736137 
60.491730 67.578506 81.861763 63.658302 72.852638 
56.819351 64.370010 63.456959 59.141228 54.959396 
69.158234 81.844254 70.931961 69.130211 55.135448 
54.666737 56.138786 63.456959 59.526066 84.488724 
68.941170 61.029022 58.295307 64.538162 63.401527 
57.573410 69.063171 70.828125 70.064247 77.205017 
71.429054 56.931412 78.811073 57.276772 58.654446 
60.530594 51.764843 69.473846 72.062576 58.558506 
67.949440 77.164383 54.643921 81.244797 74.418198 
68.484680 72.623604 82.443077 54.562309 69.604691 
68.248581 64.992134 81.334694 58.392860 66.674545 
67.043869 60.544456 64.992134 59.296291 58.123215 
65.127991 63.654938 69.473846 69.453842 78.511932 
81.524910 50.605484 84.699036 59.033615 79.344643 
54.326294 81.453270 55.135452 58.295311 52.959949 
63.904350 64.053474 68.091522 93.116180 66.822449 
67.438965 67.696648 56.787731 77.537537 61.543251 
54.855701 79.157829 54.901413 82.921921 93.703629 
71.445404 78.315216 85.246933 55.793709 64.702484 
77.296486 60.492584 96.311295 77.848816 52.206326 
76.634323 61.160809 65.339439 52.599445 79.282616 
88.981995 62.535069 75.598495 70.828125 67.139755 
53.775032 67.646759 89.258743 66.822449 63.781559 
78.975349 53.512955 70.718658 68.150894 64.979691 
54.365417 82.867691 77.848816 76.822258 61.351055 
60.082146 59.141228 51.253357 69.962242 59.687153 
94.835365 60.776199 64.538170 52.959949 62.357052 
65.840973 81.334694 71.785614 57.257080 69.890442 
63.752102 81.778473 54.516575 70.061523 60.839386 
57.098427 70.064247 79.310837 66.109451 59.443863 
62.108078 68.188591 71.785614 76.123093 81.238312 
64.183884 78.942993 87.376839 91.525482 52.699417 
68.103447 65.836800 51.253353 65.185425 60.774254 
65.451286 74.248199 54.643921 86.727119 83.592270 
65.285614 67.607086 66.825417 79.134567 57.106316 
60.659538 79.243752 64.071625 82.245407 73.408638 
75.795128 77.205017 67.139755 72.788414 67.713730 
72.062576 52.206326 76.822258 75.555344 91.990356 
62.764423 79.310844 76.409927 55.321983 63.294201 
54.959396 54.901409 69.962242 79.590652 77.607033 
80.463814 62.164017 63.781559 76.123093 71.849876 
69.469116 59.033615 85.246933 94.784286 56.234474 
81.451004 67.529419 55.793709 58.174774 87.261200 
64.188492 60.247627 65.185432 73.500397 88.287346 
63.133858 63.736141 68.150887 75.824516 79.026184 
77.657043 62.341904 54.516575 57.482239 60.412949 
67.650818 65.339439 85.275665 61.781143 77.278229 
61.561089 77.537537 76.409927 56.649437 62.830948 
70.629486 66.528564 71.829285 74.826721 70.181206 
68.145981 85.809212 63.982742 59.931931 61.805893 
76.417747 63.144104 59.296291 54.033592 71.199295 
79.489731 65.415619 63.982742 69.076141 76.762299 
52.419067 68.957245 97.085281 78.743614 76.882248 
80.161667 60.878311 63.658306 78.365417 64.617752 
81.653694 56.229004 57.276772 61.750153 72.000633 
87.496620 84.891724 55.375999 71.849876 64.309143 
73.270889 61.296280 76.259995 52.980629 73.047714 
82.797844 59.526070 79.590652 67.179840 67.655273 
90.566116 78.369682 72.852638 53.644989 108.057114 
84.488716 63.401527 62.357052 67.179840 57.693291 
52.599445 60.659534 85.275665 85.733871 59.661751 
82.921913 72.788422 75.094254 64.112892 80.686150 
58.654449 61.351059 75.555344 84.973915 67.585556 
58.558506 69.453850 91.990356 68.616882 86.443069 
58.392860 57.257080 62.524963 65.879517 97.425041 
81.244797 61.543251 64.680359 53.978233 68.034279 
62.518791 64.979691 79.134567 79.076637 67.599876 
66.674545 58.123211 77.350464 62.524963 64.255119 
59.687153 70.061523 93.832512 81.490677 62.327538 
77.607033 89.124550 75.094254 70.593445 61.829872 
88.459320 57.576836 78.365417 53.644989 64.108597 
69.890442 81.238312 65.879517 69.468094 85.854912 
79.344643 69.076141 87.150818 91.905670 72.311264 
56.649437 64.680359 52.612392 67.996498 96.522438 
53.922340 57.482239 78.743614 56.933983 77.724998 
52.699417 98.584984 76.882248 101.910660 56.192528 
55.321983 62.830948 67.234428 76.207779 67.163216 
86.727119 54.033596 69.884842 58.599358 59.896530 
59.931931 68.616890 76.088860 61.639252 57.360462 
74.418205 83.592270 53.978233 67.496658 76.915466 
66.109451 67.713730 87.210495 68.140038 61.553589 
86.167908 79.282623 61.750153 60.629318 90.721565 
97.599510 61.781143 64.309135 69.468094 70.954056 
88.330788 60.774254 73.500389 81.490685 80.595169 
76.267960 75.824516 60.393452 75.349609 55.324398 
67.655273 70.593445 89.681061 55.391441 106.130417 
88.287346 56.933983 56.192528 80.595169 94.751823 
77.278229 85.733864 85.854904 70.954056 75.311707 
74.826721 57.693295 89.681061 82.881340 55.064640 
79.243752 90.764984 60.629314 58.177647 81.463730 
101.040085 72.000633 67.585556 90.721558 59.086182 
70.181206 52.980629 68.931152 62.920002 56.812485 
57.106316 67.599884 60.393456 106.117767 61.126263 
59.443863 63.294201 68.140045 90.179626 55.017014 
64.071632 58.177643 62.971542 67.940262 66.797768 
71.199295 64.255127 69.884850 55.953632 69.456024 
61.805893 76.762299 76.088860 70.646049 76.031723 
56.234474 91.905670 97.932892 80.795212 53.114677 
64.702484 58.174774 92.431816 75.514877 72.339874 
58.599358 84.466408 64.133614 73.746620 73.187119 
82.245399 59.661751 59.051979 81.364975 75.857834 
73.408638 62.971542 59.051979 74.688370 72.654358 
73.047707 68.931145 54.053894 84.507362 70.645279 
60.839390 60.412952 62.327541 77.724991 90.963669 
64.112892 61.553581 90.179626 55.472664 84.713196 
80.686150 61.829872 55.472664 83.596664 63.453049 
72.311264 80.795212 79.484749 95.649536 66.186089 
108.628998 107.262199 64.617752 108.057106 64.108597 
83.495071 52.612392 67.234428 63.671963 57.790596 
81.435043 75.311707 55.953632 81.364983 94.516220 
59.896530 69.456024 64.133614 74.688377 75.507080 
86.443077 61.639248 104.827843 59.086182 50.432587 
55.391441 82.881348 88.612366 64.253876 72.557228 
67.496658 73.746620 62.267632 77.350464 79.617996 
76.207779 63.671963 60.189621 74.241058 74.587959 
53.114677 79.484741 78.072205 64.489838 67.271149 
73.187119 72.654358 75.507080 81.203682 61.466965 
79.026184 86.024620 75.349617 106.117760 76.298393 
62.919998 54.053894 90.211777 59.557758 72.168449 
67.940262 75.873245 81.203682 54.861790 82.761780 
82.618881 67.163208 55.017014 84.713203 59.977455 
78.240967 59.557755 83.399895 69.327934 53.811111 
83.596672 60.189625 59.977455 83.399887 52.687477 
81.463730 66.797768 70.646057 104.045502 75.573906 
77.581909 55.064644 56.812485 64.253876 72.168449 
68.034286 67.996498 76.915466 62.267632 67.111458 
97.023354 75.514877 70.645279 78.880310 72.255760 
97.963562 57.360466 76.031723 50.432587 75.573898 
118.232590 112.963287 55.324398 61.126270 76.298393 
57.790596 74.241058 83.507278 50.304356 77.226814 
66.186089 78.072212 54.861786 64.062874 78.595291 
72.339874 64.489838 78.880310 67.145691 68.084961 
88.974854 77.350456 67.111458 50.304356 69.097633 
63.453049 72.557228 100.949120 69.327934 52.687477 
93.028557 74.587959 53.811111 72.255760 86.670830 
67.271149 64.062881 67.145691 82.975395 68.553261 
79.617996 61.466969 82.761780 78.595291 82.975403 
77.226822 68.084961 69.097633 102.574760 68.553253 
