5 25 38 51 77 
7 17 19 21 36 
12 27 69 73 82 
8 13 22 23 24 
1 25 42 51 76 
14 18 24 26 40 
2 20 21 30 92 
4 13 23 28 45 
2 30 36 47 85 
16 20 29 54 64 
16 19 21 32 60 
3 56 73 82 170 
4 8 15 45 63 
6 18 22 31 65 
13 22 35 55 63 
10 11 21 53 62 
2 19 36 50 58 
6 14 31 44 65 
2 11 17 32 50 
7 10 29 80 92 
2 7 11 16 20 
4 14 15 31 35 
8 24 28 39 41 
4 6 23 26 39 
1 5 77 83 131 
6 24 39 40 112 
3 69 82 202 251 
8 23 41 45 78 
10 20 54 80 96 
7 9 47 92 97 
14 18 35 65 87 
11 19 50 60 98 
34 66 101 111 158 
33 66 101 111 182 
14 15 22 31 48 
2 9 17 85 91 
49 88 105 106 206 
1 51 77 128 156 
23 26 41 119 157 
6 26 44 112 165 
23 28 39 119 193 
5 25 76 83 169 
94 120 122 152 198 
18 65 114 160 162 
13 28 63 78 123 
86 90 99 139 218 
9 85 97 107 138 
31 35 84 87 98 
52 71 105 127 186 
19 32 58 133 135 
5 38 76 128 163 
37 49 71 88 159 
16 62 64 185 187 
10 29 64 96 177 
15 57 63 121 179 
12 59 134 170 209 
55 98 121 135 203 
17 50 133 166 231 
56 61 102 134 173 
32 62 84 98 144 
59 102 106 173 181 
16 53 60 144 187 
13 15 55 123 179 
10 53 54 177 180 
14 18 31 44 162 
34 110 111 151 184 
70 130 132 161 195 
72 103 113 126 164 
3 27 73 221 251 
67 130 161 195 211 
49 52 115 118 127 
68 108 113 153 199 
12 69 170 221 281 
78 79 124 136 205 
148 149 150 167 215 
5 42 51 163 169 
25 38 131 156 223 
45 74 116 123 136 
74 81 116 124 190 
29 92 154 155 194 
79 124 150 167 240 
12 27 134 196 202 
25 42 131 189 225 
48 87 98 144 168 
9 47 91 138 208 
46 90 95 188 216 
31 65 84 168 200 
37 52 159 206 237 
93 141 145 174 233 
46 86 103 216 217 
36 85 166 208 243 
7 20 30 80 194 
137 142 174 176 219 
43 120 152 198 245 
86 109 110 139 242 
29 54 80 155 175 
30 47 107 194 207 
32 48 57 60 84 
46 103 113 218 220 
104 146 171 178 183 
33 34 158 182 252 
56 59 61 106 209 
68 90 99 164 217 
47 100 107 138 178 
37 49 181 186 226 
37 61 102 206 230 
47 97 104 183 207 
68 72 126 153 204 
95 110 151 188 229 
66 95 109 151 238 
33 34 66 158 212 
26 40 157 165 224 
68 72 199 220 256 
44 117 125 160 191 
71 100 118 171 192 
78 79 123 227 241 
114 125 142 191 201 
71 115 146 159 213 
39 41 189 193 283 
94 143 152 197 245 
55 57 179 203 299 
43 94 152 198 245 
45 63 78 227 270 
74 79 81 205 240 
114 117 137 222 247 
68 108 164 204 255 
49 71 186 192 260 
38 51 156 228 265 
108 153 154 204 236 
70 132 195 211 262 
25 77 83 223 250 
130 147 211 246 262 
50 58 135 231 235 
56 59 82 173 196 
50 57 133 203 235 
74 78 205 253 280 
93 142 174 222 268 
47 85 178 208 232 
46 95 218 242 303 
153 154 155 210 244 
89 143 172 233 239 
93 137 201 219 261 
120 141 172 197 239 
62 84 168 187 249 
89 93 141 172 176 
100 118 183 213 248 
132 148 149 214 246 
147 149 214 215 246 
75 148 167 214 272 
75 81 190 215 274 
66 109 110 212 229 
43 94 120 122 245 
72 108 140 234 244 
80 129 140 155 194 
80 96 140 154 210 
38 77 128 265 285 
39 112 169 189 257 
33 101 111 252 276 
52 88 118 213 275 
44 114 162 247 267 
67 70 130 195 211 
44 65 160 263 267 
51 76 228 259 300 
68 103 126 255 298 
40 112 191 224 254 
58 91 231 243 289 
75 81 149 240 272 
84 87 200 249 282 
42 76 157 257 259 
56 73 209 221 281 
100 115 192 264 288 
89 141 143 145 239 
59 61 134 181 230 
89 93 137 268 271 
54 96 177 278 279 
89 93 145 219 271 
54 175 180 269 279 
100 104 138 232 264 
63 121 123 258 270 
64 177 185 269 320 
61 105 173 186 226 
34 101 184 252 301 
107 146 207 248 297 
34 66 110 182 277 
53 64 180 187 273 
49 105 127 226 291 
53 144 185 249 273 
86 109 216 229 266 
42 83 119 157 225 
79 81 116 150 241 
114 117 165 201 287 
115 127 171 260 288 
41 119 253 283 286 
80 92 97 154 207 
67 70 130 132 161 
82 134 202 281 293 
94 120 143 239 245 
43 94 122 152 245 
72 113 234 256 326 
87 162 168 263 282 
117 142 191 261 287 
27 82 251 293 304 
121 135 235 299 323 
108 126 236 255 313 
74 124 136 280 284 
37 106 230 237 302 
107 183 295 297 327 
85 138 232 243 318 
56 102 170 230 281 
140 175 244 278 319 
130 132 147 195 262 
111 151 276 277 330 
118 146 159 248 305 
147 148 149 246 272 
75 148 150 246 274 
86 90 188 217 266 
90 103 216 294 298 
46 99 139 296 303 
93 142 176 261 271 
99 113 218 256 316 
69 73 251 281 307 
125 137 247 268 309 
77 131 250 285 292 
112 165 254 308 310 
83 189 250 335 352 
105 181 186 291 302 
116 123 241 290 312 
128 163 265 300 338 
109 151 188 238 277 
102 106 206 209 302 
166 235 289 315 340 
138 178 208 317 334 
89 141 174 239 271 
153 199 244 314 326 
133 135 203 315 323 
129 204 295 313 361 
88 206 275 302 322 
95 110 229 242 277 
141 143 172 197 233 
81 124 167 274 284 
116 190 227 284 290 
95 139 238 266 303 
91 208 289 318 357 
140 210 234 314 319 
94 120 152 197 198 
147 148 214 215 262 
125 160 222 311 321 
146 183 213 297 305 
144 168 187 325 349 
131 223 225 292 352 
69 202 221 304 307 
101 158 301 306 341 
136 193 280 286 328 
165 191 224 287 310 
126 164 204 298 331 
113 199 220 316 326 
157 169 308 332 339 
179 270 299 345 354 
169 257 300 339 350 
127 192 288 291 329 
142 201 219 268 309 
130 132 147 211 246 
162 200 267 355 363 
171 178 232 334 337 
128 156 228 285 338 
188 216 242 294 303 
160 162 263 311 355 
137 174 222 261 309 
177 180 279 320 358 
123 179 258 312 336 
174 176 219 233 268 
149 167 214 215 274 
185 187 320 325 348 
75 150 215 240 272 
159 213 237 305 322 
111 158 212 306 351 
184 212 229 238 330 
175 210 279 319 356 
175 177 269 278 358 
136 205 253 284 328 
73 170 196 221 360 
168 200 263 349 363 
119 193 286 324 335 
124 205 240 241 290 
156 223 265 292 359 
193 253 283 324 343 
191 201 254 321 333 
192 260 329 337 347 
166 231 243 340 357 
227 241 284 312 328 
186 226 260 302 322 
223 250 352 359 381 
196 202 281 304 360 
216 217 296 298 303 
207 236 313 327 361 
218 220 294 303 316 
183 207 248 353 362 
164 217 255 294 316 
121 203 258 323 354 
163 228 259 338 350 
182 252 330 341 373 
206 226 230 237 291 
218 242 266 294 296 
202 251 293 365 377 
213 248 275 347 362 
158 252 276 341 351 
221 251 281 360 365 
224 257 310 332 346 
222 247 261 268 321 
224 254 308 364 366 
247 267 321 333 366 
227 290 328 336 343 
204 236 295 361 369 
234 244 319 344 370 
231 235 340 372 386 
220 256 294 296 298 
232 318 334 371 374 
208 243 317 357 374 
210 244 314 370 385 
180 269 273 348 379 
247 287 309 311 333 
237 275 291 302 329 
203 235 299 354 372 
283 286 346 368 376 
249 273 348 349 405 
199 256 314 331 344 
207 295 353 367 388 
253 280 290 312 343 
260 288 291 322 347 
276 277 301 351 373 
255 313 326 344 369 
257 308 339 346 375 
254 287 311 321 366 
264 317 337 371 378 
225 283 352 375 410 
270 312 345 387 400 
264 288 334 347 378 
228 265 300 350 382 
257 259 332 350 390 
231 289 315 384 386 
252 301 306 373 399 
367 396 401 407 408 
286 312 328 368 387 
314 326 331 369 370 
258 336 354 383 400 
308 324 332 364 376 
288 305 329 337 362 
273 320 325 379 404 
249 282 325 405 409 
259 300 339 390 393 
276 306 330 391 424 
250 292 335 381 410 
297 327 367 389 394 
299 323 345 380 383 
263 267 311 395 398 
278 319 358 385 403 
243 289 318 384 402 
269 279 356 379 403 
285 292 338 381 382 
281 293 307 377 414 
236 295 313 388 397 
248 297 305 347 389 
263 282 355 398 409 
308 310 346 366 392 
251 304 307 377 414 
310 311 333 364 395 
327 342 353 394 407 
324 343 376 411 412 
313 331 344 361 397 
314 319 344 385 418 
317 334 374 378 416 
315 323 380 386 432 
301 330 341 351 399 
317 318 357 371 402 
332 335 346 390 410 
346 364 368 392 412 
293 304 360 365 414 
334 337 371 389 394 
320 358 403 404 413 
354 372 415 432 436 
292 352 359 393 410 
338 350 359 381 393 
345 354 415 421 427 
340 357 402 406 417 
356 370 403 418 434 
315 340 372 420 432 
336 343 368 400 411 
295 327 361 396 397 
297 353 362 378 394 
332 339 350 375 393 
306 351 399 424 435 
364 376 395 419 431 
350 381 382 390 410 
353 367 378 389 416 
355 366 392 419 431 
342 367 388 401 430 
344 361 369 388 418 
355 363 409 425 431 
341 373 391 424 435 
336 345 387 411 427 
342 396 408 426 430 
357 374 384 416 417 
356 358 385 430 434 
348 379 405 413 422 
325 349 409 433 438 
384 386 417 420 423 
342 367 408 416 417 
342 401 407 417 423 
363 398 425 428 433 
335 352 375 381 390 
368 387 400 412 427 
368 376 411 429 440 
379 404 422 426 437 
293 307 360 365 377 
354 380 383 421 436 
374 394 402 407 417 
384 402 406 408 423 
370 385 388 397 434 
392 395 412 431 440 
386 406 432 439 443 
383 415 429 436 441 
404 413 437 438 442 
406 408 417 426 443 
351 373 391 399 435 
398 409 419 428 431 
401 408 423 437 443 
345 383 400 411 429 
421 425 429 440 441 
412 421 427 428 440 
396 401 403 413 434 
355 395 398 419 425 
372 380 386 420 439 
349 405 409 438 441 
356 385 403 418 430 
341 373 391 399 424 
415 421 432 439 444 
413 422 426 442 443 
405 422 433 442 444 
415 420 432 436 444 
412 419 425 428 429 
409 421 428 433 436 
422 437 438 443 444 
420 423 426 437 442 
436 438 439 441 442 
