-0.449849 -0.642165 -0.620693
-0.153030 -0.016445 -0.988085
0.338482 -0.380168 -0.860757
0.220102 0.123980 -0.967566
0.448803 -0.067680 -0.891064
-0.020089 0.204288 -0.978705
0.356084 -0.411077 -0.839178
-0.256749 0.221689 -0.940709
-0.211284 -0.398540 -0.892483
0.304003 -0.075889 -0.949644
0.052100 0.298985 -0.952835
0.479676 0.258958 -0.838362
-0.482397 -0.060191 -0.873882
0.152840 -0.210649 -0.965540
-0.234804 -0.277431 -0.931611
0.107140 0.289170 -0.951263
-0.454967 0.108504 -0.883873
0.340098 -0.112349 -0.933655
-0.110558 0.314743 -0.942716
-0.067655 -0.402967 -0.912711
0.114863 0.019676 -0.993186
0.046904 -0.222418 -0.973822
0.097435 0.331470 -0.938421
0.070745 0.201616 -0.976906
-0.425125 -0.176974 -0.887665
-0.004098 0.350887 -0.936409
-0.570236 -0.818117 -0.074260
-0.389008 0.312305 -0.866682
0.132435 -0.549638 -0.824839
0.302912 -0.689593 -0.657804
0.342281 -0.322022 -0.882692
0.033033 0.401432 -0.915293
-0.518541 -0.671362 -0.529517
0.508916 0.305471 -0.804793
0.126603 -0.439498 -0.889277
-0.513443 -0.023571 -0.857800
0.374197 -0.046239 -0.926196
-0.049527 0.767155 -0.639547
0.053437 0.373007 -0.926288
0.397401 0.430932 -0.810167
-0.303806 0.592143 -0.746371
0.032121 -0.851603 -0.523202
0.125059 -0.542241 -0.830864
0.573516 -0.062123 -0.816835
-0.420896 -0.050445 -0.905705
0.218104 -0.078815 -0.972738
-0.167320 -0.258072 -0.951527
-0.021203 -0.340053 -0.940167
-0.506125 0.091543 -0.857588
-0.280895 0.398207 -0.873229
0.623658 0.325619 -0.710650
0.415519 0.161646 -0.895106
0.441576 0.371745 -0.816588
0.644805 -0.105433 -0.757041
-0.556088 -0.318635 -0.767619
0.807949 -0.028680 -0.588554
-0.287779 -0.195459 -0.937539
-0.646597 0.170317 -0.743575
-0.681236 -0.016897 -0.731869
0.077974 0.430511 -0.899211
-0.685529 -0.055609 -0.725919
0.154597 0.417357 -0.895496
-0.717251 -0.233071 -0.656681
0.658229 0.128250 -0.741813
0.604914 -0.273287 -0.747926
0.328941 0.288703 -0.899138
-0.509572 -0.460785 -0.726646
-0.173672 -0.081145 -0.981455
0.407536 -0.910789 -0.066160
0.115944 0.551528 -0.826059
-0.070306 0.199846 -0.977302
0.277875 0.137959 -0.950659
0.947805 -0.080741 -0.308457
-0.012497 0.416332 -0.909127
-0.118952 -0.373862 -0.919825
0.815567 -0.155099 -0.557490
-0.662905 0.406070 -0.629018
-0.041588 -0.042229 -0.998242
-0.055955 -0.204121 -0.977345
-0.296607 -0.383470 -0.874629
0.042198 0.420179 -0.906460
-0.924442 0.380771 -0.020479
-0.585545 -0.642202 -0.494686
0.163280 -0.211518 -0.963639
-0.610539 -0.204202 -0.765208
-0.659516 -0.076371 -0.747801
0.488997 -0.235031 -0.840026
0.769122 0.035424 -0.638119
0.157162 -0.608568 -0.777783
-0.670247 -0.067575 -0.739055
-0.771357 0.037748 -0.635283
-0.316303 -0.874183 -0.368452
-0.114769 0.243267 -0.963146
-0.382893 -0.433839 -0.815584
0.690471 -0.083327 -0.718545
0.336670 -0.312120 -0.888389
0.430724 -0.185344 -0.883247
0.235685 0.023039 -0.971556
0.704854 -0.025084 -0.708909
-0.046872 -0.089623 -0.994872
0.466579 -0.879737 -0.091470
0.873526 -0.021222 -0.486315
-0.630143 0.125431 -0.766281
-0.277910 -0.022384 -0.960346
-0.859621 -0.053255 -0.508150
0.852792 -0.154792 -0.498783
0.393656 -0.076685 -0.916054
-0.242812 0.080218 -0.966751
-0.729794 0.034208 -0.682811
0.734534 -0.051030 -0.676650
-0.964976 0.086034 -0.247830
0.422011 0.753217 -0.504550
0.673389 0.055624 -0.737193
0.023412 -0.088908 -0.995765
-0.496828 0.168028 -0.851427
-0.040899 -0.695171 -0.717680
0.030067 0.307717 -0.951003
0.332923 0.009757 -0.942904
-0.378147 0.774353 -0.507329
-0.044186 0.485185 -0.873294
-0.846611 -0.130060 -0.516076
0.801951 0.545235 -0.244118
-0.641558 -0.560726 -0.523440
-0.105416 0.885298 -0.452918
0.025385 -0.475994 -0.879082
-0.819794 0.174904 -0.545295
-0.843704 0.108630 -0.525702
0.494136 0.714993 -0.494585
-0.594864 -0.117851 -0.795141
0.291649 -0.713767 -0.636771
-0.883637 -0.142503 -0.445959
-0.051381 -0.475127 -0.878416
-0.696924 0.389696 -0.602024
-0.995068 0.088846 -0.044125
-0.612759 0.098613 -0.784093
0.047001 0.668910 -0.741856
0.061520 -0.656738 -0.751605
-0.648000 -0.175106 -0.741238
0.901911 -0.103659 -0.419299
0.495976 0.039124 -0.867454
0.217554 -0.686573 -0.693749
-0.135882 0.612549 -0.778665
-0.008052 -0.682336 -0.730995
0.447751 0.240190 -0.861294
0.035644 0.819545 -0.571905
0.591762 -0.088933 -0.801192
0.037197 0.477217 -0.877998
-0.192383 -0.620165 -0.760516
-0.155095 0.648500 -0.745247
-0.076002 -0.892413 -0.444773
-0.966648 -0.082584 -0.242427
0.009554 0.990517 -0.137055
0.595575 0.011859 -0.803212
-0.338923 -0.052532 -0.939346
0.155645 -0.134112 -0.978667
-0.281394 0.902861 -0.325053
0.461905 0.529522 -0.711512
-0.564972 -0.811368 0.149963
0.856270 0.096638 -0.507409
0.582366 -0.503940 -0.637883
-0.519177 0.854345 0.023458
0.837508 -0.403452 -0.368521
0.888627 0.264488 -0.374684
-0.975106 0.042290 -0.217667
0.251859 0.716684 -0.650332
-0.894951 0.098715 -0.435108
0.031612 0.948614 -0.314852
0.764447 -0.152931 -0.626285
0.747092 -0.643837 -0.165314
0.991956 -0.070279 -0.105277
-0.834978 -0.100753 -0.540981
0.090668 0.945991 -0.311257
-0.982829 -0.129579 0.131365
0.119811 -0.979181 -0.163861
0.781469 -0.175045 -0.598887
-0.052232 0.991777 -0.116834
0.878395 0.088518 -0.469667
-0.787849 -0.093099 -0.608791
-0.917418 -0.300794 -0.260513
0.874887 0.167279 -0.454522
-0.990672 -0.113412 0.075538
0.930799 0.348170 -0.111312
0.814987 -0.137054 -0.563038
0.992222 0.103688 -0.068884
0.819321 0.226414 -0.526735
-0.993799 -0.053011 -0.097741
0.638226 0.476624 -0.604564
-0.997817 -0.065910 -0.004203
-0.516498 -0.105318 -0.849787
-0.145245 -0.939546 -0.310092
-0.051313 0.762729 -0.644679
-0.974603 0.133241 -0.179986
-0.216136 0.956802 -0.194463
-0.771279 -0.097442 -0.628995
-0.092313 -0.889606 -0.447303
-0.839185 0.318316 0.440956
0.062551 -0.992863 0.101544
0.213655 -0.968396 -0.128685
0.956284 0.014923 -0.292058
0.876264 -0.250064 -0.411860
0.162272 0.964683 -0.207495
-0.993291 -0.087043 -0.076137
-0.892951 0.051585 -0.447188
-0.908808 -0.205244 -0.363240
-0.287825 0.957683 -0.000528
0.927295 -0.184940 0.325454
0.903552 -0.203269 -0.377193
-0.919697 -0.141402 -0.366284
0.898422 -0.039565 0.437347
0.847585 -0.136511 -0.512800
0.042413 0.990307 0.132263
-0.997436 0.011309 0.070672
0.955208 -0.136853 -0.262390
-0.072704 0.995922 -0.053420
0.016752 -0.979732 0.199610
-0.957725 -0.153178 0.243515
-0.989810 -0.067520 0.125371
0.989877 -0.129395 0.058317
-0.067790 0.995388 0.067879
0.994062 -0.007020 -0.108587
0.892711 -0.407147 -0.193129
0.136646 -0.980614 -0.140445
-0.979858 0.138453 0.143908
0.217314 0.974379 0.057967
-0.819877 -0.443832 -0.361683
-0.871077 -0.129670 0.473719
-0.469348 -0.753177 0.460909
0.856998 0.514673 0.025806
-0.684490 -0.027615 0.728499
0.748789 -0.103890 0.654616
-0.980670 0.108972 -0.162515
-0.940168 -0.184969 -0.286129
0.074193 -0.792381 0.605498
0.982674 -0.109762 -0.149345
-0.884704 0.389121 -0.256680
-0.930170 -0.223556 -0.291215
0.845184 -0.201968 0.494846
0.768703 -0.141685 0.623715
0.105369 -0.851685 0.513351
0.054537 0.892475 0.447788
0.014050 -0.864222 0.502914
0.880911 -0.171482 0.441123
-0.985905 -0.015060 -0.166624
0.962498 -0.081944 -0.258615
-0.161949 -0.750069 0.641225
-0.147360 -0.860450 0.487762
0.035651 -0.931394 0.362263
0.978172 -0.181166 -0.101777
0.878780 0.186241 -0.439387
-0.958423 -0.237429 0.158279
-0.223357 -0.970758 -0.087976
0.158242 -0.985655 -0.058681
-0.004756 0.993679 -0.112160
0.047901 0.994363 -0.094594
-0.973562 -0.069233 0.217677
0.985454 0.005740 0.169843
0.976143 -0.064430 -0.207347
-0.946975 -0.281452 0.154994
0.958488 -0.167032 0.231087
-0.888647 -0.013155 0.458403
0.101244 0.778862 0.618970
-0.183148 -0.560795 0.807444
0.977014 -0.200259 -0.073082
-0.985239 -0.170995 0.008056
0.196886 0.979633 -0.039430
-0.534529 -0.160653 0.829741
0.819088 -0.507963 0.266588
0.208639 -0.831425 0.514977
0.973299 0.182696 -0.138967
-0.970723 -0.181064 0.157835
0.041539 0.321734 0.945918
-0.023941 0.710151 0.703643
0.922767 0.343352 -0.174957
0.045914 -0.522379 0.851477
0.900787 -0.132584 0.413527
-0.998414 -0.053585 0.017251
0.363027 0.527111 0.768352
0.974903 -0.146344 -0.167770
0.994998 0.012341 -0.099125
-0.285468 0.899261 0.331419
0.937154 0.321189 0.136310
0.995797 -0.017594 -0.089883
-0.793941 0.496526 0.350884
-0.080919 0.430151 0.899123
-0.516926 0.848862 0.110544
0.253838 0.759665 0.598728
0.242326 0.838568 0.487935
-0.883663 -0.069422 0.462948
-0.985691 0.092305 0.141044
-0.206010 -0.575876 0.791155
-0.580608 -0.183529 0.793229
-0.947143 0.093683 0.306830
-0.612646 0.746455 0.259751
-0.397347 -0.134592 0.907745
-0.966349 -0.256937 -0.012394
0.671822 -0.224942 0.705731
0.971290 -0.194254 0.137333
-0.609927 -0.057524 0.790367
-0.990218 0.002298 0.139513
0.967410 -0.016272 0.252693
0.905229 0.424589 0.016885
0.370127 -0.210435 0.904833
0.543101 -0.162715 0.823751
-0.620998 -0.781752 -0.056800
0.860199 -0.252701 0.442945
-0.398530 -0.901939 -0.166371
0.959352 -0.246187 -0.137970
0.567633 0.543862 0.618067
-0.007338 -0.344729 0.938674
-0.086466 0.735611 0.671863
0.745208 -0.426295 0.512774
-0.623975 -0.414887 0.662211
-0.902236 -0.360545 0.236594
0.948091 -0.197215 0.249460
-0.937808 0.239482 0.251327
0.451741 -0.149425 0.879547
-0.962911 -0.167256 0.211727
-0.962281 -0.058175 0.265764
0.973814 -0.182957 0.134956
0.986446 0.140672 0.084477
0.119308 -0.502254 0.856450
0.443688 -0.240058 0.863431
-0.975264 0.145203 0.166662
-0.563542 0.288202 0.774184
0.917482 0.349176 0.190533
0.769926 -0.098964 0.630413
0.660748 -0.485689 0.572292
-0.297342 0.262004 0.918119
-0.488516 -0.084185 0.868484
0.023137 0.689240 0.724163
-0.576577 -0.338404 0.743668
0.774249 -0.197106 0.601405
0.321532 0.162973 0.932768
-0.900621 -0.223222 0.372899
-0.891737 -0.439159 0.109294
-0.962908 -0.005382 0.269778
-0.739623 -0.307567 0.598632
0.711113 0.631072 0.309946
0.913318 -0.407000 -0.014185
-0.909597 0.105375 0.401906
0.313990 -0.948095 -0.050258
-0.743139 -0.151542 0.651751
-0.225965 0.397534 0.889329
0.716109 -0.294272 0.632923
-0.754591 -0.542722 0.368844
0.087521 0.225195 0.970375
-0.188786 -0.202686 0.960874
0.896923 0.210891 0.388657
0.948075 0.137056 0.287001
0.967383 0.012925 0.252989
-0.948257 0.264823 0.175147
-0.960884 -0.106792 0.255534
0.802326 -0.222391 0.553909
-0.832934 0.088990 0.546171
0.987987 -0.061089 0.141954
0.917965 -0.091794 0.385895
-0.855686 0.012700 0.517339
0.913811 0.051281 0.402888
-0.482256 0.729846 0.484514
0.025089 0.905024 0.424620
-0.867690 -0.276608 0.413040
0.579721 -0.285541 0.763145
0.901810 -0.341149 0.265247
0.017128 0.626521 0.779216
-0.273344 -0.959984 -0.060937
0.435557 0.280579 0.855316
0.799041 -0.133960 0.586164
-0.085732 0.517665 0.851277
-0.491174 -0.458779 0.740453
0.802956 -0.250269 0.540950
-0.771500 -0.167563 0.613767
-0.813487 0.183102 0.552008
0.496579 0.820130 0.284245
-0.803564 -0.082356 0.589493
-0.264517 -0.837746 0.477715
-0.075157 0.482353 0.872747
-0.992970 -0.085023 0.082345
-0.347573 -0.261430 0.900471
0.723305 0.137393 0.676722
-0.715670 0.174561 0.676273
-0.666932 -0.015087 0.744966
0.262155 0.527130 0.808337
-0.627300 -0.187012 0.755990
-0.532245 0.132384 0.836176
0.776394 -0.119186 0.618875
-0.711899 0.115839 0.692663
-0.558513 0.372350 0.741228
-0.725474 -0.262730 0.636129
0.365024 -0.255623 0.895217
0.723091 -0.115096 0.681096
-0.027025 -0.999572 -0.011159
-0.108222 0.601882 0.791218
-0.102194 0.258166 0.960680
0.291172 -0.206877 0.934035
0.625397 0.402262 0.668628
-0.655158 -0.126743 0.744784
-0.241121 -0.301274 0.922548
0.831494 -0.401609 0.383833
0.382403 -0.923902 0.013177
-0.779810 0.125061 0.613398
-0.594745 -0.190918 0.780915
-0.529223 0.010799 0.848414
0.676062 -0.035212 0.736003
0.670596 0.096176 0.735561
0.723908 0.185053 0.664615
-0.448251 -0.142266 0.882514
0.457945 0.062574 0.886775
-0.076470 -0.685655 0.723899
0.724588 -0.000092 0.689183
-0.624629 -0.190281 0.757385
-0.112114 0.587917 0.801114
-0.070482 0.528160 0.846215
0.317006 -0.056177 0.946758
0.130484 0.985574 0.107787
-0.664577 0.121706 0.737242
-0.210012 -0.093308 0.973236
-0.059253 0.105491 0.992653
0.342074 -0.216513 0.914389
-0.099873 0.561165 0.821656
-0.576490 -0.089605 0.812176
-0.308799 0.318581 0.896186
0.542593 0.022171 0.839703
-0.388921 -0.364715 0.846004
-0.553672 0.819262 0.149187
0.261145 -0.613657 0.745136
0.231087 -0.421695 0.876797
-0.297849 -0.283289 0.911610
0.061417 0.134805 0.988967
0.021586 -0.266234 0.963667
-0.070533 0.048102 0.996349
0.693968 0.201514 0.691231
-0.659710 0.140220 0.738323
0.611359 0.079465 0.787353
0.307620 -0.115686 0.944451
0.067228 -0.995587 0.065469
-0.321202 0.103455 0.941343
0.301200 -0.340276 0.890781
0.457505 0.139304 0.878227
-0.369742 0.108650 0.922760
-0.158519 0.089782 0.983265
0.055023 0.223870 0.973065
0.223903 -0.021894 0.974365
-0.193584 -0.273426 0.942212
-0.032367 0.133437 0.990529
