-0.004985 0.453001 -0.126471
-0.063092 -0.271864 -0.121709
-0.112210 -1.088330 -0.118619
-0.034385 0.133900 -0.117610
0.023427 0.416954 -0.104419
0.056639 0.168051 -0.109616
-0.000258 -0.310197 -0.107602
-0.080280 0.165579 -0.114534
-0.090346 -0.338790 -0.102438
0.097729 -0.282042 -0.108174
-0.014017 -0.196503 -0.107388
-0.105155 -1.036668 -0.106752
-0.104924 0.118973 -0.107258
0.039083 0.085999 -0.109803
-0.075543 0.062436 -0.106234
0.065872 -0.211616 -0.106247
-0.103643 -0.239454 -0.105882
0.079670 0.117494 -0.106555
-0.064383 -0.201686 -0.109285
0.052015 -0.312348 -0.107800
0.009252 -0.253567 -0.116357
-0.019105 0.070451 -0.112077
-0.043968 0.211898 -0.100910
-0.002873 0.169616 -0.102092
-0.027046 0.416664 -0.093000
0.033758 0.223367 -0.092449
-0.147391 -1.094941 -0.083216
-0.112377 0.200612 -0.089408
0.094850 -0.335569 -0.093121
-0.033546 -0.344776 -0.093121
0.064220 0.042811 -0.091048
-0.027031 -0.145440 -0.086887
0.094850 -1.101473 -0.093121
0.123382 -1.055437 -0.093121
-0.005500 0.017571 -0.093081
-0.119143 -0.296366 -0.098772
-0.078994 -0.793388 -0.084707
-0.003521 0.487375 -0.085397
-0.008282 0.251197 -0.086671
0.101152 0.215860 -0.077588
-0.087169 0.245437 -0.075495
0.025663 0.367766 -0.079161
0.752193 0.194698 -0.082266
0.133576 0.144048 -0.074260
-0.147058 0.160152 -0.078578
0.116791 -0.795682 -0.078855
-0.105335 -0.393813 -0.076155
0.009145 -0.025657 -0.071884
-0.124287 -0.738617 -0.078855
-0.091089 -0.144793 -0.080290
0.051735 0.459235 -0.078024
-0.077492 -0.710653 -0.077988
0.120201 -0.178776 -0.075876
0.150698 -0.310444 -0.076393
-0.106806 0.030222 -0.080370
-0.086470 -0.984438 -0.079268
-0.076365 -0.052502 -0.074517
-0.133291 -0.196517 -0.077668
-0.119238 -0.938344 -0.078961
0.023797 -0.125944 -0.074132
-0.122791 -0.881279 -0.078855
0.068943 -0.153672 -0.080207
-0.131398 0.076962 -0.078228
0.139532 -0.246692 -0.080507
0.110207 0.079873 -0.080141
0.109135 -1.009186 -0.078935
-0.747883 0.181624 -0.071656
0.092387 -0.648637 -0.071727
-0.097755 -1.106122 -0.064820
-0.700708 0.210835 -0.069000
-0.100203 -0.665225 -0.072015
0.126231 -0.608822 -0.066580
-0.079541 -1.056078 -0.057565
-0.233227 0.220141 -0.064817
-0.415282 0.189171 -0.064786
0.073134 0.401919 -0.059759
-0.047598 0.478405 -0.062958
-0.191776 0.188738 -0.068508
-0.284290 0.187344 -0.069719
0.063776 -0.367943 -0.064405
-0.347284 0.219035 -0.065753
-0.139064 -1.038625 -0.064688
-0.047638 0.374516 -0.062800
0.054184 -0.054564 -0.064942
-0.148082 -0.358941 -0.067140
0.079154 -0.838872 -0.065972
0.083854 -0.000190 -0.066862
-0.053309 -0.752884 -0.064589
0.465467 0.189562 -0.063894
0.070293 -0.774553 -0.064386
-0.159732 -0.296614 -0.063318
0.023716 -0.337035 -0.063048
0.387182 0.215801 -0.064696
0.694029 0.210711 -0.064589
0.129113 -0.877501 -0.064677
0.136047 -0.366002 -0.064237
-0.033880 -0.400194 -0.064425
-0.005047 -0.081731 -0.062010
0.145966 -0.737693 -0.064202
-0.091423 -0.532264 -0.066558
0.137696 -1.109476 -0.065049
-0.071953 -0.903607 -0.064470
0.072005 -0.708585 -0.064617
-0.108063 -0.478756 -0.065817
-0.139640 -0.803483 -0.064698
-0.067123 -0.848794 -0.064502
-0.049128 -0.453801 -0.064077
0.096216 -0.564586 -0.064002
0.079411 -0.925327 -0.066165
0.122760 -0.953158 -0.064030
0.080478 -1.058706 -0.064528
0.069965 0.261512 -0.057328
0.144141 -0.660036 -0.056378
0.185421 0.185324 -0.057383
-0.118314 -0.612490 -0.056430
-0.235873 0.160020 -0.057780
0.231110 0.214944 -0.058338
-0.068575 -0.621940 -0.058339
-0.040728 0.286008 -0.042206
0.647585 0.231214 -0.050992
-0.125856 -0.007342 -0.049044
0.794356 0.215795 -0.043622
-0.176888 0.120014 -0.046600
-0.292961 0.236602 -0.042801
0.258435 0.165978 -0.052643
0.070631 -0.607450 -0.050734
-0.146823 -0.695088 -0.048760
0.042192 0.502810 -0.050394
0.065364 -0.496092 -0.050323
-0.642333 0.202880 -0.050409
-0.069814 0.431255 -0.049888
-0.590463 0.202354 -0.050833
-0.143560 -0.153704 -0.050323
-0.131236 -0.981142 -0.050323
-0.113633 -0.096640 -0.050323
-0.175019 0.243030 -0.047378
0.336829 0.174418 -0.050274
-0.147654 -0.422644 -0.050322
0.146058 -0.825021 -0.050324
0.137474 -0.471759 -0.050478
0.522814 0.192831 -0.050323
0.323108 0.224439 -0.050323
0.579929 0.203517 -0.050080
0.093799 -0.100958 -0.049387
0.474858 0.245298 -0.049287
-0.046851 -0.567308 -0.050970
-0.533547 0.216223 -0.050119
-0.490064 0.186592 -0.050323
-0.447265 0.228626 -0.050323
-0.367344 0.170804 -0.050323
0.075697 -0.981142 -0.050323
0.736827 0.235885 -0.050323
0.139551 -0.539810 -0.051530
0.066317 -0.439028 -0.055423
0.109116 -0.410495 -0.060700
-0.017754 0.520532 -0.032318
0.028058 0.294740 -0.043362
0.087716 -1.105796 -0.039623
-0.043907 -0.683442 -0.041985
0.176336 0.134662 -0.041093
-0.760316 0.216728 -0.036057
0.146849 0.092846 -0.039431
0.087182 0.445502 -0.029605
0.059319 -0.661936 -0.033408
0.133384 0.239396 -0.042436
-0.170240 -0.243775 -0.035901
-0.390200 0.241864 -0.036057
0.109459 -0.030947 -0.035866
0.051961 0.360098 -0.032144
-0.066159 -1.009805 -0.036078
-0.137930 -0.567423 -0.036057
0.539634 0.246668 -0.037821
-0.135072 -0.909811 -0.036057
0.394439 0.172681 -0.036057
0.177286 -0.360732 -0.035020
0.422972 0.248820 -0.036057
0.181160 -0.296263 -0.038486
-0.149065 -0.481134 -0.037200
-0.147170 0.050092 -0.035546
0.171677 -0.243189 -0.037995
-0.142461 -0.850372 -0.036193
0.148641 -1.066739 -0.036057
-0.024762 -0.514793 -0.036218
0.135294 -1.009675 -0.036057
0.162077 -0.182237 -0.036057
-0.152326 -0.752884 -0.036057
0.137435 -0.134599 -0.037123
0.068406 -0.881279 -0.036057
-0.019280 0.331346 -0.039608
-0.320450 0.160057 -0.036381
0.197311 0.245565 -0.036309
-0.148048 -0.646289 -0.024205
-0.094715 0.271637 -0.028559
0.029199 -0.393645 -0.035126
-0.692151 0.189407 -0.020655
-0.122383 -1.023114 -0.016872
0.623940 0.196691 -0.021996
0.736852 0.188676 -0.021847
0.160404 -0.599995 -0.025484
0.124329 0.018078 -0.026507
0.262983 0.244465 -0.021647
-0.155130 -1.087277 -0.024052
-0.133181 -0.055316 -0.021274
0.057545 -0.567291 -0.021876
-0.247539 0.249424 -0.021791
-0.058399 -0.809948 -0.021791
-0.004751 -0.450279 -0.021860
-0.176984 -0.376630 -0.024835
-0.072509 -0.952610 -0.021791
0.171281 -0.439028 -0.021791
-0.615182 0.238412 -0.021931
0.072809 -1.023941 -0.021791
-0.031698 -0.612796 -0.023066
-0.490064 0.235134 -0.021791
-0.432999 0.170044 -0.021791
0.059881 -0.806651 -0.021923
0.051910 -0.744299 -0.021760
0.156623 -0.774960 -0.022465
0.366187 0.244416 -0.021806
0.163140 -0.690525 -0.020811
-0.073429 -1.081916 -0.008818
0.294374 0.148082 -0.021715
-0.072424 0.470189 -0.007914
0.090076 0.265593 -0.007280
-0.053380 0.360924 -0.005265
-0.141017 -0.795682 -0.007524
-0.204740 0.150816 -0.007524
0.066648 0.488778 -0.007524
0.085015 -0.944158 -0.007557
-0.076345 -0.865402 -0.007786
-0.175659 -0.200804 -0.007298
-0.169735 -0.446161 -0.007524
0.479577 0.187552 -0.006735
0.166291 -0.549883 -0.006823
-0.151430 -0.125172 -0.007524
0.037785 -0.508592 -0.007524
-0.052328 -0.752884 -0.007524
0.130440 -0.921478 -0.007857
0.551367 0.198020 -0.007524
-0.334868 0.233870 -0.007158
-0.275897 0.159374 -0.006400
0.141783 -0.867927 -0.007581
-0.186177 -0.324898 -0.007524
0.171614 -0.496092 -0.007524
0.679763 0.202029 -0.007524
-0.518596 0.184176 -0.007524
0.223245 0.153240 -0.007524
-0.021662 -0.556985 -0.007369
0.130229 -0.082373 -0.007524
-0.077603 0.406362 0.000130
-0.114953 -1.112619 -0.005113
0.137050 -1.112590 -0.010622
-0.145477 0.268785 -0.003368
0.138175 0.265716 0.006842
0.064917 -0.620227 0.006063
0.163839 -0.648965 0.007897
0.047912 0.313914 0.003252
-0.142623 0.026444 0.019196
0.076383 0.381793 0.007236
-0.145295 -0.684627 0.007975
0.308526 0.229882 0.005856
-0.573063 0.203238 0.000730
0.147223 0.063718 0.006783
-0.155066 -0.531561 0.006883
0.023306 0.528418 -0.002657
0.089085 -0.838481 0.006742
0.166180 0.117428 0.006595
0.336461 0.161064 0.005659
0.191037 -0.264486 0.006217
-0.158241 0.088821 0.006742
0.408705 0.224639 0.006742
-0.446805 0.230839 0.006202
0.169473 -0.153704 0.006742
-0.389795 0.190295 0.005849
-0.047096 -0.682502 0.009724
0.076238 -1.066739 0.006742
0.112864 -0.995409 0.006742
0.191775 -0.386920 0.006573
0.196356 -0.318176 0.007396
-0.198562 0.259922 0.004294
-0.065750 -1.034185 0.013168
0.134750 -0.007434 0.019292
-0.053796 0.276843 0.007057
-0.283318 0.216765 0.012359
-0.035879 0.516909 0.017252
-0.098774 0.249891 0.028039
0.204606 0.253147 0.019166
-0.138068 -0.617046 0.022126
-0.183166 -0.271029 0.020662
-0.233272 0.182740 0.021008
-0.125371 -0.752884 0.021008
-0.068277 0.446005 0.047052
-0.133354 -1.057012 0.020928
0.091349 -0.755258 0.022569
0.022898 -0.470185 0.021008
0.142040 -0.752884 0.021008
-0.012798 -0.512435 0.020402
0.079689 -0.695158 0.022103
-0.139975 -0.028409 0.020680
0.078518 0.431209 0.021008
0.151914 -1.067433 0.021008
-0.090955 -0.803602 0.016479
0.137648 -0.809948 0.012213
-0.156682 -1.102925 0.036660
-0.042495 -0.606184 0.035912
0.095249 -1.116784 0.031318
-0.075622 -1.102989 0.039614
0.051096 0.260015 0.027431
0.276984 0.181369 0.027056
0.100041 0.247059 0.039162
0.176801 0.160152 0.035274
-0.176065 0.160328 0.035285
0.044981 -0.538914 0.035269
0.166819 -0.520610 0.036002
-0.167039 -0.167970 0.035274
0.138076 -0.701505 0.035865
-0.174810 -0.417496 0.034996
-0.182450 -0.353431 0.035274
0.182024 -0.452869 0.036288
0.184487 -0.223806 0.035141
0.223245 0.188684 0.032632
-0.077114 -0.716168 0.033796
-0.143788 -0.080238 0.035218
-0.032901 0.249060 0.046447
0.146164 -0.106507 0.054989
0.151000 -0.609053 0.039133
0.002089 -0.424479 0.042317
-0.181823 0.222330 0.040684
-0.113310 -0.669173 0.043210
0.112568 -1.036409 0.040103
0.089000 -0.605473 0.048331
0.035936 0.301945 0.051266
0.183463 0.218350 0.049788
-0.155234 -0.489623 0.049441
-0.048513 0.339708 0.047597
-0.148834 0.108303 0.056401
-0.134003 -0.557001 0.053770
0.052612 0.488681 0.052672
0.061906 0.345612 0.049540
-0.170810 -0.218752 0.049027
0.151914 -1.114377 0.049540
0.007763 -0.346298 0.056673
-0.122994 0.204524 0.059555
0.139181 -0.567114 0.065657
-0.131300 0.045305 0.076918
0.016883 0.238281 0.061235
-0.090488 -0.613682 0.058852
0.169652 -0.180064 0.066021
0.133568 -0.055965 0.063692
0.070121 0.404490 0.063036
0.074415 -1.081006 0.063807
-0.061361 0.388215 0.062985
-0.020101 -0.474673 0.063467
-0.120851 -0.024714 0.068850
0.148672 0.103087 0.063807
0.185715 -0.374459 0.064021
-0.171480 -0.310960 0.063815
0.188323 -0.310632 0.063807
-0.033546 0.496760 0.063807
-0.104877 -1.066739 0.062966
0.038423 -0.493686 0.062961
-0.048965 -0.562771 0.063149
0.136052 0.034818 0.063102
0.083931 0.207447 0.072539
-0.114403 -1.118618 0.084983
0.144289 0.186310 0.070049
-0.012311 -0.393041 0.080351
-0.059922 0.185942 0.079111
0.080293 -0.553460 0.078073
0.159148 -0.481826 0.078073
-0.148828 -0.443192 0.079600
-0.133315 -0.121843 0.078108
0.137648 -1.071490 0.078073
-0.161124 -0.381960 0.077165
-0.004117 0.316812 0.088105
0.007478 0.185244 0.092992
-0.159925 -1.095272 0.092339
-0.114007 -0.496092 0.092339
0.166502 -0.265402 0.092915
-0.109311 -0.068826 0.092944
-0.045993 0.433248 0.091124
0.025649 0.477092 0.093404
-0.093714 0.017114 0.095884
-0.142068 -0.282522 0.093280
0.164469 -0.416616 0.091551
-0.133253 -0.169853 0.092175
-0.118689 0.144404 0.089797
0.038456 -0.440312 0.090984
-0.062078 -0.510359 0.088354
0.044976 0.360882 0.099736
0.097437 -1.119198 0.106771
0.059184 0.161209 0.107808
0.008464 0.430297 0.103942
-0.062884 -0.441711 0.106171
0.124084 0.149832 0.105350
0.037591 -0.382966 0.106605
0.091578 -0.496092 0.106605
0.133786 0.060288 0.106605
0.151914 -1.115573 0.106605
-0.129445 0.088821 0.106605
0.036984 -0.324898 0.106605
-0.133565 -0.346638 0.106617
0.156422 -0.347739 0.108759
0.139100 -0.182237 0.106605
0.113724 -0.088791 0.106524
-0.106499 -0.239019 0.108060
-0.043578 -0.351870 0.107837
-0.019280 -0.306478 0.106605
0.100869 0.002500 0.106793
-0.033546 0.359878 0.097721
-0.067617 0.139656 0.110675
-0.015695 0.134671 0.119585
0.109116 -0.239798 0.120871
-0.119143 -1.076070 0.120871
-0.076472 -0.038731 0.120871
-0.104822 -0.387137 0.116472
-0.090611 -0.296366 0.112048
0.123382 -0.453294 0.116215
0.067922 0.120073 0.141684
-0.084180 -0.181788 0.135251
-0.034317 0.003923 0.135137
0.098822 -0.168216 0.135456
-0.044499 -0.252028 0.133993
0.094075 -1.080729 0.139422
0.090316 0.046022 0.135137
0.026914 -0.267869 0.136416
-0.090611 0.070323 0.135137
0.036473 0.031756 0.135137
-0.033546 0.061632 0.134742
0.094850 -0.339164 0.131731
0.122002 0.102866 0.133838
-0.093923 -0.123162 0.122279
0.080578 -0.047646 0.128591
0.123676 -0.403768 0.124795
0.123757 -1.118622 0.154186
-0.038956 -0.067149 0.149521
0.051227 -0.224273 0.147234
0.067527 -0.120043 0.149445
-0.050962 -0.115995 0.150194
0.009252 0.088821 0.138577
0.023844 -0.015128 0.149055
0.038325 -0.168541 0.163789
-0.019280 -0.210769 0.157124
0.009257 -0.110907 0.161655
