0
10
21
25
43
50
53
62
87
88
89
92
93
97
102
103
108
110
113
114
160
181
235
245
267
270
279
284
316
328
330
331
334
352
354
386
458
460
464
465
489
493
499
507
524
528
530
540
541
547
554
569
570
574
579
580
582
588
589
594
596
598
614
709
723
743
778
783
784
797
815
830
838
841
851
852
854
874
904
911
913
925
926
929
936
937
939
950
951
974
979
981
984
991
992
994
998
1007
1027
1028
1034
1042
1047
1051
1053
1065
1077
1079
1084
1085
1261
1350
1354
1361
1374
1398
1410
1425
1443
1455
1466
1472
1473
1482
1508
1509
1534
1537
1550
1558
1566
1571
1576
1591
1594
1596
1598
1602
1603
1608
1610
1624
1633
1635
1636
1650
1668
1676
1706
1713
1718
1737
1788
1920
1968
2030
2057
2060
2068
2097
2127
2135
2167
2192
2207
2243
2251
2252
2268
2294
2296
2342
2356
2376
2379
2403
2405
2406
2410
2413
2418
2423
2429
2434
2435
2439
2458
2463
2477
2479
2579
2605
2634
2636
2683
2694
2718
2729
2731
2739
2741
2742
2745
2758
2778
2802
2804
2824
2838
2852
2867
2887
2899
2934
2941
2953
2964
2975
2977
2990
2996
3039
3113
3164
3189
3212
3228
3233
3234
3242
3243
3260
3267
3269
3270
3281
3282
3287
3288
3291
3296
3299
3315
3319
3341
3374
3376
3380
3427
3536
3545
3546
3581
3602
3616
3621
3636
3644
3647
3653
3660
3676
3703
3722
3725
3726
3730
3731
3764
3777
3800
3801
3802
3819
3826
3842
3854
3855
3862
4014
4057
4067
4076
4083
4097
4106
4116
4161
4164
4168
4178
4179
4180
4196
4221
4226
4231
4247
4249
4277
4284
4336
4371
4410
4415
4428
4429
4443
4461
4465
4524
4537
4552
4566
4581
4583
4593
4604
4609
4610
4648
4670
4694
4708
4709
4712
4717
4722
4736
4755
4769
4807
4815
4819
4820
4821
4833
4861
4870
4885
4911
4976
5000
5025
5037
5055
5059
5079
5098
5105
5108
5109
5127
5131
5135
5143
5153
5154
5155
5174
5185
5187
5201
5218
5219
5234
5251
5256
5287
5301
5320
5329
5367
5375
5432
5456
5480
5492
5504
5526
5533
5534
5545
5547
5564
5572
5603
5620
5624
5636
5642
5659
5671
5682
5690
5691
5695
5704
5712
5713
5716
5728
5731
5733
5736
5746
5750
5758
5759
5804
5873
5901
5941
5943
5946
6026
6037
6040
6107
6116
6117
6119
6120
6123
6126
6127
6139
6149
6152
6158
6189
6190
6209
6211
6276
6299
6303
6305
6314
6347
6348
6421
6441
6471
