-0.007102 0.211682 0.061033
-0.025699 0.212830 0.059678
-0.042738 0.216053 0.054399
-0.058485 0.221718 0.046603
-0.070074 0.231579 0.034562
-0.079127 0.242231 0.020696
-0.081170 0.252540 0.005680
-0.095835 0.248632 0.010766
-0.109384 0.247846 0.017820
-0.121473 0.243929 0.025739
-0.133468 0.237246 0.033263
-0.146863 0.227070 0.037721
-0.160223 0.216830 0.041734
-0.176684 0.207244 0.047758
-0.193394 0.194066 0.052713
0.177288 0.185884 0.050773
0.160700 0.200664 0.049369
0.147579 0.217063 0.046076
0.136276 0.229468 0.042213
0.124414 0.239560 0.034489
0.113277 0.246353 0.025381
0.102019 0.251419 0.015227
0.091200 0.254596 0.006515
0.078069 0.260443 0.002972
0.072836 0.249177 0.019018
0.063326 0.237067 0.036276
0.050534 0.226027 0.048118
0.033479 0.218225 0.056646
0.013534 0.213091 0.060618
-0.094415 0.197797 0.058777
-0.095054 0.223621 0.038421
0.083960 0.203276 0.058535
0.084595 0.238690 0.027447
-0.067795 0.205058 0.055826
-0.117168 0.213859 0.046287
-0.088076 0.233261 0.028727
-0.106616 0.236017 0.028856
-0.075428 0.220239 0.042500
0.109814 0.217489 0.047124
0.056801 0.210103 0.057629
0.090706 0.247575 0.017093
0.074224 0.241213 0.027919
0.098252 0.239539 0.027860
0.085812 0.220777 0.044288
0.089247 0.230757 0.035671
0.071187 0.226132 0.042369
0.101708 0.226511 0.039926
-0.019775 0.191057 0.073094
-0.058065 0.212416 0.052908
-0.042672 0.200349 0.063771
-0.046613 0.208291 0.058292
-0.130039 0.224187 0.040656
-0.137193 0.208583 0.047582
-0.113785 0.226211 0.038364
-0.090052 0.240855 0.019420
-0.084582 0.211707 0.048606
0.121477 0.226773 0.041722
0.125449 0.211411 0.052113
0.048165 0.216819 0.054803
0.062907 0.218236 0.050568
0.031190 0.202838 0.066050
0.043620 0.208776 0.060690
0.110968 0.235854 0.034005
-0.017602 0.202703 0.065813
-0.154801 0.203069 0.050367
-0.101732 0.214451 0.045961
-0.081463 0.202022 0.056595
-0.063410 0.177435 0.078094
-0.064589 0.191349 0.066448
0.145721 0.185370 0.057342
0.026897 0.210897 0.061641
-0.031067 0.204676 0.063336
0.006508 0.196294 0.071283
0.014399 0.204854 0.065869
-0.166324 0.188983 0.047494
-0.124735 0.179905 0.062773
-0.105227 0.205554 0.052208
-0.112128 0.192449 0.059164
-0.002592 0.203658 0.066210
-0.136345 0.193537 0.054706
-0.148655 0.180355 0.061420
-0.123959 0.200512 0.052884
-0.093464 0.179792 0.071179
-0.108982 0.178671 0.068431
0.105732 0.200664 0.058399
-0.043552 0.185272 0.073839
-0.057233 0.199017 0.061837
0.139750 0.201752 0.053115
0.121075 0.188468 0.063867
0.125009 0.200183 0.057611
-0.098832 0.189162 0.063800
-0.080818 0.188615 0.067769
-0.078442 0.177845 0.075831
0.112792 0.209560 0.052434
0.097927 0.208418 0.053814
0.095833 0.217051 0.047149
-0.056630 0.184660 0.072765
-0.033960 0.192865 0.070118
-0.029037 0.178526 0.080446
0.075003 0.211389 0.053325
0.054632 0.184557 0.076015
0.049589 0.196958 0.067483
0.067290 0.195229 0.066486
0.065272 0.203913 0.060157
0.085151 0.190187 0.068633
0.070756 0.180521 0.077446
0.092465 0.198026 0.061788
0.102160 0.187510 0.067351
0.057803 0.175464 0.082962
0.039101 0.175823 0.083601
0.013116 0.178623 0.082223
-0.008053 0.177042 0.083013
0.031543 0.188753 0.075094
0.044190 0.188782 0.074110
0.001547 0.185931 0.077629
-0.017699 0.182693 0.078663
0.021063 0.195050 0.071692
0.327178 0.191980 0.021509
0.329772 0.215323 0.019234
0.330577 0.235494 0.004095
0.328471 0.253667 -0.013800
0.324388 0.270039 -0.032019
0.315293 0.278575 -0.049689
0.313210 0.260789 -0.062629
0.326767 0.252994 -0.044891
0.331125 0.233666 -0.060281
0.124027 0.215185 -0.088953
0.110488 0.227762 -0.087839
0.095860 0.239081 -0.084786
0.080848 0.247762 -0.080893
0.065191 0.255552 -0.077410
0.048442 0.261918 -0.074919
0.064691 0.267714 -0.066130
0.076794 0.273832 -0.049879
0.081963 0.275152 -0.031671
0.081873 0.270050 -0.013142
0.121186 0.269930 -0.034006
0.099673 0.270878 -0.037643
0.088958 0.272664 -0.042056
0.087448 0.262978 -0.063657
0.078111 0.268410 -0.061180
0.266513 0.194502 0.030489
0.215519 0.255168 -0.028560
0.121535 0.265065 0.001799
0.142072 0.245481 -0.057666
0.101004 0.254279 -0.068505
0.078014 0.256991 -0.073836
0.231231 0.221794 0.029587
0.198402 0.210174 -0.065611
0.179451 0.250757 0.010748
0.106944 0.263921 -0.004175
0.098519 0.268189 -0.021350
0.116367 0.257802 0.013549
0.133823 0.257931 0.019771
0.129667 0.233725 -0.075400
0.093356 0.247524 -0.077867
0.198246 0.217304 0.041545
0.162443 0.239893 0.033647
0.100795 0.257055 0.005042
0.095732 0.262721 -0.006610
0.124384 0.249279 0.026895
0.145074 0.248300 0.032063
0.122177 0.226322 -0.083988
0.180930 0.202201 0.046005
0.206640 0.195031 0.044639
0.173572 0.222224 0.039765
0.150628 0.229907 0.040721
0.156147 0.262636 0.005601
0.161331 0.213846 0.045311
0.146270 0.257865 0.019440
0.162265 0.252286 0.020394
0.297492 0.197634 0.025501
0.286311 0.239313 0.013468
0.266366 0.244801 -0.034775
0.101863 0.264629 -0.053012
0.110441 0.269010 -0.039413
0.113595 0.268718 -0.016550
0.116323 0.260653 -0.054488
0.105607 0.268258 -0.023482
0.135751 0.260413 -0.043729
0.115963 0.246901 -0.071257
0.108681 0.238466 -0.081412
0.249268 0.191691 0.045869
0.260631 0.218642 0.024238
0.236007 0.204803 0.044703
0.246740 0.206982 0.033827
0.222184 0.212253 0.042715
0.195713 0.237590 0.021975
0.142718 0.218680 -0.077565
0.173918 0.211009 -0.067185
0.137794 0.268404 -0.000980
0.127096 0.269347 -0.014559
0.141782 0.267337 -0.024831
0.315637 0.201154 0.023284
0.306054 0.222432 0.020135
0.279444 0.191059 0.028217
0.309182 0.239196 0.000952
0.295846 0.250671 -0.017939
0.297851 0.232033 0.015826
0.283999 0.213525 0.024187
0.296260 0.242695 -0.004111
0.296058 0.255857 -0.034111
0.305051 0.215305 -0.063488
0.277413 0.209926 -0.066941
0.127339 0.254078 -0.058760
0.131287 0.244354 -0.065969
0.257802 0.245482 0.007008
0.278570 0.249711 0.002967
0.266550 0.236195 0.014346
0.248158 0.227771 0.019331
0.272197 0.247720 -0.020270
0.280966 0.246902 -0.011990
0.178835 0.237024 0.028417
0.189975 0.227756 0.034844
0.143300 0.232424 -0.067928
0.163584 0.236170 -0.050944
0.157748 0.221328 -0.066785
0.152662 0.237273 -0.057106
0.156992 0.254299 -0.036522
0.168719 0.223759 -0.059935
0.146276 0.260202 -0.035420
0.130228 0.263757 0.008466
0.313219 0.259581 -0.016774
0.300750 0.273444 -0.028474
0.307791 0.266570 -0.038031
0.276495 0.224446 0.018966
0.304583 0.238376 -0.042639
0.322218 0.219263 -0.068261
0.307307 0.241107 -0.064749
0.277182 0.261594 -0.033810
0.241898 0.259203 -0.014942
0.218845 0.232126 -0.049951
0.188544 0.236103 -0.046531
0.302753 0.253274 -0.048155
0.282514 0.242773 -0.046913
0.252521 0.239937 -0.043048
0.244249 0.222309 -0.060585
0.265523 0.255818 -0.047882
0.281169 0.237535 -0.048830
0.241643 0.259795 -0.037997
0.292642 0.251270 -0.050181
0.286128 0.260944 -0.023356
0.254583 0.247049 -0.020889
0.254903 0.257962 -0.004813
0.227213 0.242098 0.007598
0.237148 0.235548 0.013077
0.267697 0.254969 -0.004433
0.239462 0.254169 -0.000497
0.219880 0.256099 -0.007564
0.214031 0.219456 -0.061291
0.197981 0.225955 -0.056466
0.229034 0.226544 -0.057886
0.182871 0.224924 -0.056482
0.257391 0.211750 -0.066402
0.262796 0.228399 -0.055977
0.291027 0.225278 -0.057266
0.232725 0.240895 -0.038757
0.217494 0.241286 -0.037253
0.198764 0.245343 -0.031513
0.227429 0.254298 -0.036518
0.177806 0.248326 -0.029741
0.189096 0.241983 -0.034415
0.210665 0.243765 0.008362
0.196742 0.254561 -0.009126
0.187226 0.250424 -0.019786
0.173925 0.256850 -0.009248
0.203245 0.252927 -0.021391
0.197585 0.245873 0.007357
0.228257 0.259529 -0.022536
0.184411 0.252638 -0.003963
0.166994 0.255599 -0.023598
0.168284 0.257184 0.004832
0.212347 0.231428 0.024764
0.214411 0.221815 0.037791
0.166552 0.246077 -0.038910
0.154419 0.264852 -0.014969
-0.126596 0.220032 -0.086422
-0.114008 0.231707 -0.083895
-0.100991 0.241159 -0.080211
-0.086974 0.247920 -0.077719
-0.071209 0.253623 -0.075207
-0.053725 0.259478 -0.075011
-0.036194 0.258847 -0.078635
-0.018694 0.258209 -0.079529
-0.000844 0.259776 -0.079141
0.014821 0.258485 -0.079761
0.032228 0.257765 -0.079341
-0.008691 0.236895 -0.088926
-0.009143 0.249527 -0.083716
0.019210 0.239102 -0.087823
-0.031182 0.243040 -0.086462
0.005119 0.244096 -0.086124
0.021674 0.249857 -0.083349
0.043428 0.245519 -0.085715
-0.026541 0.224463 -0.093376
-0.051672 0.247179 -0.083572
-0.040272 0.250994 -0.083164
-0.044288 0.233648 -0.090482
-0.043733 0.217710 -0.096249
-0.066629 0.238099 -0.088221
-0.064605 0.246461 -0.082705
0.052182 0.254307 -0.080203
0.061575 0.240354 -0.088188
-0.021998 0.234371 -0.089854
-0.056272 0.227339 -0.093694
-0.083421 0.235488 -0.087807
0.093779 0.225349 -0.093806
0.074064 0.229107 -0.093807
-0.108948 0.216005 -0.094693
-0.095694 0.226621 -0.091688
-0.077038 0.219998 -0.097172
-0.070126 0.228735 -0.093541
0.111832 0.216504 -0.093574
0.041711 0.215498 -0.097068
0.058876 0.219898 -0.096909
0.048627 0.229346 -0.092874
0.027485 0.225494 -0.093252
0.032319 0.236541 -0.089206
0.006447 0.225159 -0.092903
0.082942 0.238217 -0.087360
-0.009085 0.224587 -0.093119
-0.332717 0.196754 0.018128
-0.337012 0.219960 0.011050
-0.342076 0.238176 -0.007501
-0.346371 0.250952 -0.028603
-0.346991 0.257591 -0.050007
-0.344903 0.241723 -0.064747
-0.343193 0.219829 -0.064036
-0.068500 0.265328 -0.063217
-0.080178 0.268911 -0.047898
-0.084023 0.268871 -0.026678
-0.084501 0.262253 -0.009341
-0.127762 0.266483 -0.031701
-0.105184 0.267707 -0.035420
-0.092794 0.267862 -0.037706
-0.090968 0.260681 -0.059994
-0.224306 0.248710 -0.042398
-0.127588 0.263935 0.003017
-0.124926 0.253100 -0.059333
-0.083623 0.255312 -0.069922
-0.106484 0.255495 -0.064643
-0.200902 0.241766 0.009132
-0.120631 0.254752 0.014438
-0.109036 0.260831 -0.001781
-0.141447 0.255355 0.017731
-0.100091 0.263669 -0.018823
-0.116649 0.243720 -0.073253
-0.134565 0.236219 -0.070665
-0.098701 0.248690 -0.073457
-0.175847 0.221547 -0.076008
-0.211493 0.197045 0.034765
-0.183812 0.226029 0.028873
-0.105443 0.253448 0.008172
-0.132856 0.247907 0.026651
-0.153467 0.244536 0.027159
-0.096861 0.257141 -0.003415
-0.125907 0.230688 -0.079673
-0.144018 0.220701 -0.077903
-0.200084 0.187424 0.043059
-0.194983 0.208622 0.033812
-0.175336 0.219295 0.039830
-0.172872 0.253799 -0.023208
-0.155110 0.233858 -0.061027
-0.163598 0.256920 0.003540
-0.145561 0.231192 -0.068601
-0.158615 0.219883 -0.072085
-0.154494 0.253355 0.016738
-0.301776 0.205563 0.020581
-0.283303 0.250912 -0.046480
-0.119160 0.261369 -0.049221
-0.114731 0.266266 -0.039738
-0.117648 0.266301 -0.017903
-0.129957 0.266728 -0.014135
-0.151108 0.262213 -0.024880
-0.146426 0.264517 -0.005090
-0.139964 0.266437 -0.023603
-0.134772 0.260259 -0.041800
-0.118083 0.265710 -0.003447
-0.156691 0.261891 -0.010497
-0.139018 0.262301 0.007303
-0.141190 0.247492 -0.055106
-0.149205 0.255123 -0.041559
-0.161704 0.254318 -0.032444
-0.160980 0.243515 -0.047795
-0.173196 0.231423 -0.059023
-0.208799 0.224416 -0.064668
-0.179540 0.243155 -0.043027
-0.189516 0.224097 -0.066208
-0.195871 0.236180 -0.052418
-0.202219 0.218534 -0.074488
-0.183090 0.234368 -0.053916
-0.213731 0.237005 -0.052597
-0.198474 0.248485 -0.027952
-0.254058 0.230278 -0.067575
-0.191621 0.245318 -0.040385
-0.208983 0.246868 -0.041086
-0.237010 0.236401 -0.055237
-0.230791 0.221205 -0.068918
-0.260756 0.238755 -0.047448
-0.223876 0.230248 -0.060270
-0.244230 0.250108 -0.045086
-0.244815 0.218715 -0.076571
-0.226527 0.214432 -0.087006
-0.234335 0.242847 -0.008833
-0.218147 0.219601 -0.075942
-0.234231 0.246112 -0.027860
-0.214832 0.247365 -0.023141
-0.261169 0.246977 -0.028963
-0.203210 0.247320 -0.009174
-0.245542 0.244159 -0.021192
-0.266282 0.228020 0.009651
-0.260914 0.239408 -0.007931
-0.260553 0.252550 -0.042571
-0.216473 0.243353 -0.004090
-0.181000 0.248566 0.006727
-0.167127 0.247931 0.016223
-0.174909 0.237451 0.022709
-0.222960 0.228807 0.019178
-0.188172 0.252125 -0.012024
-0.187295 0.241688 0.013776
-0.161799 0.229994 0.033186
-0.214549 0.236208 0.011843
-0.205908 0.223356 0.023910
-0.213898 0.213848 0.027636
-0.239754 0.213297 0.026976
-0.176234 0.253165 -0.003739
-0.184447 0.250592 -0.027595
-0.265281 0.206121 0.024216
-0.303024 0.214178 -0.068438
-0.320993 0.208848 0.018312
-0.313550 0.228080 0.007466
-0.314749 0.250745 -0.051791
-0.103512 0.261455 -0.053489
-0.195681 0.232039 0.020216
-0.228131 0.198211 0.031738
-0.242861 0.230550 0.009493
-0.230890 0.235767 0.005362
-0.245584 0.239564 -0.003614
-0.250813 0.223438 0.016427
-0.282340 0.202766 0.022775
-0.247479 0.199608 0.029641
-0.286123 0.230670 -0.056562
-0.330535 0.229485 0.003918
-0.298042 0.240261 -0.015751
-0.334008 0.251517 -0.056856
-0.321566 0.254702 -0.032387
-0.319791 0.229715 -0.055248
-0.277754 0.237972 -0.047461
-0.298982 0.239664 -0.046476
-0.278219 0.237696 -0.005594
-0.282422 0.244624 -0.025399
-0.292899 0.231093 0.004134
-0.280739 0.218727 0.015881
-0.276366 0.252588 -0.033644
-0.301442 0.249995 -0.028884
-0.322547 0.240065 -0.015585
-0.301824 0.225136 -0.060011
-0.322616 0.218857 -0.064078
-0.297531 0.218330 0.015252
-0.269622 0.222460 -0.079621
-0.281585 0.211104 -0.071367
-0.271259 0.231096 -0.066756
-0.299186 0.257066 -0.041362