155 92 93
36 37 95
68 401 67
110 95 38
226 224 229
136 40 41
110 226 95
80 81 175
177 80 175
314 97 233
329 333 284
10 11 145
181 43 44
30 31 329
329 338 30
115 143 144
331 336 228
116 146 9
97 225 224
293 105 292
168 190 169
172 301 148
182 47 48
257 133 259
161 182 183
245 142 114
118 140 4
260 517 395
130 106 131
29 30 338
40 135 39
39 110 38
75 356 74
136 109 135
576 624 368
6 146 116
234 235 111
235 234 136
513 620 585
44 45 179
413 415 28
169 99 277
299 166 185
514 418 420
396 25 26
4 140 3
116 117 100
811 799 796
209 275 274
201 112 200
305 176 249
128 132 159
358 447 448
224 110 109
228 34 227
20 209 213
209 20 272
244 298 361
131 129 130
15 16 164
198 196 191
283 222 325
206 208 165
224 109 97
539 560 540
129 293 132
143 11 12
13 167 144
94 178 93
147 118 100
267 183 268
118 5 116
188 15 164
143 145 11
5 118 4
117 145 100
9 117 116
9 10 117
128 130 132
132 124 153
126 128 87
7 8 146
118 116 100
140 118 114
116 5 6
180 160 179
37 38 95
92 155 156
318 396 397
91 92 131
318 397 460
106 127 131
55 56 150
12 144 143
56 57 149
245 244 141
130 128 106
56 149 150
479 328 476
103 121 58
171 114 169
230 121 103
774 790 775
354 444 353
301 172 173
125 797 792
237 238 150
52 53 172
159 85 86
74 353 73
149 121 120
3 142 2
328 222 283
65 320 64
98 655 659
57 58 121
230 103 60
232 120 121
59 103 58
126 127 106
62 325 231
164 193 192
276 99 191
72 73 444
70 403 69
236 150 120
61 230 60
465 466 399
399 321 398
136 233 109
468 400 467
263 111 264
131 127 91
283 326 327
144 167 196
184 193 194
39 135 110
158 794 125
84 85 153
446 72 444
128 86 87
797 794 795
90 126 88
129 132 130
1 2 166
366 119 246
94 195 187
91 127 90
89 90 88
226 36 95
90 127 126
126 87 88
136 135 40
180 252 160
129 131 156
486 520 514
110 135 109
138 164 192
310 311 309
453 394 310
128 126 106
109 233 97
248 83 154
76 289 288
161 183 266
174 52 172
77 78 289
44 179 181
153 154 84
154 83 84
59 60 103
427 488 429
591 587 590
248 249 176
177 79 80
147 114 118
166 195 1
163 42 43
304 789 371
75 76 288
140 142 3
41 42 235
259 261 257
51 52 174
155 158 125
182 256 255
114 142 140
142 141 185
144 12 13
145 143 115
167 13 14
197 196 167
145 115 168
145 117 10
7 146 6
9 146 8
100 145 168
169 147 168
173 172 53
172 303 174
121 149 57
150 149 120
120 286 236
237 122 238
81 176 175
177 175 307
809 454 808
220 467 502
153 85 159
124 291 153
291 292 242
175 176 151
93 178 158
156 155 125
156 125 792
92 156 131
187 157 178
829 830 826
93 158 155
837 794 157
128 159 86
153 159 132
180 45 46
160 257 181
183 48 49
160 252 133
268 269 270
162 317 371
181 163 43
235 163 137
193 16 17
167 14 188
357 22 23
112 201 203
185 166 2
186 195 139
14 15 188
189 196 197
190 168 115
100 168 147
99 276 277
114 147 169
189 215 191
298 113 361
171 277 297
171 297 245
173 53 54
148 303 172
238 239 150
300 246 119
300 247 303
268 162 267
176 81 82
151 307 175
82 248 176
153 291 154
306 251 307
79 311 78
187 178 94
158 178 157
180 179 45
181 179 160
255 46 47
254 252 180
257 160 133
163 181 137
183 182 48
182 161 256
49 50 269
161 266 134
194 17 18
204 202 203
142 185 2
185 141 299
139 361 840
796 800 804
195 94 1
187 186 846
138 199 164
201 197 138
200 207 189
207 215 189
144 196 198
169 190 99
99 190 191
190 115 198
193 164 16
192 184 204
194 193 17
192 193 184
18 19 213
194 208 206
139 195 166
187 195 186
197 167 188
191 196 189
188 199 197
201 200 197
190 198 191
115 144 198
164 199 188
138 197 199
211 207 112
189 197 200
204 138 192
210 204 206
608 539 547
202 210 549
204 203 201
549 555 202
204 201 138
204 184 206
211 205 207
217 363 205
194 206 184
210 206 165
112 207 200
207 205 216
194 18 213
208 194 209
21 272 20
275 295 360
662 555 548
204 210 202
553 202 555
112 203 553
170 277 278
170 297 277
20 213 19
194 213 209
365 842 298
205 211 217
216 215 207
215 212 276
278 216 205
215 216 212
211 559 554
214 854 363
437 436 435
272 275 209
315 263 441
331 340 330
468 320 321
369 302 368
380 383 378
568 385 458
326 62 63
230 232 121
423 349 419
279 460 462
335 344 97
224 225 229
219 227 225
226 229 285
36 226 35
110 224 226
228 227 219
285 34 35
228 219 331
34 228 33
225 227 229
227 34 285
61 231 230
230 231 232
62 231 61
232 231 222
406 232 222
232 406 286
136 234 233
111 263 315
41 235 136
234 111 315
163 235 42
235 137 264
480 408 409
237 236 409
122 246 238
150 236 237
54 239 173
55 239 54
150 239 55
173 239 238
309 251 375
532 533 534
383 384 355
241 386 290
292 801 242
250 248 154
498 357 358
449 537 243
297 298 244
299 244 361
142 245 141
114 171 245
238 246 173
366 367 412
370 451 119
317 270 316
83 248 82
250 242 249
795 798 105
176 305 151
250 154 291
249 248 250
372 251 123
372 373 375
180 255 254
525 260 526
134 253 256
600 530 604
255 180 46
527 254 253
255 47 182
254 255 253
134 256 161
253 255 256
258 259 260
257 261 262
258 395 312
137 262 261
133 599 259
259 258 261
527 133 252
627 695 601
265 261 258
235 264 111
137 181 262
257 262 181
263 265 312
331 339 340
137 261 264
264 261 265
312 265 258
264 265 263
183 267 266
775 162 791
49 269 183
775 267 162
270 50 51
174 316 270
270 269 50
183 269 268
51 174 270
247 316 303
119 451 247
162 268 317
22 357 296
274 165 208
357 295 296
540 560 243
209 274 208
273 558 565
294 498 450
274 275 273
215 276 191
277 276 212
277 212 278
277 171 169
216 278 212
205 363 364
497 495 494
357 498 294
398 65 66
406 328 102
322 401 402
569 504 571
512 403 404
511 281 510
327 63 64
405 475 474
329 337 333
415 485 319
226 285 35
227 285 229
236 286 102
120 232 286
288 290 356
506 512 473
76 77 289
290 288 241
177 309 311
288 289 394
241 355 386
290 287 353
292 291 124
250 291 242
124 132 293
801 292 105
293 129 792
124 293 292
447 357 23
294 359 295
275 272 295
296 272 21
22 296 21
295 272 296
298 297 170
245 297 244
170 278 364
364 365 170
299 139 166
141 244 299
247 300 119
301 300 148
173 246 301
300 301 246
479 480 102
573 302 866
300 303 148
316 247 271
366 369 119
575 101 572
802 249 242
306 305 799
251 306 123
151 305 306
306 307 151
309 307 251
389 387 388
376 378 152
310 309 152
307 309 177
310 152 453
311 289 78
177 311 79
289 311 310
349 223 442
342 345 347
416 417 312
314 335 97
233 234 315
348 351 313
313 314 315
315 314 233
303 316 174
316 271 317
317 268 270
371 317 271
397 26 27
450 243 359
413 29 332
352 284 343
320 65 398
320 280 474
399 66 67
400 502 467
470 68 69
508 510 322
472 70 71
471 508 505
354 353 489
393 240 383
231 325 222
326 325 62
327 326 63
325 326 283
320 327 64
467 405 474
327 474 475
410 412 408
32 336 337
338 329 443
228 336 33
339 331 219
344 219 225
336 331 330
487 223 427
29 413 28
337 329 31
341 330 340
312 417 441
284 333 341
313 335 314
335 334 339
337 336 330
33 336 32
333 337 330
32 337 31
443 329 284
29 338 332
339 219 344
339 334 340
342 223 343
341 333 330
342 341 340
343 341 342
334 345 340
342 340 345
343 487 352
284 341 343
97 344 225
339 344 335
313 441 348
335 351 334
416 312 107
349 442 347
348 345 334
347 346 349
346 347 348
348 347 345
416 346 417
416 107 422
423 425 349
439 483 429
313 351 335
348 334 351
481 350 414
443 352 481
353 74 356
287 489 353
384 445 489
492 446 491
378 355 381
152 373 376
288 356 75
353 356 290
447 23 24
295 357 294
448 24 25
318 493 448
243 560 561
275 360 273
295 359 360
243 561 359
831 361 113
299 361 139
854 214 612
98 659 824
214 363 217
363 362 364
364 278 205
365 364 362
855 842 362
170 365 298
367 366 246
573 576 302
246 122 367
367 122 408
101 575 625
369 368 370
302 369 366
693 624 689
304 371 857
119 369 370
452 271 247
788 789 691
810 455 372
373 372 308
376 373 377
375 152 309
374 376 377
380 393 383
372 375 251
152 375 373
377 373 308
378 376 374
814 382 456
377 308 382
378 374 380
355 241 381
853 873 845
388 380 374
568 458 392
393 388 390
241 394 453
152 378 381
455 456 308
387 389 392
384 383 240
378 383 355
384 240 536
287 290 386
379 814 816
532 324 491
355 384 386
287 386 384
389 388 374
499 458 457
389 374 377
388 387 499
377 391 389
858 859 379
499 457 535
532 536 490
377 382 391
859 382 379
859 389 391
858 379 860
388 393 380
490 393 390
288 394 241
289 310 394
260 395 258
107 312 395
397 396 26
448 396 318
415 27 28
318 460 279
399 398 66
320 398 321
401 399 67
465 399 322
400 468 466
586 502 503
401 68 470
399 401 322
402 470 403
505 506 471
403 70 472
403 323 505
446 71 72
473 282 506
407 478 410
283 475 328
406 102 286
222 328 406
476 328 475
405 477 476
122 237 409
410 408 407
480 236 102
122 409 408
478 411 866
412 410 302
220 502 504
573 866 571
366 412 302
367 408 412
414 413 332
415 397 27
481 414 332
482 414 350
414 485 413
461 415 319
515 514 420
346 416 419
346 348 417
417 348 441
439 429 426
346 419 349
419 416 422
424 423 419
517 486 515
421 433 432
519 597 418
349 425 223
515 422 107
422 420 424
419 422 424
423 421 425
433 420 418
421 423 424
425 421 428
487 350 352
428 421 431
428 434 426
223 425 427
425 428 488
431 432 651
428 426 429
437 426 436
350 427 429
767 430 647
431 434 428
432 431 421
431 430 434
433 421 424
418 597 651
420 433 424
418 432 433
591 641 96
426 434 436
706 654 702
556 612 554
430 767 434
435 653 437
440 437 218
426 437 439
438 464 462
319 414 482
440 439 437
438 484 483
463 440 218
440 438 483
315 441 313
441 263 312
223 342 442
347 442 342
338 443 332
284 352 443
353 444 73
446 444 354
240 393 490
491 445 532
446 354 491
472 446 404
448 447 24
357 447 358
396 448 25
493 318 279
566 493 497
496 495 279
294 450 359
449 243 450
370 692 857
452 451 857
271 452 371
247 451 452
152 381 453
453 381 241
372 455 308
802 242 801
810 372 123
456 455 454
454 809 814
308 456 382
567 457 385
282 867 585
457 458 385
387 392 458
612 655 98
500 567 616
397 461 460
461 319 462
415 461 397
319 484 462
463 464 440
460 461 462
544 547 546
462 464 279
440 464 438
279 464 463
510 508 509
466 465 281
466 281 503
321 399 466
405 467 220
468 467 280
320 468 280
466 468 321
471 509 508
469 586 669
403 470 69
401 470 402
509 471 580
322 402 508
446 472 71
403 472 404
473 512 492
324 534 867
320 474 327
467 474 280
327 475 283
476 475 405
405 220 477
476 407 479
569 477 220
478 477 411
407 476 478
477 478 476
480 479 407
102 328 479
408 480 407
480 409 236
443 481 332
350 481 352
483 350 429
484 482 483
483 439 440
350 483 482
462 484 438
319 482 484
319 485 414
415 413 485
604 602 603
519 418 514
223 487 343
350 487 427
425 488 427
428 429 488
384 489 287
491 489 445
535 390 499
535 617 618
491 324 492
489 491 354
473 492 324
404 446 492
495 493 279
566 358 448
494 495 496
497 537 449
496 279 463
494 537 497
605 463 218
540 542 539
449 498 566
493 495 497
498 358 566
450 498 449
388 499 390
458 499 387
616 385 615
592 596 591
501 568 858
759 762 459
503 502 400
502 469 504
466 503 400
281 511 586
504 574 572
571 504 572
403 505 402
506 505 323
506 323 512
282 471 506
583 507 582
571 572 101
505 508 402
580 471 282
502 586 469
465 510 281
322 510 465
510 509 511
670 509 582
672 668 621
403 512 323
492 512 404
533 513 534
620 618 619
420 422 515
518 519 520
517 515 107
486 514 515
520 523 522
623 690 689
395 517 107
517 260 525
587 518 522
647 651 597
520 519 514
597 519 518
523 520 524
587 522 516
521 523 524
530 521 524
518 520 522
486 524 520
601 695 521
516 522 523
525 486 517
524 486 525
526 260 599
603 527 528
527 252 254
253 528 527
528 253 134
527 526 133
531 528 134
604 603 528
266 775 134
600 601 521
524 525 530
602 525 526
134 775 790
529 600 604
536 532 445
532 490 533
535 490 390
533 490 535
513 585 867
532 534 324
567 664 663
457 663 535
384 536 445
240 490 536
496 543 494
243 537 540
551 543 496
641 596 595
543 865 494
607 608 538
541 865 543
563 560 550
543 551 541
542 546 539
865 540 537
716 546 541
605 551 463
865 541 542
768 606 654
596 641 591
606 652 653
605 652 545
541 546 542
544 777 547
550 608 607
539 546 547
611 656 610
112 553 559
165 564 210
274 273 565
563 613 562
165 565 564
463 551 496
551 545 768
655 612 556
217 554 214
202 553 203
552 554 559
211 554 217
552 661 554
548 555 549
552 553 555
661 662 610
607 548 550
549 613 548
558 273 360
359 558 360
557 562 558
112 559 211
552 559 553
550 560 539
560 557 561
557 558 561
359 561 558
563 562 557
564 562 549
560 563 557
613 550 548
210 564 549
565 165 274
558 562 565
564 565 562
493 566 448
566 497 449
385 568 615
567 500 664
858 568 392
501 762 615
477 569 411
220 504 569
578 579 671
579 575 570
573 571 101
569 571 411
574 504 469
572 570 575
576 573 101
302 410 866
469 669 668
572 574 668
676 578 671
579 685 687
625 624 576
302 576 368
736 739 731
697 640 696
579 675 671
631 630 637
672 622 671
685 579 578
580 584 583
582 507 670
585 620 584
221 679 770
509 580 582
583 582 580
584 580 282
667 221 770
585 584 282
581 583 584
867 282 473
618 620 513
281 586 503
669 586 511
590 587 516
96 647 598
628 629 516
708 716 654
523 628 516
587 591 96
629 590 516
591 590 589
592 589 631
589 592 591
696 594 588
588 594 649
666 221 769
705 779 704
640 698 696
649 650 596
786 813 873
430 651 647
592 649 596
594 698 650
587 598 518
96 646 647
96 598 587
597 518 598
259 599 260
133 526 599
601 600 529
521 530 600
774 773 788
601 108 627
526 527 603
530 525 602
528 531 604
526 603 602
529 604 531
602 604 530
652 605 218
551 605 545
435 436 644
541 551 768
611 607 538
661 610 556
539 608 550
538 608 547
544 708 717
660 659 655
548 607 610
610 607 611
717 778 538
611 609 656
854 612 98
554 612 214
562 613 549
550 613 563
737 741 724
746 750 751
501 615 568
616 615 614
764 614 758
385 616 567
769 665 666
533 618 513
535 618 533
618 617 619
665 617 664
619 769 667
667 620 619
584 620 581
670 621 669
672 621 673
622 683 679
677 679 781
639 638 684
693 368 624
625 576 101
624 623 689
579 625 575
624 625 687
626 634 630
630 631 629
691 635 108
628 695 626
523 521 695
629 628 626
629 626 630
629 589 590
627 108 635
631 637 588
592 631 588
629 631 589
691 690 772
633 636 684
636 630 634
633 637 636
635 626 627
634 632 636
632 634 635
635 634 626
692 694 304
636 632 639
636 637 630
696 637 633
771 685 686
682 686 688
639 632 772
684 638 682
678 676 674
698 640 736
641 595 645
96 641 646
650 714 595
653 699 606
646 645 648
435 700 699
434 644 436
644 643 648
645 595 711
648 645 642
645 646 641
647 646 643
647 643 767
647 597 598
648 642 700
646 648 643
588 649 592
650 649 594
714 650 715
595 596 650
431 651 430
418 651 432
653 652 218
606 545 652
437 653 218
699 653 435
702 606 699
654 606 702
656 556 610
660 658 659
609 655 656
556 656 655
544 716 708
724 728 737
872 873 850
824 658 823
660 655 609
871 658 851
611 710 776
752 747 657
554 661 556
552 555 662
610 662 548
552 662 661
567 663 457
617 535 663
665 664 500
663 664 617
665 500 666
619 617 665
758 755 764
640 738 736
770 680 681
620 667 581
572 668 570
469 668 574
670 669 511
668 669 621
670 511 509
670 507 673
675 579 570
676 671 677
668 672 570
621 670 673
673 507 680
672 673 683
674 676 677
739 785 748
570 672 675
671 675 672
677 671 622
674 742 678
622 679 677
781 679 782
682 678 577
676 678 688
683 680 679
766 783 782
583 681 507
581 681 583
667 681 581
507 681 680
697 684 682
771 686 638
672 683 622
673 680 683
639 684 636
697 682 577
685 578 686
687 685 623
688 686 578
638 686 682
624 687 623
579 687 625
676 688 578
682 688 678
623 771 690
689 694 692
772 638 639
691 772 635
691 108 788
691 789 694
857 692 304
693 370 368
689 692 693
370 693 692
689 690 694
691 694 690
626 695 627
523 695 628
637 696 588
697 696 633
684 697 633
640 697 577
650 698 593
696 698 594
700 435 644
704 702 699
648 700 644
642 699 700
711 705 645
710 778 734
704 699 642
702 701 706
703 711 713
723 709 718
705 704 642
701 702 704
645 705 642
703 718 779
706 701 709
654 706 708
718 709 701
776 660 609
709 708 706
777 717 538
701 779 718
709 707 722
538 710 611
734 707 725
593 715 650
705 711 703
712 714 715
707 709 723
714 711 595
720 713 780
712 713 714
714 713 711
731 726 730
721 754 731
546 716 544
716 541 768
722 708 709
717 722 778
720 703 713
720 718 703
715 730 712
725 707 723
780 713 712
718 720 719
735 736 731
763 764 755
778 722 707
708 722 717
719 727 718
752 756 747
725 727 728
730 732 780
727 725 723
725 724 729
758 759 745
728 724 725
718 727 723
727 719 728
719 780 732
728 740 737
747 724 741
729 756 776
735 715 593
730 726 732
735 730 715
593 736 735
740 733 737
719 732 728
757 755 745
741 733 750
725 729 734
710 734 729
593 698 736
730 735 731
738 640 577
739 721 731
740 728 732
741 737 733
742 577 678
738 744 739
736 738 739
738 742 744
732 726 740
757 754 755
733 751 750
741 657 747
744 742 784
577 742 738
674 677 781
739 748 721
784 742 674
744 743 785
733 740 749
740 753 749
860 864 858
741 750 657
657 872 851
729 724 747
666 765 766
761 765 500
753 740 726
787 745 759
751 733 749
750 746 872
745 751 749
786 751 787
658 660 752
756 752 660
754 753 726
749 753 757
731 754 726
754 721 755
763 748 760
759 758 614
756 660 776
747 756 729
749 757 745
754 757 753
745 755 758
755 721 763
614 615 762
759 459 787
766 765 760
761 616 614
765 761 760
500 616 761
459 762 501
614 762 759
748 763 721
763 760 764
760 761 764
614 764 761
766 760 748
500 765 666
743 783 748
748 783 766
643 644 767
434 767 644
606 768 545
716 768 654
667 769 221
665 769 619
680 770 679
667 770 681
690 771 638
685 771 623
772 690 638
635 772 632
601 774 108
371 773 791
601 529 774
134 790 531
775 266 267
773 774 775
611 776 609
776 710 729
547 777 538
544 717 777
734 778 707
538 778 710
704 779 701
703 779 705
720 780 719
730 780 712
679 221 782
781 783 784
221 666 782
766 782 666
784 783 743
782 783 781
744 784 743
674 781 784
744 785 739
743 748 785
864 863 459
746 751 786
786 787 459
745 787 751
774 788 108
789 788 773
371 789 773
789 304 694
774 529 790
531 790 529
371 791 162
773 775 791
293 792 105
156 792 129
838 827 793
806 808 804
157 794 158
795 794 793
798 795 800
797 105 792
800 805 804
249 799 305
794 797 125
105 797 795
800 795 793
799 802 796
796 807 811
306 799 123
800 793 805
796 798 800
105 798 801
801 798 802
796 802 798
799 249 802
819 834 826
820 812 818
803 806 804
104 809 808
805 793 827
804 805 803
820 818 825
806 104 808
455 810 454
796 804 807
454 807 808
808 807 804
815 816 817
816 814 809
811 123 799
454 810 807
807 810 811
123 811 810
818 812 862
849 848 835
863 786 459
848 812 820
382 814 379
454 814 456
817 809 104
861 862 852
817 816 809
860 816 815
819 820 834
815 817 818
817 104 821
871 868 823
806 821 104
827 803 805
817 821 825
835 820 819
803 836 806
806 836 821
832 819 830
851 658 752
844 832 869
854 362 363
658 824 659
824 823 856
817 825 818
834 825 821
827 826 836
826 827 829
838 793 794
846 828 837
139 840 839
830 819 826
837 829 827
829 828 830
833 830 828
843 830 833
847 843 113
833 839 831
843 847 832
870 844 869
839 833 828
831 113 843
825 834 820
834 821 836
844 835 819
870 849 835
827 836 803
834 836 826
846 837 157
829 837 828
794 837 838
827 838 837
846 839 828
139 839 186
361 831 840
839 840 831
113 298 842
856 855 854
362 842 365
842 841 847
830 843 832
831 843 833
819 832 844
869 847 841
845 849 853
861 852 813
187 846 157
846 186 839
842 847 113
841 868 869
835 848 820
852 848 845
853 849 822
848 849 845
853 871 850
850 851 872
657 851 752
871 851 850
848 852 812
873 852 845
871 853 822
873 853 850
824 854 98
856 841 855
842 855 841
362 854 855
824 856 854
856 823 868
452 857 371
370 857 451
859 858 392
379 816 860
389 859 392
859 391 382
861 860 815
861 864 860
862 861 815
863 861 813
818 862 815
852 862 812
786 863 813
864 459 501
864 501 858
861 863 864
540 865 542
494 865 537
478 866 410
571 866 411
324 867 473
513 867 534
849 870 822
856 868 841
847 869 832
870 868 822
844 870 835
868 870 869
868 871 822
658 871 823
750 872 657
873 872 746
786 873 746
873 813 852
877 913 876
934 1093 921
876 913 935
968 908 967
924 939 1024
934 921 932
947 934 874
919 966 969
933 935 998
945 85 84
879 880 996
936 932 921
994 917 1038
947 874 875
1040 1001 1039
997 962 996
1004 1019 963
927 906 907
926 968 970
1000 1004 963
901 902 920
935 933 947
875 876 935
910 912 905
1010 969 971
78 932 79
79 936 986
910 909 911
887 1045 1046
948 81 949
1010 972 969
878 879 976
79 986 80
954 955 941
86 944 928
86 928 87
942 928 926
1036 1057 1050
909 910 927
88 943 89
941 982 925
927 943 926
87 942 88
906 927 910
957 948 950
912 920 902
83 953 84
900 901 931
1054 1041 885
929 945 959
888 1045 887
877 878 913
936 79 932
1006 888 889
1007 965 1006
966 911 909
962 1003 999
1017 1015 975
941 925 940
1048 1055 964
877 876 961
926 928 917
973 919 972
875 975 876
892 940 974
1012 892 974
874 77 892
954 893 894
944 86 85
911 966 919
920 931 901
877 961 891
874 1012 875
893 940 892
989 1031 1073
911 912 910
912 902 904
977 936 921
929 944 945
905 912 904
903 904 902
919 920 911
1038 928 929
906 910 905
912 911 920
1034 951 952
889 1044 1006
1000 881 882
993 1038 959
919 931 920
1034 989 1033
899 946 898
931 919 973
874 934 77
1078 1079 915
946 988 898
896 951 895
943 88 942
988 930 1026
948 82 81
934 932 78
899 900 973
77 934 78
934 933 1093
976 913 878
962 998 976
921 1093 977
949 981 1095
1064 1068 1066
939 950 1024
958 896 897
925 982 916
83 82 957
960 959 945
940 893 954
974 940 925
955 894 895
1035 990 1037
928 942 87
943 942 926
927 907 943
89 943 907
945 944 85
928 944 929
953 945 84
959 960 956
946 899 973
988 946 930
935 947 875
934 947 933
80 986 81
950 948 937
986 979 949
937 948 949
950 937 1025
939 953 950
951 896 958
951 938 1035
952 958 988
1033 989 923
953 83 957
945 953 939
955 954 894
940 954 941
951 955 895
1033 990 1035
1082 1079 1053
993 994 1038
948 957 82
953 957 950
988 958 897
951 958 952
960 945 939
993 959 956
939 924 960
1092 960 924
875 1012 975
961 1015 891
997 880 881
998 999 1093
1000 1039 1004
978 980 914
1054 1043 1005
1066 922 1021
982 984 916
1008 1045 1006
909 967 966
966 967 969
909 927 970
969 967 908
967 909 970
926 917 968
971 969 908
1011 972 1010
926 970 927
967 970 968
908 994 995
971 995 1032
946 973 930
919 969 972
931 973 900
973 972 930
916 1013 925
876 975 961
925 1013 974
975 974 1017
976 879 996
913 976 935
1003 914 999
979 977 980
963 1019 1020
1021 979 980
981 979 922
936 977 979
914 980 977
980 978 1021
922 1094 1095
949 979 981
1037 991 992
985 916 984
955 1035 1037
991 1050 983
982 941 992
985 984 983
985 983 1009
985 965 1016
979 986 936
81 986 949
922 1066 1094
1084 1088 1083
898 988 897
930 1011 1026
1028 952 988
1028 1027 1031
1051 991 1037
991 983 984
982 991 984
1051 923 1036
1037 941 955
991 982 992
995 971 908
968 994 908
917 994 968
994 993 995
956 1097 993
1096 1029 1030
997 996 880
976 996 962
1000 997 881
914 1003 978
976 998 935
999 998 962
1003 962 997
977 1093 914
1039 882 883
1002 1000 963
1040 883 884
978 1020 1021
963 1020 1042
997 1000 1002
997 1002 1003
1002 963 1042
1039 1000 882
1019 1018 1020
1043 885 886
1055 1048 1005
1044 889 890
965 1047 1006
890 891 1015
1007 1014 1016
1047 985 1009
1076 1047 1009
1057 1074 1050
1055 1005 1043
971 918 1010
1011 1010 918
1026 1011 918
972 1011 930
892 1012 874
975 1012 974
1014 1013 916
974 1013 1017
1016 1014 916
1015 1007 1044
975 1015 961
1007 1015 1014
985 1016 916
1007 1016 965
1013 1014 1017
1015 1017 1014
1023 1067 1019
1048 1063 1022
1004 1001 1019
1023 1019 1001
1021 1020 1018
1020 978 1042
1066 1065 1094
922 979 1021
1048 1022 1062
964 1058 1060
1062 1001 1040
1022 1064 1067
1025 1024 950
924 1024 987
1094 1025 937
1024 1025 987
1029 1026 918
1028 989 1034
1029 918 1030
1071 1052 1070
988 1026 1028
1028 1026 1029
971 1032 918
1028 1029 1027
1030 1097 1091
1090 1086 1092
1053 1073 1027
989 1028 1031
1032 995 1097
918 1032 1030
990 1033 923
1034 1033 938
951 1034 938
1028 1034 952
951 1035 955
1033 1035 938
923 1070 1036
1058 964 1055
1037 990 1051
941 1037 992
928 1038 917
959 1038 929
1040 1039 883
1004 1039 1001
884 1041 1040
1041 1048 1040
885 1041 884
1048 1041 1005
978 1003 1042
1002 1042 1003
887 1046 886
1056 1058 1059
1015 1044 890
1006 1044 1007
1006 1045 888
1046 1045 1008
1046 1076 1059
1043 886 1046
1006 1047 1008
985 1047 965
1063 1048 964
1022 1023 1062
1068 1069 1065
1063 1064 1022
1051 1050 991
1056 1057 1072
923 1051 990
1050 1051 1036
1027 1073 1031
1060 1049 1063
1029 1096 1027
1053 1079 1078
1041 1054 1005
885 1043 1054
1061 1046 1059
1080 1077 1078
1061 1058 1055
1009 983 1074
1036 1070 1072
1056 1059 1075
1055 1043 1061
1058 1056 1060
1076 1046 1008
1009 1074 1075
1077 1060 1056
1060 1080 1089
1046 1061 1043
1058 1061 1059
1001 1062 1023
1040 1048 1062
1060 1063 964
1064 1063 1049
1064 1049 1068
1064 1018 1067
1049 1069 1068
1094 987 1025
1021 1018 1066
1064 1066 1018
1019 1067 1018
1022 1067 1023
1049 1089 1069
1066 1068 1065
915 1079 1087
1094 1083 987
1071 1070 923
1072 1070 1052
923 989 1073
1052 1071 1053
1072 1052 1077
1036 1072 1057
1053 1071 1073
1073 1071 923
1050 1074 983
1075 1074 1057
1056 1075 1057
1075 1059 1076
1047 1076 1008
1075 1076 1009
1072 1077 1056
1078 1077 1052
1053 1078 1052
1080 1078 915
1096 1082 1027
1084 1083 1069
915 1069 1089
1060 1077 1080
1097 1086 1091
1090 1085 1086
1027 1082 1053
1085 1082 1081
1065 1069 1083
1087 1069 915
1079 1082 1085
1083 1088 987
1085 1081 1086
1085 1084 1087
1091 1086 1081
956 1092 1086
1085 1087 1079
1069 1087 1084
1090 1088 1084
924 987 1088
1060 1089 1049
915 1089 1080
1088 1090 924
1085 1090 1084
1096 1091 1081
1032 1097 1030
960 1092 956
1090 1092 924
998 1093 933
914 1093 999
1094 937 1095
1083 1094 1065
949 1095 937
922 1095 981
1091 1096 1030
1082 1096 1081
993 1097 995
1086 1097 956
1163 1219 1169
1197 1136 1098
1192 1191 1137
1145 1197 1098
1142 1141 36
34 1250 35
1098 1136 59
35 1142 36
1149 1143 1140
65 64 1524
1152 1266 1252
1151 1100 1101
1923 1511 1871
1195 1525 63
1385 1509 1510
1434 1224 1335
1529 1533 1528
1191 1144 1137
1191 1196 1193
1145 1150 1144
1100 1150 1099
1210 1276 1209
1151 1200 1199
1191 1145 1144
1118 37 1141
1162 1274 1204
1167 1171 1170
1151 1144 1150
1144 1151 1198
1161 1314 1152
1250 1310 1190
1106 1162 1105
67 66 1509
1110 1111 1164
1102 1103 1160
1108 1167 1107
1246 1308 1309
1386 70 69
1253 1158 1149
1099 1145 1098
1112 1206 1111
1161 1152 1160
1199 1200 1252
1353 1462 1568
1151 1150 1100
73 72 1352
1292 1457 1465
1215 1216 1154
1567 1456 1604
1869 1910 1911
76 1455 1456
75 1455 76
1211 1153 1212
1172 1213 1174
1169 1173 1167
893 892 1348
895 894 1343
1101 1102 1200
74 1351 75
1155 1278 1331
1460 1353 1459
1209 1207 1208
1143 1159 1117
896 1345 1444
1180 1472 1477
1356 1294 1355
1172 1171 1109
1215 1170 1168
896 895 1347
1166 1165 1113
1183 1135 1184
1241 1357 1471
1213 1155 1174
1110 1164 1172
1161 1160 1103
1184 1240 1241
1180 1473 1472
1166 1113 1114
1179 1182 1178
1206 1156 1205
1343 1347 895
1170 1171 1168
1602 1824 1825
1171 1167 1108
1167 1170 1163
1162 1106 1173
1116 1117 1159
1142 1140 1143
1104 1161 1103
60 1136 1197
1143 1141 1142
1159 1158 1116
1117 1118 1143
1141 1143 1118
60 59 1136
1099 1150 1145
1111 1279 1164
1206 1112 1165
1156 1165 1166
1194 1195 62
1218 1225 1220
1113 1165 1112
1519 1522 1248
1207 1115 1158
1158 1115 1116
1168 1171 1172
1153 1274 1212
1249 1140 1142
1249 1142 35
36 1141 37
1182 1133 1134
1219 1217 1220
32 1308 33
1109 1110 1172
1148 1275 1276
1500 25 24
1392 28 27
1285 1226 1153
1212 1274 1162
1589 1388 1516
1388 1309 1516
1169 1167 1163
1647 1395 1394
1183 1182 1134
1178 1297 1181
1159 1143 1149
1168 1172 1174
1258 1260 1262
1123 1124 1482
1128 1238 1302
1127 1302 1361
1361 1367 1360
1331 1275 1277
1200 1160 1152
1183 1134 1135
1207 1166 1114
1170 1215 1163
1133 1179 1132
1235 1131 1132
1158 1159 1149
1235 1132 1181
1129 1130 1234
1215 1174 1216
1216 1155 1214
900 899 1355
1162 1173 1169
22 21 1382
1360 1125 1126
1209 1276 1166
1122 1123 1483
1343 894 1346
1383 1304 1382
1254 1201 1253
1173 1106 1107
1483 1486 1122
1171 1108 1109
1144 1198 1137
1483 1123 1482
1120 1384 1119
1935 1208 1253
1504 1383 1503
1305 1585 1584
1204 1104 1105
1239 1129 1234
1499 1380 1498
1104 1204 1161
1232 1373 1366
1303 1379 1380
1497 23 22
1545 1543 1618
1181 1132 1179
1588 1514 1385
1179 1178 1181
1167 1173 1107
903 902 1240
1183 1184 1473
1178 1477 1574
1130 1131 1235
1182 1179 1133
1477 1182 1180
1135 903 1240
1182 1183 1180
901 1241 902
1481 1355 1357
1803 1805 1800
1218 1221 1224
1198 1199 1272
1398 1525 1195
1770 1764 1761
1228 1458 1598
1247 1264 1388
1280 1332 1934
1592 1590 1647
1672 1707 1618
33 1308 1310
1201 1257 1259
1137 1527 1192
60 1193 61
1186 1194 1192
1193 1196 1251
1145 1191 1193
1196 1191 1192
1195 1194 1186
62 61 1251
1195 1186 1398
62 1195 63
1192 1194 1196
1194 62 1251
1145 1193 1197
60 1197 1193
1151 1199 1198
1272 1270 1271
1101 1200 1151
1272 1199 1146
1160 1200 1102
1252 1200 1152
1149 1254 1253
1254 1517 1257
1559 1268 1441
1266 1267 1315
1287 1153 1226
1265 1314 1289
1162 1204 1105
1161 1204 1203
1275 1205 1156
1213 1278 1155
1156 1206 1165
1278 1279 1205
1115 1207 1114
1208 1207 1158
1208 1158 1253
1209 1208 1157
1209 1157 1210
1166 1207 1209
1157 1332 1210
1333 1409 1332
1217 1163 1215
1225 1226 1285
1162 1169 1212
1211 1212 1169
1172 1164 1213
1213 1164 1278
1330 1281 1328
1337 1223 1336
1215 1154 1217
1168 1174 1215
1155 1216 1174
1216 1214 1283
1220 1217 1221
1169 1219 1211
1218 1220 1221
1224 1434 1437
1163 1217 1219
1154 1221 1217
1436 1218 1437
1211 1219 1220
1224 1221 1282
1214 1155 1324
1335 1223 1434
1420 1222 1413
1282 1283 1281
1338 1551 1553
1282 1221 1154
1434 1551 1338
1225 1147 1226
1211 1220 1225
1339 1226 1147
1287 1203 1274
1619 1580 1621
1480 1667 1176
1455 1351 1350
1228 1598 1601
1353 1293 1352
1652 1229 1653
896 1444 897
1300 1476 1299
1579 1669 1671
1682 1679 1681
1298 1369 1374
1377 1375 1372
1233 1298 1237
1181 1236 1234
1181 1297 1236
1238 1239 1236
1181 1234 1235
1130 1235 1234
1233 1237 1236
1128 1129 1239
1298 1233 1177
1236 1301 1238
1301 1236 1237
1128 1302 1127
1236 1239 1234
1128 1239 1238
1241 1240 902
1135 1240 1184
1481 901 900
1470 1471 1357
1545 1418 1421
24 23 1379
1121 1486 1488
1498 1304 1507
1198 1273 1137
1147 1561 1439
1387 1307 1386
1570 1572 1229
1309 32 31
1389 1310 1246
1391 30 29
1417 1422 1432
1392 1393 1312
1518 25 1500
1250 1249 35
1249 1190 1255
1310 1250 34
1249 1250 1190
1193 1251 61
1194 1251 1196
1152 1314 1266
1199 1252 1146
1254 1149 1140
1253 1201 1935
1140 1255 1254
1517 1190 1390
1249 1255 1140
1389 1390 1310
1260 1263 1262
1254 1257 1201
1517 1254 1255
1259 1257 1256
1259 1256 1260
1280 1934 1936
1256 1389 1260
1259 1258 1934
1260 1188 1263
1258 1259 1260
1263 1264 1550
1539 1538 1540
1537 1262 1261
1936 1262 1139
1264 1263 1188
1262 1263 1261
1515 1309 1388
1648 1539 1540
1289 1161 1203
1252 1266 1146
1202 1267 1265
1267 1266 1265
1315 1202 1269
1202 1315 1267
1341 1269 1202
1270 1318 1271
1287 1288 1202
1266 1270 1146
1268 1316 1269
1268 1319 1316
1270 1315 1316
1273 1271 1530
1270 1272 1146
1272 1271 1273
1272 1273 1198
1530 1271 1320
1287 1274 1153
1204 1274 1203
1276 1275 1156
1275 1148 1277
1166 1276 1156
1276 1210 1409
1409 1148 1276
1325 1400 1328
1279 1278 1164
1331 1278 1205
1111 1206 1279
1205 1279 1206
1935 1157 1208
1406 1280 1936
1277 1327 1324
1326 1214 1324
1283 1282 1154
1282 1281 1335
1216 1283 1154
1214 1326 1399
1269 1341 1442
1218 1224 1437
1153 1211 1285
1225 1285 1211
1439 1440 1562
1202 1286 1341
1288 1287 1226
1289 1202 1265
1339 1288 1226
1202 1288 1286
1203 1287 1289
1202 1289 1287
1346 1349 1344
1356 1452 1294
892 77 1564
1879 1602 1825
1352 1354 73
1600 1601 1565
1459 1352 72
1464 1292 1465
1467 1355 899
1470 1294 1453
1125 1365 1124
1727 1185 1728
1367 1366 1296
1484 1491 1295
1574 1297 1178
1236 1297 1233
1177 1300 1298
1370 1298 1300
1474 1479 1477
1610 1579 1671
1300 1479 1476
1493 1370 1371
1237 1232 1301
1232 1363 1364
1364 1238 1301
1296 1360 1367
1393 1519 1312
1381 1500 1379
1503 21 20
1586 1507 1383
1486 1490 1488
1504 1584 1585
1903 1244 1558
1511 1307 1387
1387 69 68
1353 1460 1462
1309 1308 32
1310 1308 1246
30 1516 31
1515 1188 1246
33 1310 34
1246 1188 1389
1312 1248 1396
1248 1592 1394
1393 27 26
1396 1248 1394
1303 1499 1502
1313 1591 1501
1289 1314 1161
1266 1314 1265
1316 1315 1269
1266 1315 1270
1323 1319 1321
1270 1316 1318
1534 1397 1529
1271 1318 1320
1319 1318 1316
1319 1322 1318
1321 1319 1268
1319 1317 1322
1533 1398 1526
1526 1527 1320
1269 1442 1268
1319 1323 1317
1528 1322 1317
1318 1322 1320
1244 1536 1321
1532 1536 1908
1331 1324 1155
1327 1326 1324
1410 1148 1411
1407 1403 1408
1325 1328 1326
1283 1399 1281
1410 1277 1148
1325 1326 1327
1330 1328 1400
1399 1328 1281
1325 1327 1334
1337 1413 1222
1413 1337 1412
1281 1336 1335
1275 1331 1205
1324 1331 1277
1934 1332 1157
1333 1332 1280
1401 1334 1403
1277 1410 1327
1431 1404 1426
1400 1329 1412
1282 1335 1224
1336 1281 1330
1336 1330 1412
1223 1335 1336
1412 1330 1400
1337 1222 1554
1337 1554 1223
1553 1555 1338
1439 1339 1147
1288 1339 1286
1562 1557 1340
1558 1244 1321
1286 1342 1341
1443 1342 1340
1439 1342 1286
1340 1441 1443
893 1349 1346
1290 1345 1347
1566 1859 1877
1346 1858 1343
1345 1454 1447
1356 1448 1452
893 1346 894
1346 1344 1858
1290 1347 1343
896 1347 1345
1456 1348 892
1291 1877 1349
893 1348 1349
1291 1349 1348
1458 1604 1457
1348 1456 1567
73 1354 1466
1351 1465 1457
1459 72 71
1354 1352 1293
1460 71 70
1460 1463 1462
1354 1293 1573
1466 1351 74
1467 899 898
1357 1355 1294
1446 898 897
1448 1446 1450
1453 1469 1470
1241 901 1481
1125 1360 1365
1484 1483 1358
1688 1684 1686
1120 1488 1489
1361 1360 1126
1360 1296 1496
1127 1361 1126
1361 1302 1363
1377 1496 1375
1358 1482 1492
1302 1238 1364
1363 1232 1366
1232 1364 1301
1302 1364 1363
1360 1362 1365
1491 1492 1362
1374 1237 1298
1688 1689 1690
1361 1363 1367
1366 1367 1363
1371 1610 1493
1670 1376 1671
1299 1370 1300
1493 1373 1369
1370 1299 1371
1298 1370 1369
1299 1494 1371
1610 1612 1579
1296 1366 1375
1366 1376 1375
1373 1232 1378
1671 1376 1368
1378 1369 1373
1232 1237 1374
1376 1366 1373
1689 1688 1739
1368 1376 1373
1372 1375 1376
1491 1377 1295
1377 1491 1496
1232 1374 1378
1369 1378 1374
1379 23 1497
1381 1379 1303
1380 1497 1382
1498 1380 1304
1581 1381 1303
1520 1518 1313
1382 21 1503
1380 1382 1304
19 1504 20
1585 1586 1504
1489 1384 1120
1584 1384 1305
1510 66 65
1588 1385 1593
1387 1386 69
1460 1386 1307
1514 1512 1513
1245 1307 1511
1515 1264 1188
31 1516 1309
1260 1389 1188
1390 1389 1256
1256 1257 1517
1190 1310 1390
1391 29 1395
1516 1391 1311
1393 1392 27
1392 1312 1396
26 25 1518
1312 1519 1248
1719 1716 1794
1311 1391 1395
29 28 1395
28 1392 1396
1394 1395 1396
1396 1395 28
1306 1588 1593
1593 1510 1535
1526 1398 1186
1397 1524 1525
1214 1399 1283
1328 1399 1326
1334 1401 1325
1401 1400 1325
1403 1334 1404
1405 1414 1407
1402 1425 1422
1400 1407 1329
1334 1411 1404
1431 1408 1403
1333 1406 1404
1406 1426 1404
1432 1422 1427
1416 1424 1414
1280 1406 1333
1139 1537 1426
1400 1401 1407
1403 1407 1401
1417 1408 1402
1407 1408 1405
1332 1409 1210
1409 1333 1411
1148 1409 1411
1327 1410 1334
1404 1411 1333
1334 1410 1411
1413 1412 1329
1336 1412 1337
1414 1329 1407
1413 1329 1414
1405 1417 1416
1414 1405 1416
1717 1523 1592
1424 1416 1421
1405 1408 1417
1415 1421 1416
1417 1402 1422
1416 1417 1432
1541 1415 1427
1645 1642 1639
1419 1422 1429
1430 1595 1429
1428 1414 1424
1418 1793 1675
1546 1415 1541
1423 1418 1675
1408 1431 1402
1422 1419 1427
1420 1413 1428
1421 1418 1423
1421 1423 1424
1428 1423 1420
1537 1425 1426
1425 1537 1594
1139 1426 1406
1431 1425 1402
1538 1427 1419
1427 1538 1541
1414 1428 1413
1423 1428 1424
1422 1425 1429
1594 1430 1429
1550 1430 1594
1264 1596 1550
1404 1431 1403
1425 1431 1426
1427 1415 1432
1416 1432 1415
1420 1674 1222
1552 1553 1551
1551 1434 1223
1437 1434 1338
1440 1556 1557
1436 1147 1225
1218 1436 1225
1561 1436 1435
1555 1437 1338
1436 1437 1435
1557 1887 1929
1814 1893 1892
1339 1439 1286
1147 1436 1561
1435 1555 1556
1340 1342 1562
1558 1560 1438
1558 1559 1560
1443 1341 1342
1268 1442 1441
1441 1442 1443
1341 1443 1442
1447 1444 1345
1446 1356 1467
1454 1668 1447
1575 1606 1480
897 1444 1446
1444 1447 1450
1454 1345 1857
1445 1448 1450
1448 1445 1451
1356 1446 1448
1825 1856 1290
1609 1563 1626
1444 1450 1446
1445 1450 1447
1607 1577 1451
1451 1453 1452
1448 1451 1452
1453 1451 1230
1453 1230 1469
1294 1452 1453
1857 1345 1290
1454 1449 1668
1351 1455 75
1456 1455 1350
1456 1564 76
1566 1567 1604
1458 1457 1292
1350 1351 1457
1599 1598 1458
1458 1228 1566
1460 1459 71
1352 1459 1353
1386 1460 70
1462 1463 1461
1922 1923 1921
1353 1568 1293
1463 1460 1307
1568 1462 1461
1307 1245 1463
1922 1463 1245
1464 1573 1570
1652 1654 1655
1466 1465 1351
1465 1354 1573
73 1466 74
1465 1466 1354
1446 1467 898
1355 1467 1356
1299 1476 1480
1473 1471 1472
1475 1474 1478
1470 1469 1468
1470 1468 1471
1294 1470 1357
1471 1468 1472
1184 1241 1471
1478 1472 1468
1477 1178 1182
1183 1473 1180
1471 1473 1184
1468 1469 1475
1300 1177 1479
1469 1230 1475
1605 1667 1606
1475 1575 1474
1480 1176 1494
1477 1472 1478
1574 1477 1177
1475 1478 1468
1477 1478 1474
1477 1479 1177
1474 1476 1479
1476 1575 1480
1475 1576 1575
1355 1481 900
1241 1481 1357
1492 1482 1124
1483 1482 1358
1358 1491 1484
1483 1485 1486
1685 1687 1684
1295 1739 1484
1485 1359 1486
1483 1484 1485
1486 1359 1490
1122 1486 1121
1678 1729 1682
1305 1489 1243
1489 1488 1487
1120 1121 1488
1489 1487 1681
1489 1305 1384
1683 1490 1359
1488 1490 1487
1492 1491 1358
1491 1362 1496
1124 1365 1492
1362 1492 1365
1373 1493 1368
1370 1493 1369
1480 1494 1299
1494 1176 1580
1621 1622 1620
1644 1694 1691
1360 1496 1362
1375 1496 1296
1382 1497 22
1379 1497 1380
1498 1507 1506
1499 1498 1242
1499 1242 1502
1380 1499 1303
1379 1500 24
1518 1500 1381
1581 1502 1501
1547 1541 1189
1506 1583 1242
1702 1705 1747
1504 1503 20
1382 1503 1383
19 1119 1504
1584 1504 1119
1728 1587 1680
1498 1506 1242
1505 1508 1506
1582 1636 1583
1383 1507 1304
1505 1506 1507
1587 1508 1505
1639 1583 1638
1510 1509 66
1514 1509 1385
1524 1510 65
1534 1535 1397
1387 1514 1513
1513 1511 1387
1896 1902 1898
1904 1871 1512
1514 1387 68
1871 1513 1512
68 67 1514
1514 67 1509
1309 1515 1246
1264 1515 1388
1391 1516 30
1589 1516 1311
1190 1517 1255
1256 1517 1390
1591 1518 1381
26 1518 1393
1393 1520 1519
1520 1521 1522
1518 1520 1393
1313 1713 1520
1501 1723 1712
1676 1723 1637
1520 1522 1519
1521 1719 1794
1189 1541 1538
1590 1540 1596
1525 1524 64
1510 1524 1397
63 1525 64
1397 1525 1398
1527 1526 1186
1528 1526 1320
1192 1527 1186
1137 1273 1530
1322 1528 1320
1529 1528 1317
1317 1323 1532
1397 1398 1533
1320 1527 1530
1530 1527 1137
1529 1317 1532
1908 1899 1906
1536 1532 1323
1532 1531 1534
1528 1533 1526
1397 1533 1529
1532 1534 1529
1535 1534 1531
1907 1593 1535
1397 1535 1510
1321 1536 1323
1536 1244 1908
1262 1537 1139
1261 1550 1594
1419 1429 1595
1718 1523 1717
1189 1538 1539
1419 1595 1538
1596 1540 1595
1589 1590 1247
1715 1521 1713
1546 1545 1421
1501 1712 1313
1242 1583 1636
1722 1549 1544
1543 1549 1617
1719 1720 1716
1544 1549 1548
1546 1421 1415
1543 1617 1618
1541 1547 1548
1545 1546 1543
1189 1718 1721
1547 1544 1548
1543 1546 1548
1548 1546 1541
1637 1582 1646
1543 1548 1549
1263 1550 1261
1596 1264 1247
1223 1433 1551
1551 1433 1552
1711 1710 1222
1887 1284 1888
1552 1284 1553
1555 1553 1284
1709 1889 1890
1223 1554 1433
1556 1555 1284
1437 1555 1435
1284 1887 1556
1556 1440 1561
1552 1889 1888
1892 1927 1138
1559 1558 1321
1244 1903 1899
1268 1559 1321
1559 1441 1560
1340 1933 1441
1438 1933 1926
1556 1561 1435
1439 1561 1440
1439 1562 1342
1557 1562 1440
1445 1608 1607
1662 1821 1175
76 1564 77
1456 892 1564
1649 1599 1292
1649 1464 1650
1859 1566 1228
1567 1566 1291
1348 1567 1291
1604 1456 1350
1571 1568 1461
1568 1571 1572
1921 1895 1920
1565 1649 1655
1570 1229 1650
1293 1568 1570
1921 1571 1461
1569 1653 1572
1568 1572 1570
1569 1572 1571
1570 1573 1293
1465 1573 1464
1177 1233 1574
1297 1574 1233
1474 1575 1476
1576 1475 1230
1578 1576 1230
1606 1578 1605
1451 1577 1578
1607 1451 1445
1451 1578 1230
1578 1577 1626
1494 1580 1612
1579 1619 1669
1622 1176 1623
1669 1619 1495
1502 1581 1303
1591 1581 1501
1745 1754 1743
1693 1699 1597
1506 1638 1583
1638 1185 1639
1384 1584 1119
1585 1305 1243
1587 1585 1243
1586 1585 1505
1507 1586 1505
1504 1586 1383
1585 1587 1505
1587 1243 1680
1905 1588 1306
1514 1588 1512
1589 1311 1590
1388 1589 1247
1647 1590 1311
1523 1648 1590
1591 1381 1581
1313 1518 1591
1522 1794 1248
1590 1592 1523
1510 1593 1385
1907 1535 1531
1425 1594 1429
1261 1594 1537
1596 1595 1430
1538 1595 1540
1550 1596 1430
1590 1596 1247
1637 1502 1636
1637 1691 1597
1599 1458 1292
1565 1654 1658
1649 1292 1464
1565 1598 1599
1829 1819 1600
1601 1600 1603
1565 1601 1598
1827 1829 1834
1824 1602 1819
1603 1878 1601
1834 1175 1821
1879 1878 1602
1457 1604 1350
1566 1604 1458
1625 1626 1563
1917 1613 1915
1575 1576 1606
1578 1606 1576
1608 1445 1668
1577 1607 1609
1633 1608 1635
1630 1632 1633
1607 1608 1609
1608 1633 1632
1493 1610 1368
1612 1610 1371
1802 1801 1731
1611 1231 1670
1494 1612 1371
1619 1612 1580
1624 1634 1613
1657 1175 1658
1662 1175 1657
1710 1433 1554
1691 1693 1597
1835 1786 1791
1697 1698 1704
1545 1618 1418
1704 1549 1542
1617 1616 1618
1672 1616 1703
1618 1616 1672
1612 1619 1579
1621 1580 1622
1695 1742 1746
1621 1803 1619
1622 1580 1176
1621 1620 1803
1176 1667 1623
1620 1622 1624
1605 1625 1623
1623 1625 1628
1623 1628 1622
1629 1625 1563
1626 1625 1605
1628 1625 1629
1578 1626 1605
1626 1577 1609
1631 1629 1563
1821 1662 1832
1634 1628 1627
1622 1628 1624
1609 1608 1632
1627 1628 1629
1602 1603 1819
1631 1918 1629
1632 1563 1609
1630 1885 1918
1630 1631 1632
1632 1631 1563
1635 1608 1449
1633 1227 1823
1628 1634 1624
1861 1634 1627
1635 1857 1856
1227 1633 1635
1637 1636 1582
1242 1636 1502
1582 1639 1642
1637 1597 1676
1506 1508 1638
1185 1638 1508
1645 1724 1642
1582 1583 1639
1724 1677 1741
1914 1876 1755
1692 1694 1696
1642 1646 1582
1185 1797 1645
1646 1642 1740
1728 1185 1508
1641 1741 1700
1700 1741 1742
1703 1615 1672
1185 1645 1639
1645 1643 1724
1740 1642 1641
1646 1644 1691
1395 1647 1311
1592 1647 1394
1539 1648 1523
1540 1590 1648
1464 1570 1650
1565 1599 1649
1650 1229 1652
1649 1650 1655
1653 1651 1652
1751 1758 1614
1229 1572 1653
1652 1651 1654
1920 1895 1187
1659 1653 1569
1657 1654 1651
1654 1657 1658
1652 1655 1650
1565 1655 1654
1785 1766 1781
1868 1656 1844
1664 1661 1662
1657 1651 1665
1175 1600 1658
1600 1565 1658
1920 1659 1569
1842 1659 1656
1661 1664 1666
1845 1812 1847
1775 1763 1767
1855 1864 1875
1651 1843 1665
1826 1817 1821
1843 1653 1842
1840 1868 1812
1665 1662 1657
1666 1664 1663
1663 1664 1665
1665 1664 1662
1839 1666 1840
1789 1790 1660
1606 1667 1480
1623 1667 1605
1668 1445 1447
1449 1608 1668
1799 1669 1495
1671 1669 1611
1690 1670 1231
1670 1372 1376
1671 1368 1610
1611 1670 1671
1771 1707 1672
1675 1674 1420
1753 1759 1615
1919 1867 1889
1420 1423 1675
1835 1711 1673
1793 1418 1618
1793 1792 1675
1712 1714 1713
1502 1723 1501
1727 1796 1797
1684 1730 1732
1682 1685 1678
1734 1732 1730
1680 1243 1681
1727 1729 1798
1243 1489 1681
1727 1728 1679
1683 1487 1490
1679 1680 1681
1683 1681 1487
1682 1683 1685
1685 1683 1687
1683 1682 1681
1359 1485 1686
1684 1688 1730
1687 1683 1359
1685 1684 1732
1484 1686 1485
1688 1231 1730
1359 1686 1687
1684 1687 1686
1686 1739 1688
1295 1377 1689
1377 1372 1689
1372 1670 1690
1688 1690 1231
1372 1690 1689
1646 1691 1637
1694 1693 1691
1701 1740 1700
1704 1617 1549
1692 1697 1693
1693 1697 1699
1694 1701 1696
1692 1693 1694
1700 1742 1695
1698 1692 1706
1701 1694 1644
1705 1696 1695
1698 1697 1692
1697 1542 1795
1705 1706 1696
1704 1616 1617
1720 1722 1721
1714 1715 1713
1724 1741 1641
1695 1696 1700
1740 1701 1644
1696 1701 1700
1746 1747 1695
1702 1615 1703
1616 1698 1703
1703 1698 1706
1697 1704 1542
1704 1698 1616
1747 1705 1695
1705 1702 1706
1706 1692 1696
1703 1706 1702
1672 1759 1771
1792 1673 1674
1615 1752 1753
1762 1764 1753
1708 1764 1768
1710 1890 1433
1554 1222 1710
1711 1222 1674
1673 1711 1674
1709 1710 1711
1676 1597 1714
1520 1713 1521
1313 1712 1713
1676 1714 1712
1597 1699 1714
1714 1699 1715
1699 1697 1795
1721 1716 1720
1523 1718 1539
1521 1715 1719
1248 1717 1592
1718 1717 1716
1718 1716 1721
1539 1718 1189
1719 1715 1720
1716 1717 1794
1795 1715 1699
1722 1720 1795
1544 1547 1721
1721 1547 1189
1549 1722 1542
1721 1722 1544
1637 1723 1502
1712 1723 1676
1724 1641 1642
1796 1724 1643
1806 1677 1838
1677 1724 1796
1678 1685 1732
1726 1737 1807
1727 1679 1729
1796 1727 1726
1587 1728 1508
1679 1728 1680
1729 1678 1798
1679 1682 1729
1733 1730 1231
1735 1726 1798
1799 1733 1611
1799 1611 1669
1733 1734 1730
1678 1732 1735
1611 1733 1231
1733 1731 1734
1731 1736 1734
1737 1735 1734
1732 1734 1735
1734 1736 1737
1799 1802 1731
1736 1725 1737
1725 1738 1807
1726 1735 1737
1756 1754 1748
1677 1806 1640
1484 1739 1686
1689 1739 1295
1646 1740 1644
1641 1700 1740
1677 1640 1741
1741 1640 1742
1745 1742 1640
1746 1745 1749
1640 1748 1745
1660 1790 1666
1749 1750 1758
1751 1747 1744
1640 1806 1748
1749 1745 1743
1745 1746 1742
1746 1744 1747
1744 1758 1751
1702 1747 1752
1725 1808 1738
1736 1801 1725
1749 1743 1750
1746 1749 1744
1769 1773 1788
1765 1767 1769
1762 1753 1760
1702 1752 1615
1747 1751 1752
1753 1708 1759
1752 1760 1753
1751 1614 1763
1745 1748 1754
1809 1808 1725
1861 1937 1634
1756 1787 1754
1808 1748 1738
1788 1875 1815
1769 1772 1773
1875 1912 1855
1749 1758 1744
1614 1758 1750
1759 1708 1771
1615 1759 1672
1752 1751 1760
1751 1763 1762
1614 1767 1763
1889 1891 1919
1751 1762 1760
1764 1762 1761
1815 1813 1769
1761 1762 1763
1770 1768 1764
1753 1764 1708
1782 1765 1784
1777 1761 1774
1781 1777 1779
1776 1777 1781
1772 1614 1750
1767 1765 1775
1891 1835 1791
1708 1786 1771
1772 1767 1614
1773 1750 1743
1761 1763 1775
1836 1776 1766
1786 1708 1768
1673 1707 1771
1773 1772 1750
1767 1772 1769
1743 1787 1773
1876 1913 1755
1784 1789 1782
1779 1777 1774
1782 1775 1765
1761 1775 1774
1768 1770 1776
1777 1776 1770
1761 1777 1770
1778 1779 1780
1666 1839 1660
1814 1837 1865
1780 1779 1774
1781 1779 1778
1774 1775 1782
1780 1660 1846
1845 1848 1850
1776 1781 1766
1765 1813 1784
1774 1782 1780
1846 1839 1841
1849 1187 1853
1790 1784 1833
1780 1789 1660
1850 1781 1778
1785 1848 1854
1786 1768 1791
1673 1771 1786
1754 1787 1743
1913 1756 1755
1913 1773 1787
1916 1876 1914
1782 1789 1780
1789 1784 1790
1826 1832 1862
1661 1666 1790
1768 1836 1791
1837 1836 1766
1675 1792 1674
1707 1673 1792
1618 1707 1793
1793 1707 1792
1248 1794 1717
1521 1794 1522
1722 1795 1542
1715 1795 1720
1796 1643 1797
1726 1807 1838
1645 1797 1643
1185 1727 1797
1735 1798 1678
1726 1727 1798
1799 1495 1802
1733 1799 1731
1802 1495 1803
1811 1810 1755
1731 1801 1736
1801 1800 1809
1619 1803 1495
1801 1802 1800
1805 1803 1620
1800 1802 1803
1917 1805 1620
1804 1755 1810
1620 1624 1917
1800 1805 1804
1838 1677 1796
1748 1806 1738
1725 1807 1737
1738 1806 1838
1725 1801 1809
1748 1808 1811
1810 1809 1800
1748 1811 1756
1804 1810 1800
1811 1755 1756
1808 1809 1811
1810 1811 1809
1812 1839 1840
1841 1850 1778
1769 1813 1765
1863 1813 1757
1910 1893 1872
1836 1837 1919
1813 1815 1757
1769 1788 1815
1822 1884 1885
1860 1830 1880
1630 1633 1823
1227 1820 1823
1828 1818 1827
1820 1824 1819
1600 1819 1603
1820 1819 1818
1820 1818 1831
1820 1227 1824
1832 1662 1661
1827 1821 1817
1828 1817 1880
1884 1830 1883
1831 1823 1820
1885 1823 1822
1856 1227 1635
1824 1856 1825
1290 1858 1825
1859 1825 1344
1862 1790 1833
1860 1816 1830
1828 1827 1817
1827 1818 1829
1860 1880 1826
1828 1822 1831
1819 1829 1818
1175 1829 1600
1883 1830 1816
1822 1828 1830
1828 1831 1818
1823 1831 1822
1862 1832 1661
1821 1832 1826
1784 1863 1833
1864 1863 1757
1827 1834 1821
1829 1175 1834
1711 1835 1709
1786 1835 1673
1776 1836 1768
1766 1865 1837
1814 1866 1837
1867 1930 1138
1726 1838 1796
1738 1838 1807
1840 1666 1663
1841 1839 1812
1868 1663 1842
1663 1868 1840
1841 1812 1845
1846 1841 1778
1663 1665 1843
1659 1842 1653
1653 1843 1651
1663 1843 1842
1851 1931 1849
1847 1874 1845
1847 1812 1844
1848 1845 1783
1780 1846 1778
1839 1846 1660
1844 1849 1847
1873 1853 1909
1854 1848 1783
1785 1781 1850
1851 1849 1844
1187 1894 1853
1845 1850 1841
1785 1850 1848
1844 1656 1851
1656 1920 1931
1892 1138 1866
1847 1849 1873
1897 1871 1870
1898 1909 1853
1893 1854 1783
1865 1854 1814
1913 1876 1912
1855 1816 1882
1227 1856 1824
1635 1449 1857
1454 1857 1449
1290 1856 1857
1858 1290 1343
1344 1825 1858
1877 1859 1344
1859 1228 1878
1826 1881 1860
1864 1833 1863
1855 1916 1816
1823 1885 1630
1790 1862 1661
1881 1862 1833
1813 1863 1784
1757 1875 1864
1882 1864 1855
1881 1864 1860
1766 1785 1865
1865 1785 1854
1892 1866 1814
1138 1886 1867
1867 1888 1889
1138 1930 1866
1656 1868 1842
1812 1868 1844
1852 1911 1910
1925 1928 1557
1906 1904 1905
1896 1898 1894
1871 1511 1513
1870 1894 1897
1872 1909 1910
1872 1874 1873
1853 1873 1849
1874 1872 1783
1845 1874 1783
1847 1873 1874
1815 1875 1757
1912 1875 1788
1755 1804 1914
1855 1876 1916
1349 1877 1344
1566 1877 1291
1601 1878 1228
1602 1878 1603
1825 1859 1879
1878 1879 1859
1828 1880 1830
1826 1880 1817
1862 1881 1826
1864 1881 1833
1816 1860 1882
1864 1882 1860
1916 1883 1816
1884 1883 1861
1627 1918 1861
1830 1884 1822
1861 1885 1884
1918 1627 1629
1138 1927 1929
1886 1929 1887
1556 1887 1557
1888 1284 1552
1867 1886 1888
1887 1888 1886
1890 1552 1433
1891 1889 1709
1709 1890 1710
1552 1890 1889
1835 1891 1709
1836 1919 1791
1814 1854 1893
1869 1932 1927
1872 1893 1783
1869 1892 1893
1894 1187 1895
1894 1870 1896
1931 1920 1187
1511 1923 1245
1901 1896 1870
1903 1438 1924
1894 1895 1897
1897 1895 1923
1909 1898 1852
1894 1898 1853
1904 1870 1871
1908 1906 1907
1898 1902 1852
1902 1901 1900
1904 1901 1870
1900 1901 1899
1901 1902 1896
1911 1902 1900
1438 1903 1558
1899 1903 1900
1905 1904 1512
1901 1904 1899
1588 1905 1512
1906 1905 1306
1907 1906 1306
1904 1906 1899
1593 1907 1306
1908 1907 1531
1908 1531 1532
1908 1244 1899
1910 1909 1852
1873 1909 1872
1852 1902 1911
1893 1910 1869
1900 1924 1911
1925 1932 1926
1913 1912 1788
1876 1855 1912
1773 1913 1788
1913 1787 1756
1804 1915 1914
1634 1937 1613
1917 1804 1805
1915 1613 1937
1914 1915 1937
1916 1937 1883
1613 1917 1624
1917 1915 1804
1630 1918 1631
1861 1918 1885
1837 1866 1930
1791 1919 1891
1659 1920 1656
1569 1571 1921
1922 1921 1461
1569 1921 1920
1463 1922 1461
1922 1245 1923
1897 1923 1871
1923 1895 1921
1903 1924 1900
1924 1438 1926
1869 1911 1932
1924 1926 1911
1933 1438 1560
1928 1926 1933
1869 1927 1892
1925 1557 1929
1557 1928 1340
1925 1926 1928
1138 1929 1886
1925 1929 1927
1867 1919 1930
1837 1930 1919
1849 1931 1187
1656 1931 1851
1926 1932 1911
1927 1932 1925
1441 1933 1560
1928 1933 1340
1259 1934 1201
1936 1934 1258
1201 1934 1935
1157 1935 1934
1262 1936 1258
1406 1936 1139
1883 1937 1861
1937 1916 1914
1961 2020 2021
1970 1984 1971
1940 1941 2013
2095 2130 2013
1938 2111 19
1986 1985 1972
1972 1985 2079
2021 1981 1961
1941 1955 2013
1985 1119 2111
2095 1955 1954
2076 2106 2075
2000 1983 1999
2096 2015 2014
2093 2094 2014
2070 2077 2006
2088 2051 2054
1941 1940 1965
16 2003 1991
2049 2052 2047
1971 1984 1982
1954 1953 2093
1979 1998 1981
2124 2125 2016
1939 1988 1975
1985 1120 1119
1120 2001 1121
11 1996 1997
2111 2079 1985
2000 2009 1983
2092 1123 2117
1126 1999 1982
1121 2001 2002
1975 1974 2113
1938 1989 1988
2104 2019 2020
1971 1963 1970
1980 1996 1978
2019 1971 1969
1130 1129 1956
1124 2000 1125
1129 1970 1956
1961 1962 1963
2082 1986 1972
1969 1982 1983
12 11 1997
1978 9 1995
2125 2099 2151
1948 2134 1949
2008 2011 2024
1957 1956 1963
1128 1127 1984
2026 1969 2030
2081 2080 2101
1945 2132 1946
1963 1962 1957
1126 1982 1127
1945 1944 2100
1965 1940 1975
2106 2076 2116
1942 1941 1965
1971 1982 1969
1968 2029 1978
1975 1940 1939
2001 1985 1986
1989 19 18
1992 2003 2004
1976 1993 1991
1938 1988 1939
1958 1981 1959
1999 1126 1125
1965 1975 2081
2000 2012 2010
1990 1966 2089
2123 2122 1964
1962 1961 1981
1957 1962 1958
1942 2081 1943
1962 1981 1958
1998 7 1959
2065 2058 2055
2089 2080 2113
1956 1970 1963
1979 2027 1978
1963 1971 2104
1989 1990 1974
2101 1943 2081
2021 2022 2027
16 1991 17
10 9 1978
1129 1128 1970
2030 2031 2026
10 1996 11
1123 2092 2012
1970 1128 1984
14 13 2005
1992 2106 1991
1995 9 8
1979 1995 1998
2142 2146 2102
1982 1984 1127
2011 2067 1997
1972 2097 2082
2002 2117 1121
2045 2036 2039
2045 2078 2036
1938 19 1989
1975 1988 1974
17 1993 18
1974 1988 1989
1989 18 1993
2090 1990 1993
2003 16 15
1976 2090 1993
2004 15 14
1967 2052 2057
1993 1990 1989
17 1991 1993
2072 2067 2068
2073 1977 2065
1998 1995 8
1978 1995 1979
1978 1996 10
1997 1996 1980
1997 1980 2011
2067 2072 1997
7 1998 8
1959 1981 1998
2000 1999 1125
1982 1999 1983
1124 1123 2012
2010 2007 2009
1985 2001 1120
2002 2001 1986
2084 2002 1986
2120 2038 2118
2004 2003 15
1991 2003 1992
2005 2004 14
2105 2073 2074
2005 13 2072
2004 2005 1994
2022 1968 2027
2034 2036 2033
2033 2036 2032
2024 2028 2008
2024 1968 2022
2060 2070 2043
2010 2009 2000
2030 2009 2007
2000 1124 2012
2007 2010 1987
2011 1980 2029
2008 2077 2067
1122 2117 1123
2010 2012 2119
2093 2015 2095
2130 2129 2013
2094 1953 1952
2095 2013 1955
2096 2014 2123
2097 2096 1964
1951 2148 2127
1950 1949 2136
2063 2109 2061
2102 2132 2100
2103 2134 2135
2042 2047 1967
2026 2019 1969
2020 2019 1960
2021 2020 1960
2104 1961 1963
2021 1960 2022
2021 1979 1981
2022 1960 2025
2025 2024 2022
2025 1960 2026
2023 2031 2032
2024 2023 2028
2029 2024 2011
1960 2019 2026
2024 2025 2023
1969 1983 2030
2023 2025 2026
1978 2027 1968
1979 2021 2027
2032 2028 2023
2077 2028 2006
1978 2029 1980
1968 2024 2029
2009 2030 1983
2026 2031 2023
2007 2033 2030
2032 2006 2028
2033 2031 2030
2032 2031 2033
1987 2034 2007
2007 2034 2033
2037 2034 1987
2006 2032 2036
2035 2037 2040
2053 2044 2048
2041 2037 2039
2041 2039 2036
2040 1987 2038
2037 2035 2039
2092 2118 2119
2038 2054 2056
2035 2042 2039
2045 2039 2046
1987 2040 2037
2121 2054 2038
2036 2034 2041
2037 2041 2034
2047 2050 2048
2046 2042 1967
2058 2046 1967
2060 2066 2070
2044 2047 2048
2131 2151 2147
2046 2039 2042
2043 2070 2078
2058 1967 2057
2045 2046 2043
2050 2035 2048
2049 2047 2044
2056 2035 2040
2051 2016 2150
2150 2044 2053
2047 2052 1967
2047 2042 2050
2035 2050 2042
2051 2053 2054
2085 2086 2084
2064 2018 2144
2057 2061 2055
2054 2053 2048
2150 2053 2051
2054 2048 2056
1973 2086 2088
2052 2064 2061
2074 1994 2105
2035 2056 2048
2038 2056 2040
2052 2049 2064
2046 2058 2043
2057 2055 2058
2058 2065 2060
2133 2142 2140
1966 2115 2114
2071 2060 1977
2043 2058 2060
2052 2061 2057
2063 2061 2059
2145 2135 2133
2091 2116 2110
2140 2141 2133
2107 2063 2110
2018 2064 2049
2061 2064 2059
2073 2065 2108
1977 2060 2065
2068 2071 1994
2068 2067 2066
2008 2067 2011
2066 2071 2068
2072 1994 2005
12 2072 13
2109 2107 2108
2074 2075 2004
2077 2070 2066
2078 2070 2006
2060 2071 2066
2071 1977 2105
1997 2072 12
2072 2068 1994
2108 2065 2055
2074 2073 2069
2075 2074 2069
1994 2074 2004
2075 2069 2076
2004 2075 1992
2107 2076 2069
2090 1976 2116
2067 2077 2066
2077 2008 2028
2036 2078 2006
2043 2078 2045
1938 1939 2112
2096 2098 2015
2114 2080 2089
2100 2101 2017
1965 2081 1942
2081 1975 2113
2082 1964 2085
2082 2085 2084
2122 2014 2094
2051 2083 2126
2087 2084 1973
1986 2082 2084
2122 2085 1964
2085 2083 2086
2051 2086 2083
1973 2084 2086
2087 2121 2120
2002 2084 2087
1973 2088 2054
2086 2051 2088
2089 1966 2114
1974 1990 2089
1976 2106 2116
1966 1990 2090
2115 2091 2143
1966 2090 2091
2120 2002 2087
1987 2118 2038
2094 2093 1953
2015 2093 2014
2127 2137 1951
2126 2122 2124
2093 2095 1954
2095 2015 2130
1964 2082 2097
2097 2128 2096
1972 2079 2097
2128 2097 2079
2112 2098 2079
1940 2129 1939
1949 2134 2136
2138 2018 2049
2101 2100 1944
2102 2100 2017
1943 2101 1944
2101 2080 2114
2115 2143 2149
2062 2063 2140
2135 1948 1947
2138 2139 2018
2019 2104 1971
1961 2104 2020
2071 2105 1994
2073 2105 1977
1991 2106 1976
2075 2106 1992
2108 2107 2069
2110 2063 2062
2073 2108 2069
2109 2108 2055
2061 2109 2055
2063 2107 2109
2091 2110 2062
2076 2107 2110
19 2111 1119
2112 2111 1938
2112 1939 2129
2111 2112 2079
2089 2113 1974
2081 2113 2080
2115 1966 2091
2101 2114 2017
2062 2142 2143
2017 2114 2115
2110 2116 2076
2090 2116 2091
1121 2117 1122
2120 2117 2002
1987 2010 2119
2120 2118 2092
2092 2119 2012
1987 2119 2118
2120 2092 2117
2087 1973 2121
2054 2121 1973
2038 2120 2121
2124 2122 2094
2085 2122 2083
2096 2123 1964
2014 2122 2123
1952 2137 2094
2126 2124 2016
2124 2094 2137
2125 2137 2127
2051 2126 2016
2122 2126 2083
2148 1951 1950
2099 2125 2127
2079 2098 2128
2096 2128 2098
2013 2129 1940
2112 2129 2098
2015 2098 2130
2129 2130 2098
2049 2152 2138
2147 2136 2139
2100 2132 1945
2146 2132 2102
2140 2063 2141
1946 2146 1947
2135 2134 1948
2136 2134 2103
2146 2135 1947
2133 2141 2145
2136 2103 2139
2148 2136 2147
2137 1952 1951
2124 2137 2125
2152 2049 2044
2139 2138 2131
2139 2131 2147
2139 2103 2153
2141 2063 2059
2133 2146 2142
2059 2144 2141
2139 2153 2018
2102 2017 2149
2062 2140 2142
2062 2143 2091
2149 2142 2102
2064 2144 2059
2144 2018 2153
2141 2144 2153
2135 2145 2153
2146 1946 2132
2135 2146 2133
2131 2152 2151
2148 2147 2099
2127 2148 2099
1950 2136 2148
2115 2149 2017
2142 2149 2143
2151 2150 2016
2152 2150 2151
2125 2151 2016
2147 2151 2099
2138 2152 2131
2044 2150 2152
2135 2153 2103
2153 2145 2141