277
273
181
75
85
195
3897
3897
3868
3893
3863
4045
4038
3909
3907
3883
3888
3881
4123
2901
2659
2889
2653
2895
2681
2932
2679
2688
2685
2927
2672
2511
2515
2515
2393
2190
2190
87
137
153
371
373
229
168
261
411
413
267
437
441
443
184
247
380
381
98
201
119
2175
2290
2397
2288
2945
2945
2915
2913
2924
2923
2667
2815
2813
2599
2827
2827
2805
3023
3023
1753
1703
1781
1858
1799
1791
1775
1773
1719
1769
1748
1772
151
148
216
219
277
150
1186
591
1611
285
240
1151
862
171
1541
1505
161
937
1479
162
356
426
1021
1597
394
300
85
194
176
644
476
348
722
1526
490
1497
161
151
221
1488
144
216
487
1102
1452
157
371
431
311
1582
187
502
393
190
300
197
196
242
509
202
381
517
809
256
403
219
1488
1595
1491
222
265
415
1485
373
301
1032
501
295
240
458
634
458
248
505
535
254
402
525
260
262
411
428
413
442
315
274
1596
1595
301
304
299
455
305
290
330
294
296
304
300
302
317
311
1009
1009
324
631
316
333
451
451
1031
1021
459
330
1128
455
459
1011
1209
581
1042
1467
716
877
356
591
473
474
563
474
364
553
476
534
531
426
864
719
395
382
976
810
812
978
502
498
637
808
404
1508
486
653
955
957
955
416
416
428
693
1101
1101
432
428
786
434
434
1453
1453
537
442
537
807
496
1018
1032
622
456
458
631
893
852
1075
1073
853
790
474
715
881
691
692
672
486
490
1487
803
623
496
498
1585
626
509
506
1056
535
1482
1496
1502
522
816
650
692
526
786
785
573
785
536
538
800
873
851
840
923
927
1637
556
556
853
862
579
584
566
865
584
606
605
576
578
789
592
588
590
788
877
592
600
740
788
738
746
878
606
866
791
886
675
616
798
899
1026
1019
1583
1614
1550
632
1587
727
728
1288
644
1618
1617
813
655
679
654
656
685
670
1620
689
810
1622
670
975
1136
676
902
901
1621
969
1622
1621
793
692
937
799
825
700
836
909
844
919
927
928
855
716
863
863
864
1635
1636
728
874
873
874
741
738
1206
749
931
767
931
752
769
879
778
879
880
880
1205
1205
1206
770
1438
1301
1191
1209
871
869
869
786
788
865
792
975
888
798
1035
1036
900
1618
1617
810
1532
1517
1532
1229
902
1630
828
828
871
1005
832
923
909
852
840
1240
844
920
848
1637
852
854
860
1041
1635
862
864
866
872
870
872
874
952
878
880
886
976
886
928
1035
1634
898
1005
1036
900
902
1434
1631
921
1075
1047
919
916
1266
919
1243
924
1243
928
1638
941
934
1083
951
1100
942
948
1159
950
1294
963
1108
1110
1107
1109
1484
1112
1484
972
1139
1638
1230
976
1634
1460
1119
1633
1336
1633
985
1458
1439
1335
1457
1227
1129
1130
1116
1228
1022
1225
1226
1225
1029
1033
1022
1029
1026
1129
1130
1034
1034
1036
1229
1133
1046
1253
1636
1239
1049
1240
1153
1151
1388
1279
1278
1069
1265
1068
1264
1144
1071
1076
1099
1295
1166
1162
1086
1201
1373
1300
1329
1204
1198
1198
1102
1104
1451
1112
1110
1112
1114
1439
1124
1120
1455
1227
1455
1128
1130
1432
1421
1426
1234
1140
1442
1238
1248
1269
1446
1277
1278
1293
1293
1294
1166
1177
1166
1448
1297
1174
1448
1271
1295
1447
1283
1375
1195
1313
1437
1438
1313
1200
1198
1303
1202
1325
1206
1208
1210
1440
1221
1216
1647
1646
1551
1415
1228
1228
1232
1232
1442
1468
1444
1247
1242
1248
1255
1269
1270
1472
1254
1279
1389
1379
1465
1443
1444
1280
1270
1297
1446
1276
1278
1280
1291
1447
1292
1290
1290
1482
1294
1300
1298
1373
1307
1304
1461
1312
1462
1461
1462
1319
1459
1348
1337
1460
1332
1464
1343
1332
1365
1440
1458
1357
1463
1463
1429
1348
1357
1398
1371
1411
1358
1377
1456
1464
1411
1383
1403
1459
1374
1381
1378
1388
1473
1401
1396
1391
1474
1473
1478
1649
1416
1474
1417
1647
1478
1605
1418
1418
1420
1416
1418
1419
1428
1433
1432
1428
1430
1432
1434
1468
1438
1440
1442
1444
1446
1448
1486
1483
1486
1456
1458
1460
1462
1464
1472
1470
1470
1472
1474
1649
1478
1480
1482
1484
1486
1494
1557
1579
1499
1518
1498
1507
1523
1504
1506
1508
1575
1520
1542
1546
1525
1520
1535
1526
1526
1628
1650
1532
1627
1620
1553
1627
1591
1599
1572
1645
1646
1615
1571
1576
1580
1581
1578
1589
1590
1641
1590
1576
1643
1576
1580
1580
1596
1584
1640
1613
1590
1643
1608
1596
1641
1607
1639
1610
1606
1650
1610
1615
1614
1640
1618
1631
1622
1624
1632
1628
1632
1632
1634
1636
1638
1645
1644
1644
1646
1648
1650
1909
1807
1834
1722
1755
1837
1877
1879
1893
1963
1967
1994
1978
1971
1975
1897
1973
1899
3024
2593
2587
2161
2590
2787
2829
2605
2857
2610
2375
2261
1731
1734
1734
1772
1872
1821
1734
1735
1735
1838
2072
2064
1917
1961
1950
1830
1740
1757
2076
2032
2070
1835
1825
1825
1961
1962
1908
1831
1751
2071
1780
1881
1857
2075
1956
1805
1794
1960
1770
1772
1774
1803
1829
1780
1799
2075
1933
1955
1954
1800
1794
1955
2080
1800
1802
1962
2069
1915
1883
1892
2011
1980
1818
1826
1873
1830
1826
1943
1908
1832
1912
1915
1881
1884
1969
1928
1846
2076
1870
2033
1867
1980
1858
2062
1941
2027
1987
1985
1960
2079
1874
2079
1878
1891
2071
2072
1893
2009
1970
1970
1964
1993
1979
1974
2037
2038
1906
1908
1910
1919
1920
1973
1918
1920
2019
2019
1926
2017
2020
2020
1936
2016
1942
2049
1954
1991
2077
1989
2068
1956
1954
1956
2030
1960
1962
1964
2010
1993
1970
2007
1974
1976
2007
2037
2010
2063
2033
1988
2041
2049
1994
2001
2039
2035
2008
2036
2063
2008
2010
2012
2018
2074
2022
2020
2022
2060
2026
2032
2039
2032
2034
2038
2038
2046
2042
2059
2064
2078
2078
2074
2066
2066
2080
2060
2065
2064
2070
2077
2070
2072
2074
2076
2078
2080
2120
2176
2125
2293
2295
2169
2246
2303
2234
2254
2236
2236
2194
2453
2182
2182
2309
2309
2185
2173
2174
4123
3903
4135
4135
3925
3921
3899
3841
3871
3865
3861
3810
2258
2251
2259
2215
2376
2175
2956
3753
3768
2405
2190
2189
2206
2237
2289
2439
2774
2715
2401
2176
2293
2399
2465
2461
2543
2447
3766
2311
2220
2295
2523
2319
2333
2451
2307
2447
2254
2326
2330
2217
2236
2321
2254
2327
3564
3139
3043
2840
2259
2841
2365
2840
2841
2842
3490
2949
3757
2673
3338
2929
2282
2949
2397
2398
2286
2398
2290
2441
2400
2296
3765
2474
2473
2444
2557
2454
2314
2455
2314
2713
2466
2320
2322
2693
2326
2461
2334
2767
2336
2346
2343
3316
3004
2565
2767
2471
3607
3651
3199
3051
3361
2651
3044
2373
2366
2490
2644
2621
2374
2376
2858
3168
3255
3712
3740
2925
3088
3483
2405
2396
2398
2426
2402
2409
2929
2930
2675
3767
3763
2673
3084
3767
2995
2996
2524
2526
2430
3013
2537
2528
2530
2441
2950
2444
2557
2449
2562
2452
2454
2707
2566
2565
2693
3670
2466
2773
2474
2574
2523
3611
3650
3093
3041
2836
3374
2888
3044
2636
2883
2844
2623
2624
3057
2909
3064
3709
2821
2512
2925
2676
3189
2682
3321
2524
2526
2531
2957
2540
2538
2955
3013
2951
2967
2558
2696
2694
2716
2694
2722
2569
2558
2713
2717
2718
2568
2720
2720
2769
2773
3762
2782
3019
3611
3649
2803
2588
2590
3029
3649
3103
2825
2814
2818
2828
2857
2830
2858
2877
3269
2887
2629
2887
2630
2624
2880
2645
2630
3237
2882
2882
3119
3276
2881
2652
2888
3236
3273
2652
2895
2894
3077
2902
3068
3063
3081
2815
2921
3074
2674
2930
2927
2686
2935
3190
3189
2688
2966
2954
2694
2709
2710
2748
2757
2757
2727
3768
2721
2739
2715
2718
2718
2720
2751
2751
2985
2760
2730
3245
2974
3243
2985
2753
3243
2752
3083
2758
2759
2752
3083
3087
2758
2760
3673
2764
3017
2774
3006
3747
3019
3020
3761
2782
2782
2795
3231
2829
3231
2799
3609
2796
3051
2802
2802
3609
2806
3030
3103
3104
2814
2819
3739
2820
3739
3193
3042
2828
2830
2851
2845
2836
2842
2849
2842
3045
3046
3045
2853
2852
2854
3229
2858
2860
2866
3373
3267
2868
3259
2876
3255
3257
2878
2880
3115
3119
3499
2888
2890
2906
2894
2896
3248
3341
2902
3068
3069
3171
3067
3351
2924
3081
3686
3705
3637
3072
2926
2928
2930
3078
2939
3320
3484
3484
3327
2944
2946
2961
2956
2961
2963
2956
3711
3711
2962
2964
3082
2968
3084
3086
3332
3192
2992
3485
2994
3340
3128
2992
3338
2994
3339
3087
2998
3676
3002
3315
3006
3669
3751
3701
3014
3761
3018
3020
3160
3024
3212
3650
3029
3039
3738
3193
3736
3199
3042
3044
3107
3108
3148
3147
3133
3137
3077
3178
3174
3063
3069
3068
3351
3705
3074
3192
3078
3329
3709
3084
3086
3088
3323
3097
3194
3554
3651
3652
3652
3104
3230
3229
3113
3232
3157
3237
3361
3133
3729
3433
3414
3304
3292
3481
3499
3505
3138
3152
3230
3729
3146
3148
3666
3163
3666
3731
3731
3160
3529
3724
3608
3168
3341
3172
3185
3385
3376
3343
3489
3375
3489
3375
3190
3192
3196
3205
3581
3205
3581
3206
3206
3758
3223
3212
3735
3588
3619
3537
3582
3226
3579
3573
3230
3232
3358
3274
3238
3414
3566
3479
3479
3342
3507
3491
3354
3352
3262
3354
3265
3270
3347
3373
3270
3275
3374
3276
3278
3307
3284
3287
3305
3307
3325
3304
3335
3376
3298
3398
3308
3304
3306
3308
3482
3437
3677
3675
3565
3342
3321
3324
3486
3334
3483
3332
3333
3486
3340
3485
3342
3346
3511
3571
3492
3352
3354
3359
3497
3365
3494
3366
3491
3497
3509
3572
3374
3376
3378
3387
3469
3411
3403
3394
3399
3514
3411
3439
3419
3415
3424
3469
3647
3722
3645
3412
3414
3419
3449
3422
3435
3424
3521
3625
3440
3567
3526
3449
3468
3440
3721
3460
3455
3567
3449
3587
3454
3587
3592
3473
3681
3621
3626
3566
3722
3721
3474
3619
3734
3482
3482
3484
3486
3571
3490
3492
3494
3515
3511
3502
3502
3730
3725
3510
3572
3517
3518
3518
3518
3632
3621
3679
3645
3661
3656
3557
3553
3541
3563
3664
3618
3607
3653
3657
3563
3655
3564
3664
3558
3560
3658
3564
3677
3678
3756
3572
3588
3576
3595
3631
3582
3632
3643
3588
3644
3596
3757
3596
3758
3715
3692
3679
3720
3610
3610
3612
3654
3660
3769
3657
3621
3660
3626
3733
3755
3632
3749
3697
3741
3714
3714
3644
3646
3720
3650
3654
3654
3656
3658
3660
3769
3665
3732
3753
3672
3672
3676
3676
3734
3749
3716
3692
3742
3699
3741
3695
3712
3743
3704
3715
3743
3708
3706
3708
3710
3712
3714
3716
3759
3720
3722
3770
3730
3770
3730
3732
3756
3738
3742
3740
3742
3746
3760
3759
3760
3762
3754
3756
3758
3760
3762
3766
3766
3768
3770
4124
4125
4159
3831
4063
4103
4103
4165
4193
4171
4169
4099
4198
4175
4175
4087
4091
3930
3853
3847
3849
3898
3951
4110
3849
3942
4147
4063
4129
4000
3960
3953
3865
4109
4095
4143
4127
4064
4113
4112
3959
3956
3959
3944
3900
3961
3871
3903
4070
4140
3880
3887
4082
4113
4114
3888
4111
3892
3894
4045
3898
3900
3921
3904
4136
3908
4052
4037
4057
3968
4056
3961
4137
4035
4139
4159
4148
4161
4203
4199
4190
4109
4110
3956
3946
3962
3960
3954
3962
3956
4056
3960
3965
3966
3970
3968
3984
4013
4057
3984
4144
3991
4014
3984
4002
4058
4206
4058
4016
4001
4013
4177
4002
4153
4023
4008
4143
4119
4014
4023
4022
4189
4043
4119
4187
4181
4189
4047
4055
4055
4046
4117
4042
4111
4046
4117
4050
4114
4133
4056
4058
4157
4128
4128
4093
4154
4076
4146
4078
4142
4078
4127
4134
4187
4141
4091
4151
4092
4158
4096
4162
4204
4165
4130
4188
4207
4110
4112
4114
4122
4118
4120
4133
4126
4160
4128
4132
4199
4134
4141
4140
4140
4144
4144
4154
4148
4176
4203
4154
4197
4158
4162
4162
4205
4193
4194
4170
4207
4198
4176
4205
4184
4186
4208
4200
4200
4191
4208
4194
4204
4198
4200
4206
4204
4206
4208
