-0.00710243 0.21168216 0.06103334
-0.02569893 0.21282987 0.05967784
-0.04273815 0.21605322 0.05439903
-0.05848527 0.22171773 0.04660281
-0.07007377 0.23157912 0.03456247
-0.07912730 0.24223073 0.02069552
-0.08117030 0.25253978 0.00567968
-0.09583520 0.24863167 0.01076557
-0.10938354 0.24784616 0.01782049
-0.12147325 0.24392867 0.02573895
-0.13346790 0.23724572 0.03326347
-0.14686264 0.22707006 0.03772115
-0.16022326 0.21682981 0.04173448
-0.17668425 0.20724383 0.04775788
-0.19339381 0.19406599 0.05271253
-0.20630243 0.17482160 0.05044037
-0.20902091 0.15081893 0.03601641
-0.22590235 0.13466439 0.01748238
-0.23910198 0.10704321 -0.00322933
-0.20700699 0.10684193 -0.01690890
-0.19139543 0.07935155 -0.00595906
-0.17716417 0.05736066 0.00151645
-0.17019495 0.03603686 0.00468553
-0.16232581 0.01386811 0.00601396
-0.15589537 -0.00904883 0.00617229
-0.15341116 -0.03215371 0.00574899
-0.15456682 -0.05698388 0.00436376
-0.15679663 -0.08410048 0.00300079
-0.15792182 -0.11155917 0.00229252
-0.16254576 -0.13926192 0.00102128
-0.16929030 -0.16694759 -0.00078463
-0.17434548 -0.19481702 -0.00257737
-0.17700407 -0.22303241 -0.00479359
-0.18006612 -0.25094473 -0.00708634
-0.18612646 -0.27786878 -0.01014163
-0.18684162 -0.30544347 -0.01319305
-0.19155599 -0.33247247 -0.01629416
-0.19240427 -0.33523738 0.00733518
-0.19400923 -0.33547148 0.03013641
-0.18507770 -0.33592713 0.05031716
-0.17556268 -0.33522940 0.06973746
-0.16569164 -0.33393404 0.08956391
-0.14795198 -0.33348855 0.10408314
-0.12737930 -0.33351642 0.11558832
-0.10414754 -0.33440757 0.12276540
-0.07909104 -0.33538750 0.12563892
-0.05353982 -0.33593810 0.13136420
-0.02757924 -0.33629054 0.13765739
-0.00157791 -0.33667383 0.14350566
0.02484038 -0.33696038 0.14638479
0.05032423 -0.33676812 0.14061271
0.07493472 -0.33627942 0.13436820
0.09836919 -0.33609951 0.12691633
0.12083880 -0.33618996 0.11985877
0.14151333 -0.33696064 0.10954352
0.15916087 -0.33819169 0.09615170
0.16999097 -0.33951974 0.07758433
0.18310191 -0.34003887 0.06154276
0.18874477 -0.34068868 0.04165572
0.18877512 -0.31086382 0.04043220
0.18484227 -0.28146505 0.03842674
0.18084350 -0.25247383 0.03667548
0.17685685 -0.22360854 0.03558470
0.17326117 -0.19495730 0.03541751
0.16735911 -0.16688742 0.03549009
0.16092707 -0.13890196 0.03633894
0.15804201 -0.11085805 0.03932508
0.15285218 -0.08358335 0.04288559
0.14968988 -0.05632403 0.04521337
0.14564909 -0.03111905 0.04602561
0.14044510 -0.00711842 0.04486126
0.14883906 0.01630989 0.04299823
0.15842290 0.03845523 0.03893469
0.17633608 0.05768338 0.03360103
0.19617352 0.07832594 0.02599615
0.19604453 0.09677137 0.01549859
0.22264646 0.12925036 0.00567527
0.22750634 0.13023354 0.04294292
0.20863405 0.14891961 0.03470448
0.19114187 0.16569839 0.04680109
0.17728829 0.18588404 0.05077340
0.16070004 0.20066366 0.04936881
0.14757892 0.21706302 0.04607636
0.13627596 0.22946763 0.04221339
0.12441441 0.23955987 0.03448938
0.11327656 0.24635336 0.02538074
0.10201935 0.25141907 0.01522742
0.09120046 0.25459585 0.00651502
0.07806871 0.26044270 0.00297241
0.07283597 0.24917659 0.01901814
0.06332587 0.23706724 0.03627609
0.05053436 0.22602718 0.04811790
0.03347882 0.21822479 0.05664561
0.01353424 0.21309073 0.06061753
-0.18894362 -0.32051292 -0.00295550
-0.06815848 -0.09506378 0.13766120
-0.18087095 -0.26760048 0.04432975
-0.07056408 0.12559217 0.11861264
-0.09441549 0.19779742 0.05877665
-0.09505421 0.22362095 0.03842077
0.09560922 -0.17946920 0.12774938
0.16005510 -0.26805246 0.08595698
0.18434913 -0.32567978 0.05030591
0.06307147 0.14885344 0.10403176
0.08396018 0.20327561 0.05853513
0.08459510 0.23869038 0.02744666
-0.11443946 -0.20986515 0.11158790
-0.01071903 -0.20135197 0.15575869
-0.18526416 -0.30326277 0.04100958
-0.19209304 -0.30915707 0.01884698
-0.16392149 -0.27882338 0.08211641
-0.13210225 0.14937758 0.07461083
-0.02401605 0.16660218 0.08962817
-0.06779490 0.20505781 0.05582596
-0.11716814 0.21385865 0.04628728
-0.08807579 0.23326097 0.02872673
-0.10661570 0.23601688 0.02885617
-0.07542785 0.22023900 0.04249994
0.07958972 -0.25642443 0.12968571
0.16357987 -0.30495289 0.08678107
0.17633681 -0.31287870 0.06875750
0.12549543 -0.27974510 0.11235527
0.12310244 0.15581268 0.07899207
0.10981441 0.21748859 0.04712419
0.05680110 0.21010268 0.05762897
0.09070636 0.24757548 0.01709274
0.07422356 0.24121328 0.02791924
0.09825151 0.23953892 0.02785993
0.08581153 0.22077677 0.04428811
0.08924732 0.23075725 0.03567059
0.07118720 0.22613186 0.04236920
0.10170832 0.22651121 0.03992635
-0.10364077 -0.27036777 0.11529431
-0.03666987 -0.26730442 0.14293087
-0.18665442 -0.32266390 0.03995168
-0.17951271 -0.31019145 0.06116289
-0.15243423 -0.30079457 0.09755284
-0.16294329 0.16519134 0.05151243
-0.01977534 0.19105676 0.07309420
-0.05806469 0.21241565 0.05290801
-0.04267232 0.20034863 0.06377056
-0.04661331 0.20829137 0.05829166
-0.13003907 0.22418669 0.04065562
-0.13719302 0.20858303 0.04758229
-0.11378454 0.22621103 0.03836372
-0.09005152 0.24085496 0.01941960
-0.08458173 0.21170688 0.04860599
0.08318097 -0.29780129 0.12842534
0.16500266 -0.32501233 0.08726912
0.14864019 -0.31166527 0.10253882
0.15074469 0.16395524 0.06180794
0.15520456 0.11254269 0.06917793
0.12147684 0.22677250 0.04172211
0.12544948 0.21141070 0.05211255
0.04816511 0.21681918 0.05480338
0.06290659 0.21823572 0.05056838
0.03119045 0.20283794 0.06604963
0.04362017 0.20877632 0.06069045
0.11096797 0.23585427 0.03400464
-0.11058504 -0.30386975 0.11724004
-0.03880194 -0.30349231 0.13829646
0.01229031 -0.28043827 0.15090279
-0.15591161 -0.32014158 0.09780294
-0.18310550 0.17701894 0.04450497
-0.17783706 0.11600077 0.05107298
-0.01760196 0.20270292 0.06581288
-0.15480112 0.20306930 0.05036667
-0.10173228 0.21445093 0.04596081
-0.08146288 0.20202246 0.05659544
-0.06340981 0.17743509 0.07809368
-0.06458861 0.19134875 0.06644843
0.08542436 -0.31961241 0.12986359
0.10743310 -0.30876204 0.12142935
0.06078203 -0.30907562 0.13736247
0.16804677 0.16920188 0.05347346
0.14572088 0.18536970 0.05734184
0.17617631 0.14600283 0.05173166
0.02689746 0.21089703 0.06164053
-0.11413547 -0.32199430 0.11910459
-0.08778703 -0.31052110 0.12201537
-0.13463783 -0.30883998 0.11055988
-0.03994132 -0.32288042 0.13535142
-0.01393448 -0.31111801 0.14343013
-0.19290109 0.15093325 0.04155369
-0.03106651 0.20467563 0.06333607
0.00650843 0.19629374 0.07128310
0.01439866 0.20485400 0.06586921
-0.16632384 0.18898259 0.04749437
-0.12473461 0.17990546 0.06277273
-0.10522678 0.20555449 0.05220799
-0.11212755 0.19244899 0.05916395
-0.18115690 0.16272140 0.04434990
-0.20675448 0.16519101 0.03733945
-0.20659073 0.14813921 0.01815898
-0.00259186 0.20365778 0.06620968
-0.13634451 0.19353724 0.05470591
-0.14865501 0.18035470 0.06142045
-0.12395914 0.20051193 0.05288409
-0.16046818 0.17771900 0.05116694
-0.13406274 0.16599947 0.06708183
-0.15205018 0.15770559 0.06732576
-0.15595959 0.13144140 0.07014860
-0.14953695 0.14438969 0.07238466
-0.16495997 0.14573163 0.05251431
-0.09368863 0.16208242 0.08376124
-0.17880404 0.13347341 0.04255242
-0.11232190 0.16731198 0.07427964
-0.19556853 0.12679142 0.03325331
-0.19860286 0.11592260 0.00876344
-0.16780373 0.12526949 0.05781625
-0.11062478 0.15250948 0.08396349
-0.09346431 0.17979187 0.07117881
-0.22663122 0.12325084 0.00113091
-0.08665076 0.14215851 0.10066129
-0.10898198 0.17867061 0.06843078
-0.09950796 0.17104277 0.07589859
-0.09529343 0.15116222 0.09079958
-0.13341831 -0.03108110 0.09816608
-0.17972708 -0.23629564 0.02543241
0.14191985 -0.17333104 0.08852086
0.08823026 -0.02792130 0.13416025
0.17518975 -0.26509178 0.06246208
-0.14832845 -0.14673561 0.07250717
-0.18756525 -0.28549790 0.02852820
-0.18355316 -0.26111731 0.02619084
-0.18768215 -0.28895068 0.00769760
-0.18284480 -0.25187016 0.01066397
-0.17990011 -0.23105596 0.00971724
-0.18552080 -0.27037740 0.01210817
0.18044960 -0.29560429 0.05448666
0.17944841 -0.27715552 0.05153168
0.17370173 -0.28713256 0.07203191
-0.17925173 -0.28479105 0.05742114
-0.17267001 -0.29210991 0.06994161
-0.16872256 -0.31217277 0.08007970
0.15124299 -0.28563309 0.09794104
0.13936713 -0.29313180 0.10713121
0.12521629 -0.30330086 0.11578739
0.13115808 -0.32270980 0.11618222
0.14009941 0.06046452 0.09571519
0.16478975 0.08811399 0.04886348
0.10573243 0.20066364 0.05839904
-0.15158769 0.05724712 0.06408778
-0.04355195 0.18527199 0.07383882
-0.05723263 0.19901700 0.06183670
0.09989765 -0.27722254 0.12049782
0.06297768 -0.27732000 0.13793984
0.13974953 0.20175172 0.05311548
0.12107477 0.18846804 0.06386747
0.12500888 0.20018294 0.05761112
0.14598551 0.14419846 0.07008005
-0.09214333 -0.28764933 0.11939233
-0.06415334 -0.28634235 0.13217586
-0.07838243 -0.29359308 0.12441703
-0.06389698 -0.31303632 0.12887768
-0.05342800 -0.29845536 0.13360997
-0.12162143 -0.28683814 0.11169882
-0.12606691 -0.25019062 0.10475265
-0.11911831 -0.26587439 0.10985821
-0.10190175 -0.23539995 0.11958902
-0.14010987 -0.27528682 0.10074870
-0.13842207 -0.29258040 0.10504146
-0.14813657 -0.25085673 0.09137446
-0.15450694 -0.28319985 0.09332089
-0.13899152 -0.25816318 0.09828219
-0.02036902 -0.28553686 0.14475760
-0.00307615 -0.29335803 0.14724322
0.01912568 -0.30872279 0.14870480
0.01171697 -0.32525972 0.14661431
0.03785891 -0.31906715 0.14643665
0.04001192 -0.28770593 0.14877766
-0.19757241 0.09503266 0.00622734
-0.18323788 0.09351810 0.03831606
-0.19017726 0.10923092 0.04112841
-0.19244540 0.09992807 0.02179822
-0.09883193 0.18916163 0.06380002
-0.08081832 0.18861531 0.06776851
-0.07844216 0.17784488 0.07583135
-0.14681378 -0.01208773 0.05663154
0.15997933 -0.17685254 0.06295547
0.13779853 -0.11680050 0.07773463
0.13375853 -0.03344891 0.10157372
0.17300527 -0.23598324 0.05618314
-0.16488864 -0.14951053 0.03733404
-0.18356821 -0.26461264 -0.00058071
0.16466516 -0.28674325 0.08332209
0.15566877 0.05509144 0.06675451
0.17983052 0.07832214 0.03216736
0.21160647 0.09855209 0.03136407
0.17503777 0.07319444 0.05510797
0.11279161 0.20956050 0.05243402
0.09792675 0.20841821 0.05381394
0.09583332 0.21705131 0.04714860
-0.16335005 0.05353181 0.03228268
-0.18421048 0.07530818 0.02685549
-0.18686138 0.07854588 0.01031645
-0.05662957 0.18466042 0.07276519
-0.04374290 0.17125541 0.08467421
-0.03396014 0.19286510 0.07011771
0.08424796 -0.27712822 0.12780257
0.09698950 -0.29429808 0.12328494
0.10943259 -0.22938910 0.11617549
0.06880092 -0.29432309 0.13417429
0.03917698 -0.21895960 0.15091287
0.13196345 0.17413716 0.06664766
0.13603428 0.16139627 0.07042222
0.15708336 0.15117343 0.06189256
0.12105379 0.12653470 0.09716634
0.16561624 0.12855931 0.05863256
0.18273476 0.11060938 0.04832478
0.19211498 0.12571554 0.03363275
-0.13236786 -0.22656976 0.09910715
-0.16772540 -0.24772230 0.06972713
-0.17582281 -0.26403344 0.05970229
-0.16859318 -0.26665291 0.07278531
0.04707198 -0.30416533 0.14512117
0.02464895 -0.29183730 0.14974158
-0.15518041 -0.01616343 0.03085177
-0.15160875 -0.06398918 0.04641617
0.16756392 -0.17904601 0.04760284
0.15622191 -0.14940056 0.05574394
0.14927131 -0.09148204 0.06726860
0.14669593 -0.03712660 0.07469685
0.14488344 0.01334919 0.08972444
0.17727950 -0.25372803 0.05108020
0.17802028 -0.23709619 0.04319546
0.16941039 -0.20671909 0.05529781
0.16378285 -0.24333407 0.07576981
-0.16667835 -0.15125453 0.01725383
-0.17325291 -0.18413006 0.02583036
-0.17734645 -0.21033074 0.02439145
-0.16002926 -0.11658068 0.02867982
-0.16885316 -0.16476531 0.02663625
-0.17025852 -0.21586674 0.05421149
-0.17544633 -0.24220121 0.05144364
-0.17652050 -0.19817451 0.01282889
-0.17313431 -0.17828380 0.01111343
-0.16217263 -0.13149868 0.01648257
-0.17619841 -0.21991162 0.03822916
-0.17067021 -0.19249761 0.04527876
-0.16673332 -0.17030093 0.04290341
-0.15856659 -0.17501862 0.06339138
-0.15764174 -0.15001772 0.05521251
-0.18057151 -0.24593054 0.03706247
-0.16468550 -0.19544594 0.05932742
-0.14483660 -0.19394754 0.08698621
-0.15432322 -0.18926859 0.07379964
-0.15840729 -0.21853089 0.07529207
-0.14164266 -0.16534652 0.08476190
-0.15274601 -0.10070442 0.06534577
-0.16844319 -0.22906990 0.06372463
-0.15936755 -0.12369666 0.04950293
0.16083185 0.05180073 0.04984126
0.14531735 0.03172044 0.06256222
0.15848003 0.08081406 0.07986154
0.18577889 0.06844981 0.04087319
-0.17479330 0.04991059 0.01714045
-0.15670818 0.03010865 0.02625066
-0.16055000 0.06805127 0.04403233
-0.17680332 0.07996050 0.03906280
-0.02903673 0.17852555 0.08044603
-0.06427037 0.15770060 0.09440828
-0.08020904 0.15605634 0.09205911
-0.07083376 0.16804969 0.08471602
-0.05628520 0.16608821 0.08795612
0.09890006 -0.24991766 0.12173132
0.11219486 -0.26481894 0.11714058
0.08217736 -0.21409249 0.13241477
0.08525635 -0.23616564 0.12895830
0.06245477 -0.22875166 0.14121701
0.03168705 -0.25318965 0.15213881
0.12948543 0.13992628 0.08474919
0.13944355 0.12402087 0.08243993
0.13288270 0.09645329 0.10540085
0.14981663 0.13146347 0.07191034
0.14157233 0.10841794 0.08973569
0.12433863 0.11125822 0.10543464
0.14898236 0.09373590 0.08839023
0.07912045 0.11812671 0.12592481
0.13879770 0.07872386 0.10294379
0.15695530 0.09243231 0.06820332
0.10229233 0.11925490 0.11561459
0.14487508 0.07415491 0.09037854
0.14796734 0.06451308 0.07886452
0.08891197 0.06145804 0.14221290
0.16415551 0.07196952 0.07027931
0.11595175 0.07710621 0.12877604
0.12795132 0.08382004 0.11609419
0.11329314 0.09812710 0.12344310
0.12916620 0.05765696 0.11914501
0.11139570 0.11006594 0.11679865
0.09494928 0.08647002 0.13964227
0.13539761 0.06562247 0.10722931
0.18019871 0.09866293 0.03923875
-0.11972935 -0.23009217 0.10752399
-0.15286158 -0.01898221 0.01577561
-0.15527585 -0.04073463 0.02493476
0.16133496 -0.15186308 0.04286851
0.15261208 -0.12131473 0.05620885
0.14697662 -0.15276879 0.07585885
0.15440494 -0.09500980 0.05244835
0.14903198 -0.06488224 0.06468236
0.14897791 -0.04053033 0.05800010
0.14718597 -0.01400948 0.06665110
0.15643968 -0.19910567 0.07711484
0.16755013 -0.26236778 0.07482233
0.13843079 -0.23305516 0.09781320
0.12843601 -0.25344840 0.10607390
0.13816160 -0.27243561 0.10404582
0.12417919 -0.23159938 0.10717462
0.12842646 -0.19571547 0.10386954
0.11523686 -0.24779780 0.11326015
-0.15661028 -0.09543958 0.01963275
-0.15658729 -0.09159068 0.04165288
-0.15519655 -0.06776688 0.02280306
-0.12874934 -0.19774754 0.10072961
-0.14156623 -0.21332116 0.09159590
-0.09760527 -0.14548050 0.12126143
-0.13230129 -0.17609707 0.09659527
-0.10994243 -0.17614979 0.11404905
-0.12137005 -0.13137400 0.10226784
-0.11705413 -0.19311428 0.10941294
-0.12935105 -0.15256090 0.09577669
-0.11920322 -0.16265018 0.10589986
-0.13636988 -0.13083073 0.08776723
-0.12652391 -0.07826807 0.09977177
-0.14424647 -0.11983185 0.07305695
-0.12745546 -0.10651834 0.09748269
-0.13858961 -0.09155621 0.08240614
-0.10001734 -0.09615453 0.12023468
-0.11345416 -0.10838284 0.10991404
-0.10754470 -0.12989509 0.11358132
-0.10929122 -0.14942761 0.11281453
-0.11284941 -0.08241032 0.11211507
-0.11657105 -0.04673234 0.11250280
-0.11851921 -0.06523609 0.10897444
-0.13028844 -0.05354429 0.09747912
-0.14618897 -0.05000745 0.07508406
-0.13587873 -0.07151905 0.08911936
-0.13926369 -0.04505770 0.08908682
-0.15512286 -0.23672551 0.08221206
-0.14977637 -0.16503260 0.07356790
-0.16287544 -0.13090675 0.03606540
0.15048802 0.02932479 0.04900952
0.13809167 0.03968026 0.08506262
0.13895899 0.00830764 0.06385843
-0.16443299 0.02675267 0.01358830
-0.15226245 0.00648792 0.02545200
-0.15477526 0.03722791 0.05079129
-0.15287091 0.05338868 0.04830612
0.06223688 -0.25304613 0.13967970
0.04780073 -0.26504236 0.14603069
0.16356331 0.10321595 0.05949227
0.09416518 0.14342077 0.10012592
0.11102100 0.13953950 0.09464499
0.10065717 0.13128205 0.10655209
0.10915462 0.05233742 0.13148716
0.10241334 0.07224029 0.13823123
0.03347101 0.08071730 0.14031748
-0.14992101 -0.02908351 0.04291871
-0.15154220 -0.04817676 0.03844044
-0.14957118 -0.04126152 0.05883819
-0.14525060 -0.02207269 0.07968212
-0.14748308 -0.03557042 0.07226553
0.14437571 -0.10831319 0.06775117
0.14719667 -0.13223560 0.06631535
0.15136537 -0.17252801 0.07640801
0.15498362 -0.15981309 0.06471217
0.12457446 -0.13429740 0.09961424
0.15063794 -0.06819473 0.05143148
0.14166082 -0.05555697 0.08758553
0.14374799 -0.01754461 0.05327513
0.14423613 -0.01682870 0.08989794
0.16257860 -0.19420302 0.06554338
0.16465928 -0.22122665 0.07036067
0.15051661 -0.21939892 0.08655190
0.14385805 -0.19623344 0.09089194
0.13810313 -0.21254177 0.09688418
0.15239321 -0.24090540 0.08845896
0.14453499 -0.25548211 0.09666789
-0.15830600 -0.10953417 0.04248530
-0.15361397 -0.07870545 0.05906808
-0.14784476 -0.07536009 0.07585149
-0.15024534 -0.05997829 0.06139389
-0.15410922 -0.08120548 0.03090269
-0.08438084 -0.19301528 0.13136999
-0.15290004 -0.13038112 0.06135745
-0.13616435 -0.11064136 0.08508348
0.14442247 0.04286541 0.07108878
0.13830391 0.03844184 0.10903792
0.13760109 0.02519746 0.07795516
0.14598560 0.00056178 0.07785228
-0.15422703 0.00107823 0.04417493
-0.14125314 0.01538140 0.06974329
-0.14609121 0.00384208 0.05876735
-0.14106651 -0.00387077 0.07694513
-0.15332027 0.01891273 0.05154474
-0.15429991 0.04053924 0.03630361
0.11986875 0.06329425 0.12827216
0.08599211 0.01322480 0.14241242
0.06311175 0.07817435 0.14585057
0.13566972 -0.15060879 0.08964665
0.13957737 -0.13416472 0.08397759
0.12289552 -0.16346875 0.10561655
0.14628634 -0.05213668 0.07601141
0.14203399 -0.03771918 0.08912789
0.11058567 -0.07432809 0.11159877
0.14591360 -0.07253596 0.07689465
0.12585652 -0.07811511 0.09029857
0.13417195 -0.09480657 0.07966990
0.12511818 -0.10487324 0.09731112
0.14632660 -0.02263290 0.07713205
0.12761910 -0.00290403 0.11482178
-0.09270228 -0.17023206 0.12658934
-0.10118593 -0.19290017 0.12130601
-0.05548101 -0.14870510 0.14671390
-0.10105244 -0.21419775 0.11966443
-0.07702197 -0.14380939 0.13523872
-0.08802109 -0.15232076 0.12878363
-0.07627972 -0.16926371 0.13724029
-0.04954670 -0.19916363 0.14734529
-0.06817371 -0.15401036 0.14172687
-0.05917887 -0.17637865 0.14623095
-0.06807833 -0.19938198 0.13972509
-0.08283052 -0.22087982 0.12979546
-0.08501206 -0.25064906 0.12549768
-0.07546233 -0.26971224 0.12652031
-0.05689296 -0.26184529 0.13786903
-0.03884646 -0.23140381 0.14663979
-0.06011602 -0.22551362 0.13906138
-0.04343166 -0.25047970 0.14314634
0.14304313 0.02734410 0.09834707
0.13425812 0.01701714 0.11540298
0.13944884 0.00584998 0.10456594
0.12266252 0.03366642 0.12682839
0.13779993 0.04652778 0.09614805
-0.14231612 0.03703091 0.07021181
-0.11189925 0.06867136 0.12773772
-0.13535266 0.05659538 0.10039617
-0.14140224 0.05185975 0.08266824
-0.13563982 0.01672683 0.10865876
-0.13688388 0.03570256 0.09756623
-0.14051853 0.01112146 0.08965994
-0.11798588 0.04020972 0.11672656
-0.13350779 -0.00757755 0.10419165
-0.13347323 0.04394887 0.11144769
-0.12623644 0.06203252 0.11679097
-0.13078524 0.10184754 0.10000242
-0.14869343 0.10984134 0.07577806
-0.13635509 0.08102282 0.10018264
-0.14204572 -0.00319381 0.09246747
-0.11789721 0.12733018 0.09533019
-0.13218826 0.13529678 0.08132266
-0.10381562 0.13828686 0.09610143
-0.13422363 0.11950303 0.08606376
-0.09557151 0.12077258 0.11414891
-0.15040904 0.07603513 0.07549151
-0.15957089 0.08368990 0.05448570
-0.11776555 0.14156225 0.08668988
-0.14305109 0.06469574 0.08683929
-0.15369907 0.07107681 0.06340384
-0.15300143 0.09494288 0.06834564
-0.14528415 0.08669267 0.08431362
-0.15916954 0.10777775 0.06173537
-0.16834530 0.09854090 0.05240969
-0.15227020 0.01900843 0.03589245
0.08870299 0.03670992 0.13419326
0.08056396 0.07643132 0.14526074
0.13272269 -0.17934318 0.09898891
0.09506508 -0.13152485 0.12197316
0.11283159 -0.18011154 0.11556926
0.10663893 -0.15432881 0.11749301
0.10570225 -0.20272723 0.11972694
0.11558703 -0.14367613 0.10875402
0.09054577 -0.15373860 0.12910606
0.09166931 -0.19915603 0.12859622
0.02235709 -0.08621244 0.14806414
0.05832985 -0.11477023 0.14080583
0.07660682 -0.12929925 0.13401370
0.12530676 -0.05351992 0.09804398
0.10750613 -0.03203059 0.11357904
0.11727905 -0.06743569 0.10058771
0.11260076 -0.04889245 0.10728827
0.12014280 -0.03438973 0.10640145
0.12736429 -0.01932366 0.10991981
0.13101038 -0.12261712 0.09358241
-0.06219083 -0.12254989 0.14106905
-0.01961909 -0.10699736 0.15139121
-0.04026752 -0.12205101 0.14885162
-0.05195143 -0.13059667 0.14597040
-0.05068149 -0.10037547 0.14409232
-0.03469690 -0.09978965 0.14833060
-0.01120173 -0.04204861 0.14609526
-0.01899910 -0.07349682 0.14808095
-0.05064603 -0.04678562 0.14124374
-0.04216295 -0.07263405 0.14482163
-0.08615699 -0.11817492 0.12804973
-0.07535426 -0.12386362 0.13509917
-0.09877034 -0.25236189 0.11887932
-0.04715464 -0.21721058 0.14532179
-0.02913349 -0.20968853 0.15203440
-0.07390960 -0.23528598 0.13195942
-0.06829619 -0.25212386 0.13221300
-0.05567249 -0.24249040 0.13901076
-0.13859494 -0.01830210 0.09396019
-0.11533798 -0.02092421 0.11386228
-0.12092870 0.08745340 0.11723939
-0.12721893 0.07642765 0.11292603
-0.08941041 0.09440367 0.13489991
-0.11056434 0.10599989 0.11617202
-0.10555506 0.08555104 0.13044588
-0.08422577 0.13059403 0.11080106
-0.14145328 0.09877653 0.08708171
0.05982673 0.04004467 0.14212234
0.07024072 0.05744146 0.14850537
0.07696695 0.03892991 0.14827810
0.09970364 0.01859917 0.12156962
0.11611034 0.00959218 0.12112448
0.09575318 -0.00736613 0.12097494
0.11109121 -0.01253201 0.11311623
0.10927258 -0.11118136 0.11342617
0.08089592 -0.08002813 0.12917821
0.05429749 -0.16818884 0.15039940
0.07263623 -0.18614928 0.14104751
0.08160398 -0.16884659 0.13670167
-0.02443709 -0.16045883 0.15679981
-0.02499042 -0.18525060 0.15604684
-0.04288102 -0.16425812 0.15240279
-0.03481451 -0.14320883 0.15282635
-0.01454131 -0.13483956 0.15468043
-0.02664695 -0.12450099 0.15204710
0.00886982 -0.16478138 0.15942013
0.00607210 -0.11258139 0.15296407
-0.00709844 -0.15512423 0.15810023
-0.00601809 -0.17858639 0.15885124
0.00820633 -0.13839018 0.15677369
-0.00758452 -0.11744490 0.15326664
0.03188737 -0.15066017 0.15566537
0.01822383 -0.15115318 0.15783203
0.00379626 -0.06737120 0.14782535
-0.06026417 -0.06983175 0.13929220
-0.08553800 -0.03569318 0.13227406
-0.08408421 -0.06994127 0.13011231
-0.10174625 -0.06020549 0.12197573
-0.06912661 -0.04677090 0.13617958
-0.07271611 -0.07691237 0.13506173
-0.08402786 -0.09393940 0.12961338
-0.08157018 -0.05156837 0.13205685
-0.03116155 -0.08136168 0.14752308
-0.02972354 -0.05049717 0.14533956
-0.09835561 -0.11593211 0.12053545
-0.12751697 -0.01967389 0.10607795
-0.12219038 -0.03308533 0.10743798
-0.11224356 0.00326123 0.11716264
-0.08125530 0.11145575 0.12700501
-0.09576789 0.10579636 0.12535119
-0.02822248 0.08289336 0.13820408
-0.04888456 0.10637970 0.13329417
-0.06363430 0.11341414 0.12905498
-0.06646511 0.09326156 0.13977505
-0.11065628 0.11800617 0.10714044
-0.12396507 0.11365571 0.09954766
0.10612954 0.03572616 0.12553771
0.09034710 0.02205076 0.13090098
0.09439423 0.00443143 0.13165161
0.07681352 -0.00966073 0.14152598
0.09670075 -0.02334157 0.12159935
0.10635453 -0.12869141 0.11444896
0.12010324 -0.11649477 0.10442526
0.11490180 -0.09445943 0.10880322
0.07247141 -0.10260753 0.13194178
0.09129390 -0.10336101 0.12386389
0.10217939 -0.08783001 0.12057446
0.05057373 -0.06972498 0.13879149
0.08501225 -0.11876391 0.12706970
0.05869307 -0.09096871 0.13757886
0.06569617 -0.07200791 0.13251962
0.04066573 -0.09086074 0.14468433
0.08071820 -0.05220509 0.13320939
0.09770431 -0.06178807 0.12500124
0.10249664 -0.04719966 0.11792602
0.02924924 -0.11785664 0.15077922
0.09321097 -0.07713182 0.12650314
0.01687757 -0.12398180 0.15354437
0.06186190 -0.14307697 0.14435568
0.04582775 -0.13003954 0.14871503
0.06781024 -0.16278943 0.14383109
0.04514096 -0.11000406 0.14558436
0.05350447 -0.19737042 0.14829978
0.03421137 -0.18113936 0.15652357
0.01339017 -0.19651657 0.15744634
0.05273022 -0.21557237 0.14660224
0.06784846 -0.20655614 0.14070259
0.03920093 -0.19960067 0.15319988
-0.03995915 -0.18341786 0.15256192
-0.00498757 -0.08994266 0.15052956
0.00948560 -0.09304597 0.15012278
-0.00882830 -0.06049619 0.14763376
-0.10486219 -0.03231224 0.12608363
-0.09638286 -0.04430523 0.12717378
-0.09216553 -0.00652017 0.13803466
-0.10740524 -0.01569988 0.13054940
-0.06461714 -0.01447025 0.13755469
-0.09274892 -0.02111026 0.13397026
-0.07734466 -0.02194932 0.13456576
-0.10722119 -0.00103647 0.13361098
-0.08224025 0.03633571 0.14261688
-0.11190832 0.02088161 0.13109133
-0.09226749 0.01430315 0.14144875
-0.08623464 0.06624060 0.14169051
-0.06010239 -0.03101002 0.13865760
-0.03282782 -0.01093487 0.14272542
-0.04869500 -0.01715593 0.14058822
-0.03678474 -0.03031059 0.14320976
-0.02033992 -0.02410937 0.14456153
-0.11834913 0.02158965 0.11339684
-0.10438270 0.04532012 0.13630973
-0.07195204 0.00504176 0.13594441
-0.04772571 0.00823500 0.14068350
-0.05437962 -0.00440492 0.13969693
0.02530160 -0.00116722 0.13956551
-0.09723233 0.03031263 0.14016035
-0.07548591 0.01970129 0.13986890
-0.04544438 0.04805149 0.14312524
-0.06280646 0.03799289 0.13798194
-0.00534380 0.00676932 0.14027046
-0.05801491 0.02074679 0.13659355
-0.03931351 0.02801687 0.14286508
-0.06210774 0.06426951 0.14326063
-0.01706758 -0.00603123 0.14294724
0.00462495 -0.01587393 0.14276780
-0.02471231 0.01384589 0.14176030
-0.00968005 0.05166938 0.13663837
-0.07168188 0.04999017 0.14248742
-0.00675775 -0.02521103 0.14438003
0.00850267 -0.04054909 0.14511077
-0.02729072 0.04461921 0.13961470
0.02199710 -0.05845451 0.14579388
0.02304025 -0.02304838 0.14260301
-0.01270456 0.03055390 0.13798387
-0.02399002 0.06451552 0.13826542
0.03553268 -0.06894698 0.14396538
0.04347467 -0.03782058 0.13805982
0.03386049 -0.05004901 0.14252815
0.02293802 0.03631630 0.13677366
0.00247496 0.08055022 0.13671017
-0.04274022 0.06904440 0.14166650
0.04199703 -0.01308900 0.13585754
0.00425916 0.03913005 0.13820423
-0.00819361 0.06796525 0.13644406
0.01299780 0.06122610 0.13673191
-0.04664521 0.08820938 0.14038940
0.00098662 0.02237508 0.13940069
0.01189785 0.00908554 0.14011963
0.02898630 0.01780976 0.13674577
-0.05953837 0.08022033 0.14372447
0.01555296 0.02330595 0.13858026
0.04190397 0.03289207 0.13769375
0.04250181 0.05816053 0.14047046
0.05165843 0.01011704 0.13559660
0.06596792 0.01945108 0.14532997
0.05658972 0.06373443 0.14434260
0.03740438 0.00637016 0.13562906
0.05358770 0.02430730 0.13838767
0.06577767 0.00197783 0.14252788
0.05982491 -0.01360861 0.13630289
-0.09586082 -0.07747772 0.12377639
-0.12701547 0.00396153 0.11184344
0.08989625 -0.01234813 0.13488670
0.09298157 -0.04358034 0.12908097
0.04672292 -0.15013897 0.15145518
0.01934595 -0.17877294 0.15893902
0.00537827 -0.23269178 0.15320416
-0.01467606 -0.22652332 0.15272598
-0.01256522 -0.25659847 0.14920236
-0.07889369 0.08231543 0.14184096
-0.11222047 0.05283054 0.12436447
-0.09052836 0.05024851 0.14233011
-0.07774936 -0.00856372 0.13458514
-0.03509357 0.00339145 0.14185877
0.06168369 -0.04613112 0.13397574
0.07420640 -0.03547684 0.13703293
0.05643478 -0.02960077 0.13482030
0.04994849 -0.05209567 0.13743192
0.03513583 -0.02632611 0.13944770
0.01770936 0.07644998 0.13793962
0.02830151 0.06502721 0.13955396
0.00281018 -0.21240878 0.15506913
0.02069114 -0.21914512 0.15410757
-0.02549951 -0.24312681 0.14848769
0.00783430 -0.25674453 0.15166415
0.07500289 0.21138854 0.05332539
0.05463202 0.18455702 0.07601455
0.04958930 0.19695790 0.06748330
0.06728951 0.19522932 0.06648621
0.08728091 0.17513636 0.07874343
0.06527234 0.20391279 0.06015722
0.08515084 0.19018660 0.06863299
0.10920610 0.17383294 0.07480861
0.07075594 0.18052121 0.07744554
0.09246486 0.19802628 0.06178781
0.10215999 0.18750992 0.06735127
0.05182335 0.16585815 0.09076546
0.07133418 0.16668575 0.08821005
0.05780334 0.17546441 0.08296213
0.06164848 0.15916303 0.09611045
0.09043957 0.15956125 0.08916720
0.07994245 0.15069957 0.09918439
0.07463367 0.13472487 0.11313472
0.10657536 0.15299280 0.08815386
0.10371036 0.16430800 0.08236445
0.02692988 0.12262562 0.12342758
0.01791960 0.10151472 0.13315539
0.08688591 0.12771039 0.11545032
0.05298474 0.12277124 0.12489582
0.06769414 0.12531516 0.12207180
0.05609829 0.13638099 0.11442802
0.04085928 0.13042526 0.11915147
0.01132229 0.15147796 0.10180327
0.02295952 0.13897103 0.11186761
0.04033483 0.15079339 0.10301320
-0.01655004 0.12819201 0.11814690
-0.04350376 0.12886544 0.11862412
-0.05655736 0.12372253 0.12180179
0.03733149 0.14069687 0.11152789
0.02817863 0.16420786 0.09248532
0.03910143 0.17582299 0.08360129
0.01311595 0.17862321 0.08222294
0.02472452 0.17383862 0.08543694
0.00826201 0.16513157 0.09164607
-0.00805279 0.17704192 0.08301350
-0.00954873 0.15542296 0.09847599
0.00297107 0.17312598 0.08595965
0.02550318 0.14954673 0.10364014
0.00158458 0.13716848 0.11195546
0.03999183 0.16016664 0.09546119
0.03154289 0.18875256 0.07509434
0.04419031 0.18878162 0.07411040
0.00154700 0.18593128 0.07762897
-0.01769891 0.18269284 0.07866349
-0.03587949 0.14879236 0.10307812
-0.04200939 0.15990324 0.09404617
-0.00885744 0.16620049 0.09059108
-0.00198193 0.14724073 0.10464332
0.00325251 0.11915201 0.12382220
0.02106296 0.19504997 0.07169178
-0.02451876 0.15611780 0.09762159
0.01430618 0.12863098 0.11835932
-0.00353821 0.12786755 0.11862265
-0.01905180 0.10639912 0.13059701
-0.03401111 0.09909078 0.13511534
0.01584055 0.11378787 0.12709391
-0.01141675 0.11735523 0.12462653
-0.06443181 0.14172578 0.10675122
-0.05187978 0.15006821 0.10175313
-0.04971551 0.13891220 0.11043864
0.04698642 -0.24059881 0.14741759
0.07440987 0.09911331 0.13892324
0.09417371 0.10449163 0.13090540
0.06217372 0.11092590 0.13303071
0.03945254 0.10738390 0.13367033
0.03919123 0.11868934 0.12712331
0.03078098 0.09510732 0.13714914
0.05048656 0.09336147 0.14149725
-0.14094505 0.02736965 0.08463886
0.11970397 -0.20996210 0.11014298
0.13819705 -0.01016910 0.10291635
-0.02932594 0.13713028 0.11260001
-0.01789992 0.14547914 0.10581586
-0.01133995 0.13744733 0.11157336
-0.03085423 0.11826254 0.12497888
-0.01183170 0.09104002 0.13479501
0.00315657 0.09522678 0.13359454
0.23860544 0.13947183 0.00589120
0.27071878 0.14430496 0.00332346
0.29952329 0.15080498 -0.00261809
0.32716724 0.15454566 -0.00514177
0.32632700 0.17041028 0.01296680
0.32717821 0.19198042 0.02150943
0.32977238 0.21532294 0.01923426
0.33057702 0.23549443 0.00409547
0.32847148 0.25366744 -0.01380036
0.32438836 0.27003941 -0.03201925
0.31529272 0.27857488 -0.04968937
0.31320956 0.26078939 -0.06262936
0.32676703 0.25299373 -0.04489087
0.33112460 0.23366648 -0.06028102
0.33283955 0.20780644 -0.06580221
0.33327091 0.18088706 -0.06498805
0.33339477 0.15975007 -0.04905937
0.33213514 0.15098183 -0.02768689
0.22890304 0.11951919 -0.02813325
0.19816540 0.11026458 -0.05776597
0.18402433 0.13547897 -0.08228011
0.16844723 0.16158862 -0.09400339
0.15164608 0.18139803 -0.08699580
0.13782944 0.19976786 -0.08933695
0.12402734 0.21518533 -0.08895317
0.11048798 0.22776186 -0.08783902
0.09585956 0.23908058 -0.08478569
0.08084798 0.24776162 -0.08089297
0.06519064 0.25555220 -0.07740963
0.04844247 0.26191816 -0.07491884
0.06469092 0.26771358 -0.06613025
0.07679428 0.27383155 -0.04987870
0.08196262 0.27515227 -0.03167128
0.08187290 0.27005035 -0.01314191
0.12118584 0.26992980 -0.03400577
0.09967294 0.27087846 -0.03764274
0.08895838 0.27266446 -0.04205639
0.08744758 0.26297760 -0.06365709
0.07811100 0.26841015 -0.06118036
0.31369832 0.15997359 0.00486896
0.26651299 0.19450192 0.03048893
0.21551919 0.25516805 -0.02855997
0.26526678 0.15306216 -0.05818973
0.12153471 0.26506510 0.00179894
0.14207198 0.24548101 -0.05766571
0.10100374 0.25427887 -0.06850456
0.07801384 0.25699097 -0.07383581
0.24220464 0.16569436 0.04676386
0.23123059 0.22179413 0.02958699
0.19840249 0.21017371 -0.06561142
0.17945084 0.25075746 0.01074800
0.24075332 0.13503681 -0.04237328
0.10694421 0.26392141 -0.00417472
0.09851871 0.26818916 -0.02135021
0.11636744 0.25780150 0.01354923
0.13382344 0.25793126 0.01977146
0.12966652 0.23372525 -0.07539994
0.09335617 0.24752383 -0.07786724
0.22330132 0.14997444 0.04700024
0.26259419 0.16183159 0.02698018
0.23999214 0.15549254 0.02993672
0.28951004 0.16283974 0.01574257
0.22520158 0.17997730 0.04066307
0.19824612 0.21730404 0.04154539
0.17428055 0.18648171 -0.07490512
0.16244319 0.23989336 0.03364741
0.22306909 0.11162900 -0.04133878
0.20700903 0.14345889 -0.05594205
0.10079519 0.25705516 0.00504249
0.09573213 0.26272145 -0.00660980
0.12438437 0.24927880 0.02689545
0.14507413 0.24830016 0.03206345
0.12217719 0.22632211 -0.08398815
0.25794721 0.14930952 0.01443349
0.18092960 0.20220084 0.04600467
0.20663989 0.19503137 0.04463913
0.17357177 0.22222376 0.03976492
0.16862731 0.18103980 -0.08997034
0.15816990 0.20571662 -0.08183774
0.15062793 0.22990681 0.04072056
0.20067981 0.13017118 -0.06636393
0.18057725 0.15854879 -0.07212394
0.15614685 0.26263613 0.00560099
0.16133112 0.21384631 0.04531140
0.14963599 0.19592765 -0.08440459
0.14627014 0.25786525 0.01944002
0.16226488 0.25228637 0.02039356
0.31439775 0.14847274 -0.01629981
0.29749238 0.19763428 0.02550141
0.28631094 0.23931271 0.01346751
0.26636583 0.24480064 -0.03477463
0.29403782 0.18672964 -0.06934138
0.10186261 0.26462948 -0.05301171
0.11044113 0.26900950 -0.03941295
0.11359483 0.26871762 -0.01655024
0.11632333 0.26065302 -0.05448758
0.10560679 0.26825795 -0.02348193
0.13575071 0.26041278 -0.04372935
0.11596297 0.24690104 -0.07125682
0.10868053 0.23846634 -0.08141192
0.25771454 0.12625828 -0.01543695
0.28711167 0.13871905 -0.01938630
0.30869600 0.17749310 0.01945177
0.24926808 0.19169104 0.04586858
0.26063097 0.21864179 0.02423751
0.23600699 0.20480290 0.04470322
0.24673958 0.20698184 0.03382721
0.22218433 0.21225259 0.04271538
0.23667526 0.15187165 -0.06125090
0.25442600 0.19135197 -0.07067657
0.25328267 0.16924796 -0.06794985
0.27211738 0.18228722 -0.06977467
0.20816466 0.17955059 0.04410588
0.19571292 0.23759006 0.02197463
0.14271778 0.21867962 -0.07756506
0.17391825 0.21100868 -0.06718533
0.20154564 0.18243740 -0.07106499
0.22833195 0.17928988 -0.07097045
0.21868646 0.15948065 -0.06588258
0.13779408 0.26840353 -0.00098007
0.12709612 0.26934710 -0.01455854
0.14178242 0.26733744 -0.02483056
0.31563702 0.20115387 0.02328422
0.30605364 0.22243239 0.02013505
0.28265157 0.17758219 0.02761673
0.27944413 0.19105855 0.02821746
0.30918223 0.23919590 0.00095213
0.29584587 0.25067121 -0.01793884
0.29785058 0.23203266 0.01582626
0.28399929 0.21352473 0.02418702
0.29625994 0.24269469 -0.00411142
0.29605821 0.25585654 -0.03411116
0.31622708 0.19118750 -0.06873488
0.30561709 0.16351774 -0.05871021
0.30505106 0.21530521 -0.06348781
0.27741289 0.20992635 -0.06694091
0.12733917 0.25407815 -0.05875984
0.13128728 0.24435428 -0.06596907
0.25507969 0.13477828 -0.00142021
0.26648337 0.13689923 -0.03855103
0.28611732 0.14959152 -0.05049997
0.30841571 0.14852922 -0.03772898
0.28523329 0.16652140 -0.06411546
0.28421429 0.13921675 -0.03485493
0.25780222 0.24548200 0.00700760
0.27857000 0.24971125 0.00296736
0.26655021 0.23619540 0.01434643
0.24815762 0.22777139 0.01933091
0.27219659 0.24771994 -0.02026999
0.28096551 0.24690227 -0.01198970
0.17883494 0.23702411 0.02841667
0.18997470 0.22775647 0.03484362
0.14330021 0.23242372 -0.06792835
0.16358407 0.23616971 -0.05094450
0.15774837 0.22132836 -0.06678457
0.15266171 0.23727265 -0.05710556
0.15699193 0.25429866 -0.03652247
0.16871895 0.22375946 -0.05993543
0.14627582 0.26020220 -0.03542039
0.18529680 0.19838373 -0.07003877
0.16783896 0.20027819 -0.07438810
0.18489656 0.17427635 -0.07125419
0.22322673 0.20547250 -0.06846598
0.20161453 0.16635245 -0.06835808
0.13022766 0.26375666 0.00846587
0.31321916 0.25958136 -0.01677408
0.30074984 0.27344373 -0.02847444
0.30779126 0.26657042 -0.03803061
0.27649549 0.22444627 0.01896574
0.30458277 0.23837632 -0.04263897
0.32339182 0.16763772 -0.05880757
0.32221827 0.21926323 -0.06826108
0.30730718 0.24110670 -0.06474871
0.29145312 0.20314679 -0.06871640
0.27718240 0.26159379 -0.03381005
0.24189803 0.25920314 -0.01494189
0.23788026 0.19770336 -0.07050452
0.21817957 0.18930832 -0.07099162
0.21884456 0.23212579 -0.04995061
0.18854409 0.23610342 -0.04653105
0.30275279 0.25327405 -0.04815526
0.28251421 0.24277295 -0.04691256
0.25252116 0.23993698 -0.04304768
0.24424857 0.22230855 -0.06058490
0.26552272 0.25581822 -0.04788180
0.28116947 0.23753509 -0.04883037
0.24164316 0.25979465 -0.03799713
0.29264241 0.25127017 -0.05018122
0.28612840 0.26094365 -0.02335591
0.25458252 0.24704950 -0.02088912
0.25490263 0.25796163 -0.00481272
0.22721274 0.24209803 0.00759781
0.23714752 0.23554847 0.01307723
0.26769707 0.25496888 -0.00443341
0.23946238 0.25416875 -0.00049732
0.21987961 0.25609890 -0.00756442
0.21403147 0.21945626 -0.06129069
0.19798106 0.22595456 -0.05646633
0.22903432 0.22654437 -0.05788609
0.18287128 0.22492382 -0.05648249
0.25739104 0.21175000 -0.06640234
0.26279634 0.22839865 -0.05597683
0.29102737 0.22527786 -0.05726554
0.23272488 0.24089536 -0.03875668
0.21749447 0.24128646 -0.03725342
0.19876364 0.24534325 -0.03151331
0.22742856 0.25429791 -0.03651823
0.17780641 0.24832577 -0.02974058
0.18909591 0.24198312 -0.03441478
0.21066532 0.24376544 0.00836203
0.19674243 0.25456050 -0.00912563
0.18722609 0.25042394 -0.01978578
0.17392460 0.25685030 -0.00924765
0.20324539 0.25292668 -0.02139056
0.19758530 0.24587347 0.00735706
0.22825733 0.25952923 -0.02253598
0.18441066 0.25263840 -0.00396311
0.16699417 0.25559852 -0.02359819
0.16828397 0.25718433 0.00483191
0.26378942 0.17357506 0.04016026
0.21234711 0.23142800 0.02476353
0.21441051 0.22181478 0.03779088
0.16655150 0.24607673 -0.03891001
0.15441923 0.26485223 -0.01496918
0.19530930 -0.33713382 0.02065034
0.19563718 -0.33413687 -0.00219545
0.18346083 -0.33352408 -0.02309856
0.17756607 -0.33213127 -0.04705058
0.16670027 -0.33248815 -0.06940722
0.14544475 -0.33507392 -0.08255403
0.12908596 -0.33416000 -0.10135917
0.10439975 -0.33462960 -0.10030430
0.08468206 -0.33501369 -0.11448342
0.06043557 -0.33554167 -0.11731414
0.03621049 -0.33611423 -0.11778286
0.01189406 -0.33644891 -0.11768369
-0.01177536 -0.33668911 -0.11361092
-0.03543968 -0.33700487 -0.11098051
-0.05947375 -0.33697912 -0.10972644
-0.08380724 -0.33687320 -0.11237724
-0.10794587 -0.33441180 -0.10653003
-0.12727515 -0.33228776 -0.08921245
-0.15281469 -0.32949975 -0.07908666
-0.16903521 -0.32992801 -0.05561432
-0.19236672 -0.32866073 -0.04218138
-0.21877588 0.12218192 -0.03051414
-0.20339862 0.13518864 -0.06177574
-0.19055074 0.14572680 -0.08820041
-0.16636506 0.16357383 -0.08781189
-0.15203790 0.18524465 -0.09116138
-0.13998330 0.20526254 -0.08978375
-0.12659596 0.22003250 -0.08642247
-0.11400770 0.23170747 -0.08389471
-0.10099074 0.24115896 -0.08021142
-0.08697369 0.24792022 -0.07771898
-0.07120910 0.25362325 -0.07520739
-0.05372494 0.25947827 -0.07501072
-0.03619444 0.25884745 -0.07863502
-0.01869389 0.25820863 -0.07952873
-0.00084438 0.25977588 -0.07914113
0.01482119 0.25848499 -0.07976056
0.03222753 0.25776485 -0.07934088
0.19197568 -0.32458234 0.03071712
0.17822373 -0.26824760 -0.01781582
0.06835308 -0.13395040 -0.09352933
-0.12261348 -0.22945869 -0.08959299
-0.18006304 -0.29315642 -0.04652213
-0.19176765 -0.31794310 -0.02641630
-0.18784706 -0.29900733 -0.03002340
-0.18571869 -0.31186381 -0.04599969
0.18299918 -0.30210096 -0.01437251
0.19432122 -0.30882141 0.00851789
0.15973888 -0.28096208 -0.05973995
0.07477919 -0.23772010 -0.11342511
-0.08067282 -0.27770975 -0.11430946
-0.15982632 -0.30783790 -0.06198357
0.18582784 -0.32111886 -0.01267892
0.17845586 -0.30812031 -0.03790782
0.14675914 -0.30440077 -0.07518210
0.08456690 -0.28767833 -0.11365481
0.01016779 -0.26370695 -0.11728773
-0.03233038 -0.29124838 -0.11655530
-0.07742810 -0.30938524 -0.11373413
-0.12350514 -0.28949767 -0.09453440
-0.14548770 -0.31342012 -0.08371473
-0.15945543 -0.32228819 -0.06412002
0.15163349 -0.32201022 -0.07417626
0.13611111 -0.31179842 -0.09630149
0.09106524 -0.31242916 -0.11207973
0.03995967 -0.29734704 -0.11657690
-0.02775638 -0.31533107 -0.11376603
-0.07401169 -0.32541612 -0.11337958
-0.10092682 -0.31672662 -0.10928793
0.04454527 -0.31848618 -0.11662266
0.01420895 -0.30826554 -0.11659324
0.06504692 -0.30734971 -0.11603234
0.03036677 -0.30807918 -0.11639025
0.02173429 -0.32435265 -0.11700041
-0.00327546 -0.31865233 -0.11559686
0.06977653 -0.32355434 -0.11532795
-0.00818743 -0.29578814 -0.11591248
0.13068396 0.03485562 -0.09479006
0.00447521 0.15306750 -0.10741008
-0.00794737 0.21108404 -0.09699162
-0.00869110 0.23689507 -0.08892602
-0.00914322 0.24952725 -0.08371621
0.01921007 0.23910227 -0.08782341
-0.03118205 0.24303973 -0.08646245
0.00511860 0.24409588 -0.08612407
0.02167366 0.24985731 -0.08334949
0.04342838 0.24551944 -0.08571539
-0.14354715 0.04967644 -0.09245701
0.17833553 -0.23827574 0.00312379
0.13668868 -0.07058054 -0.05062592
-0.15729545 -0.21659803 -0.05033233
-0.11835959 -0.12310008 -0.07871138
-0.17638403 -0.26598588 -0.03245188
0.18847506 -0.28521764 -0.00205446
0.18371417 -0.26194769 0.00104645
0.18667898 -0.29004875 0.01938251
0.18172707 -0.25377005 0.01789221
0.17926578 -0.23314022 0.01992088
0.18409157 -0.27155051 0.01530338
0.18961354 -0.30814883 0.02221492
0.17524874 -0.28493696 -0.03271535
0.17416936 -0.29051715 -0.04926902
0.16982074 -0.31069723 -0.06097212
-0.14911242 -0.28074509 -0.07263643
0.11942323 -0.26010558 -0.09580080
0.10892515 -0.29878524 -0.10121343
0.11299491 -0.31827292 -0.09834889
-0.05247993 -0.30399817 -0.11424054
-0.05632082 -0.32040432 -0.11230337
-0.12094588 -0.31705877 -0.09327810
-0.13436162 -0.30202484 -0.08935889
-0.11252206 -0.30437508 -0.10020846
-0.10234153 -0.28331950 -0.10586573
0.05756575 -0.28119096 -0.11745438
0.07801506 -0.30053246 -0.11438656
-0.01576110 -0.30757704 -0.11508410
-0.01780728 -0.26743320 -0.11797580
0.01057347 -0.28639427 -0.11671495
-0.00573104 -0.28021815 -0.11705604
0.02829672 -0.27742958 -0.11700064
0.03867175 -0.24091777 -0.11619944
0.04321993 -0.28364614 -0.11703431
0.04092190 -0.26252151 -0.11747318
0.02397834 -0.25163308 -0.11700590
-0.01793189 -0.15511341 -0.10421007
0.00515481 -0.20168608 -0.10779876
0.01758139 -0.22544569 -0.11365329
0.05936087 -0.25191230 -0.11807718
0.08240539 -0.26313305 -0.11370817
0.11521375 0.11180650 -0.11251401
0.16361387 0.07730346 -0.05908452
0.14840221 0.00954146 -0.03087914
0.05705149 0.19021592 -0.10579828
-0.08445521 0.13827237 -0.11674862
-0.05999381 0.20929797 -0.10102320
-0.02654121 0.22446325 -0.09337572
-0.05167187 0.24717882 -0.08357192
-0.04027205 0.25099382 -0.08316394
-0.04428810 0.23364767 -0.09048221
-0.04373338 0.21771000 -0.09624913
-0.06662852 0.23809859 -0.08822094
-0.06460494 0.24646129 -0.08270511
0.05218238 0.25430730 -0.08020312
0.06157451 0.24035434 -0.08818793
-0.14411177 0.02775422 -0.04517327
-0.17705584 0.08862528 -0.05892884
0.14409000 -0.15985332 -0.04965620
0.14815274 -0.05560653 -0.00234972
-0.16951984 -0.21258755 -0.02639570
-0.15212035 -0.16288421 -0.04162339
-0.14616732 -0.08580595 -0.04340455
-0.18338740 -0.28097677 -0.02712921
-0.18081446 -0.26501641 -0.01783522
0.18326047 -0.26673055 0.02881690
0.15719026 -0.29703423 -0.06437863
-0.15249948 -0.29788545 -0.07341477
-0.16246027 -0.28440595 -0.05600650
-0.17462534 -0.27683225 -0.04659858
-0.16047333 -0.24970682 -0.05148639
-0.15707345 -0.26746315 -0.05972161
-0.14130002 -0.24817568 -0.07500456
-0.15122356 -0.25400308 -0.06479613
-0.15074809 -0.23362747 -0.06244427
-0.13950032 -0.20531602 -0.07050245
-0.13877697 -0.22717053 -0.07500193
-0.14813218 -0.21630639 -0.06368110
-0.15309529 -0.19076292 -0.05106402
0.13290620 -0.28471646 -0.09272989
0.14496343 -0.28052485 -0.07595764
0.13364784 -0.26679486 -0.08571690
0.13912214 -0.21843421 -0.07319181
0.13178957 -0.23850398 -0.08429690
0.14885670 -0.25379583 -0.06735020
0.16712248 -0.25509992 -0.04390230
0.17000413 -0.27226019 -0.04887604
0.17229372 -0.26792151 -0.03300106
0.09593520 -0.29960260 -0.10985766
-0.06957211 -0.29360250 -0.11451758
-0.08778018 -0.29384452 -0.11301904
-0.05410884 -0.27230018 -0.11881125
-0.03760091 -0.30361667 -0.11484646
-0.04030237 -0.32245290 -0.11255407
-0.12046777 -0.26057187 -0.09464037
-0.01414197 -0.23235935 -0.11517500
0.00475938 -0.24242280 -0.11607206
-0.00580036 -0.25591439 -0.11732163
0.05061459 -0.18444289 -0.10334021
0.07157210 -0.27410018 -0.11553597
0.09850713 -0.24596107 -0.10654053
0.10083047 -0.27742174 -0.10604098
0.09694997 -0.26165804 -0.10824683
0.11733883 -0.28508723 -0.10143507
0.13604845 0.13518897 -0.09549373
0.19410306 0.10141186 -0.05039843
0.16570878 0.05516509 -0.01726295
0.15305200 0.01997793 0.00634249
0.08060436 0.21397805 -0.10016245
-0.11921480 0.17324038 -0.11283538
-0.09564389 0.20269378 -0.10303735
-0.02199819 0.23437101 -0.08985379
-0.02654098 0.20824628 -0.09846605
-0.01048492 0.18215697 -0.10358677
-0.01457178 0.19743738 -0.10060962
-0.05627158 0.22733881 -0.09369414
-0.08342133 0.23548803 -0.08780677
-0.15143874 0.01403654 -0.02253143
-0.17468420 0.05192679 -0.03045396
-0.20736828 0.10922767 -0.05910507
0.15756181 -0.12852640 -0.00747438
0.14790060 -0.04840504 0.02291273
-0.17490201 -0.21024801 -0.01248457
-0.16800985 -0.18454449 -0.02166156
-0.17221372 -0.23952721 -0.02591062
-0.15467869 -0.13171737 -0.02370498
-0.15250750 -0.07774890 -0.01875182
-0.14673768 -0.03460394 -0.03790436
0.13978709 -0.29935792 -0.08923067
0.13826701 -0.25322369 -0.07898025
0.14416216 -0.23197140 -0.06959770
0.16313836 -0.20254084 -0.03766017
0.15587316 -0.24025770 -0.05519171
0.15258203 -0.21383475 -0.05643269
0.16630787 -0.23080219 -0.03457439
0.14489762 -0.18873248 -0.06128724
0.16063090 -0.21884498 -0.04438321
0.15420961 -0.19467367 -0.04961880
-0.03537961 -0.27267015 -0.11834727
-0.04571699 -0.23809098 -0.11687627
-0.03211434 -0.25304964 -0.11803382
-0.04817517 -0.25605091 -0.11900606
-0.03004048 -0.23517007 -0.11599057
-0.04262453 -0.19224709 -0.10662443
-0.02542704 -0.20873196 -0.11044273
-0.04929287 -0.28876626 -0.11715122
-0.11592606 -0.27671021 -0.09851671
-0.09825780 -0.25807717 -0.10759573
-0.07478399 -0.24054800 -0.11425954
0.00039886 -0.22156276 -0.11275119
-0.00988558 -0.20763841 -0.10960889
-0.01800729 -0.18244109 -0.10537037
0.02986659 -0.19975269 -0.10737382
0.08583798 -0.24875829 -0.11224204
0.09704968 -0.19140312 -0.09497578
0.11527129 -0.23829359 -0.09674507
0.09906523 -0.21854813 -0.10182710
0.15826222 0.14290789 -0.09752771
0.16588938 0.11854569 -0.07870290
0.13929172 0.16335617 -0.10462291
0.16730276 0.13457885 -0.07936145
0.15006155 0.15809725 -0.08975329
0.20230940 0.11790463 -0.04411951
0.18580188 0.12264902 -0.06109301
0.19399321 0.08106226 -0.00722160
0.18100528 0.06281606 0.00828119
0.15340404 0.02452572 0.02579878
0.14944640 -0.00196215 0.02030284
0.16113664 0.04241058 0.01049375
0.09377921 0.22534902 -0.09380648
0.10258362 0.20716335 -0.09963814
0.07406408 0.22910662 -0.09380669
-0.13256940 0.18564676 -0.09774988
-0.14181015 0.13922368 -0.09626449
-0.10894777 0.21600454 -0.09469276
-0.09569442 0.22662136 -0.09168793
-0.11561584 0.19870561 -0.10266781
-0.07703815 0.21999848 -0.09717228
-0.07012583 0.22873503 -0.09354123
-0.11974061 0.21033339 -0.09436876
-0.07642020 0.20259914 -0.10463862
-0.08915155 0.21502633 -0.09885341
-0.04906167 0.16929093 -0.10939859
-0.03559757 0.18867671 -0.10354893
-0.02233196 0.18807106 -0.10293870
-0.02618991 0.16618027 -0.10687922
-0.08400629 0.17334363 -0.11275744
-0.05898060 0.18895116 -0.10709880
-0.04061812 0.20355333 -0.10038714
-0.08477931 0.19027127 -0.10841213
-0.07136302 0.18154573 -0.11098691
-0.10169074 0.18166439 -0.10919008
-0.05210932 0.19886772 -0.10310292
-0.16292699 0.02042757 -0.00764012
-0.16008963 0.03813435 -0.01555767
-0.15743260 -0.00489056 -0.01628097
-0.17936404 0.06183265 -0.01398976
-0.19391331 0.07637569 -0.03142557
-0.20716193 0.12018381 -0.04870291
0.15952335 -0.12782802 0.01646174
0.14755403 -0.04520070 0.03708950
0.15112917 -0.07383611 0.02485018
-0.16063941 -0.17873999 -0.03605443
-0.16508047 -0.23004916 -0.04008533
-0.16839841 -0.25261563 -0.03817947
-0.15832783 -0.12784761 -0.00862574
-0.15399913 -0.07290975 -0.00475094
-0.15260032 -0.05028283 -0.01483312
-0.14929427 -0.10675574 -0.03136266
-0.15651532 -0.10881189 -0.01527321
-0.15286930 -0.09463724 -0.01962592
0.17230120 -0.18251750 -0.00209891
0.17611644 -0.20959200 0.00493172
-0.01860889 -0.24723016 -0.11713413
-0.04437357 -0.21524112 -0.11232195
-0.06098330 -0.22516023 -0.11453208
-0.09363581 -0.19929439 -0.09894318
-0.08073653 -0.21735118 -0.10826063
-0.09462684 -0.23516010 -0.10726593
-0.06835268 -0.18873173 -0.10314700
-0.11001324 -0.24243112 -0.10068341
-0.05737207 -0.20299542 -0.10835859
-0.07941505 -0.20051497 -0.10353324
-0.09409019 -0.27308932 -0.10974881
-0.07079179 -0.26108718 -0.11687437
-0.08451816 -0.25321019 -0.11319135
-0.02914414 -0.19303304 -0.10660648
-0.03440797 -0.16967309 -0.10448932
-0.05321364 -0.17396548 -0.10343688
-0.08446798 -0.14586823 -0.09574255
-0.07187452 -0.16484472 -0.09947550
-0.08440179 -0.18054739 -0.09704873
-0.04859444 -0.12618895 -0.10394359
-0.11816181 -0.16830118 -0.07754943
-0.03670664 -0.14543189 -0.10434952
-0.06445000 -0.14190055 -0.10129108
-0.10342544 -0.18055746 -0.08893675
-0.05049346 -0.14224984 -0.10338987
-0.05835437 -0.15773706 -0.10217494
-0.11608300 -0.20334736 -0.08922236
-0.10816167 -0.22154668 -0.09833223
-0.10242344 -0.15442508 -0.08622403
-0.04469231 -0.15924907 -0.10380016
-0.11701756 -0.18587083 -0.08381117
-0.13404344 -0.17849441 -0.06830113
-0.09508211 -0.21607539 -0.10323654
-0.09364096 -0.16753246 -0.09190497
0.00748186 -0.16707364 -0.10320682
0.01787474 -0.20878176 -0.10950442
0.05393180 -0.21576889 -0.11134943
0.05840544 -0.23372552 -0.11586139
0.03542090 -0.22033510 -0.11237969
0.12308687 -0.17072347 -0.07396998
0.08911107 -0.23126923 -0.10896348
0.07673303 -0.20583721 -0.10538555
0.11995342 -0.20579046 -0.08692312
0.12600443 -0.22645094 -0.08679944
0.11323078 -0.21894324 -0.09499723
0.13507453 0.18288974 -0.09986607
0.09652877 0.16922373 -0.11143169
0.11870122 0.19577962 -0.09834380
0.11753253 0.17016932 -0.10567559
0.10047603 0.18846500 -0.10580297
0.12146505 0.14423119 -0.11421399
0.11378448 0.18393311 -0.10347176
0.07783577 0.18296844 -0.10969891
0.08643855 0.19892141 -0.10481966
0.06977493 0.20131063 -0.10430370
0.12446845 0.15658440 -0.10711893
0.20157216 0.08778841 0.00978247
0.20289759 0.10950107 -0.01112667
0.17982732 0.06639837 -0.00774760
0.17191564 0.07081130 -0.03279912
0.14747320 0.00272688 0.03517519
0.14424990 -0.02315334 0.02698405
0.14848627 -0.02502757 -0.00091332
0.14787556 -0.01747938 0.01376894
0.14732605 -0.03692323 0.01128113
0.15639666 0.03261724 -0.01653965
0.16686572 0.05066423 -0.00173133
0.17044087 0.05352814 0.01823312
0.11183203 0.21650389 -0.09357379
0.04171106 0.21549764 -0.09706797
0.05328940 0.20554598 -0.10123618
0.05887636 0.21989794 -0.09690899
0.04862721 0.22934562 -0.09287429
0.02748524 0.22549421 -0.09325153
0.03231867 0.23654111 -0.08920557
0.01680951 0.20470369 -0.09915130
0.03513686 0.19987166 -0.10118157
0.00371771 0.19300506 -0.10143068
0.00644653 0.22515918 -0.09290339
0.02735763 0.21353066 -0.09701195
0.00316606 0.20484026 -0.09869191
0.00987291 0.17362915 -0.10502100
0.08294223 0.23821682 -0.08736026
-0.14231804 0.19421279 -0.09694553
-0.14836904 0.17008181 -0.10388351
-0.13087529 0.16892694 -0.10113995
-0.14231327 0.15686572 -0.09735239
-0.16448872 0.14502361 -0.10177895
-0.16852179 0.11451172 -0.08763161
-0.17597634 0.13276890 -0.08282515
-0.19105631 0.11747159 -0.07408924
-0.15917677 0.12904197 -0.09843976
-0.12195454 0.18648264 -0.10695459
-0.12856433 0.19967428 -0.09526964
-0.03715026 0.17521304 -0.10630610
-0.00852880 0.16544798 -0.10613931
-0.04018274 0.12570743 -0.11317216
-0.10368088 0.19417350 -0.10474099
-0.16900480 0.04363346 -0.00332369
-0.16147238 0.03588473 -0.03232828
-0.14747685 0.02373213 -0.03041438
-0.15929538 -0.00017457 -0.00185830
-0.14381224 -0.01011329 -0.04008162
-0.14168090 0.00649267 -0.04939294
-0.19599377 0.08781723 -0.01831409
-0.23083219 0.09785695 -0.02948604
-0.17496695 0.06333384 -0.04780750
-0.15291323 0.04640136 -0.04796740
-0.17660137 0.05061970 -0.04403664
-0.15061182 0.05588546 -0.06772096
0.16048266 -0.12558694 0.02996314
0.16589700 -0.15481141 0.01582317
0.15039356 -0.06687969 0.00960840
0.16024660 -0.09983300 0.00222692
0.15565960 -0.08324962 0.01078517
0.15367115 -0.10033767 0.02202643
-0.16342007 -0.19986139 -0.03759083
-0.16174078 -0.15711194 -0.01837046
-0.16775580 -0.26415634 -0.04962295
-0.15479337 -0.02691887 -0.01428386
-0.14891361 -0.06622606 -0.03043037
-0.14925718 -0.04682009 -0.02942313
-0.13885441 -0.06269890 -0.05424647
-0.14383367 -0.06970421 -0.04422145
-0.13691863 -0.11789297 -0.05660411
0.17349648 -0.18164112 0.01869966
0.17658438 -0.20045812 0.01953657
0.17345892 -0.22178382 -0.01484080
0.17551604 -0.24542262 -0.01586910
0.16807450 -0.21479443 -0.02801517
0.16881326 -0.19356656 -0.01984594
0.17039171 -0.24782084 -0.03064343
0.16091749 -0.16054676 -0.02114896
0.16083729 -0.17869279 -0.03467171
0.17384231 -0.20506887 -0.00969094
0.16701399 -0.17590435 -0.01577929
0.16604178 -0.15873873 -0.00309935
0.15162063 -0.17605554 -0.04709821
-0.12819736 -0.21150896 -0.08291374
-0.11807588 -0.14440040 -0.07622863
-0.12652461 -0.12969288 -0.06753653
-0.13367446 -0.15324229 -0.06257477
-0.10060281 -0.13114144 -0.08935566
-0.10378222 -0.07395079 -0.09649448
-0.07875940 -0.10640457 -0.10018048
-0.10699018 -0.10160945 -0.08999475
-0.06632785 -0.12166251 -0.10175701
-0.08503293 -0.12474360 -0.09733538
-0.10841194 -0.11628310 -0.08664885
-0.09340951 -0.10994980 -0.09623794
-0.09199250 -0.09125635 -0.09910118
-0.14405015 -0.18962909 -0.06301555
0.01661897 -0.18528737 -0.10493460
0.03271411 -0.16051084 -0.10228477
0.03221903 -0.18013828 -0.10397283
-0.00765080 -0.16796330 -0.10386597
0.04518588 -0.20071799 -0.10717067
0.06115373 -0.19943653 -0.10610069
0.07454264 -0.17363808 -0.09634984
0.13381943 -0.17180960 -0.06540404
0.13224988 -0.19387954 -0.07464349
0.12207372 -0.18872438 -0.08377993
0.06924392 -0.22081910 -0.11095000
0.09088014 -0.20476092 -0.10181195
0.05466519 0.13938121 -0.11296769
0.22400427 0.11280076 -0.01039015
0.14748630 0.04280100 -0.05674054
0.18099591 0.08788472 -0.04131297
0.20441793 0.09845614 -0.02946123
0.15028785 -0.00160997 -0.00304760
0.14642514 -0.01995639 -0.02849406
0.15187602 0.01345654 -0.01193266
0.14794877 -0.01580292 -0.01268225
0.14828202 -0.00168376 -0.01997795
0.15727891 0.03212709 -0.00085445
-0.00908536 0.22458702 -0.09311895
0.02173427 0.18755719 -0.10314139
0.03951979 0.18380825 -0.10521157
0.05716177 0.16538332 -0.11064500
0.05174578 0.17781803 -0.10750482
-0.03917152 0.14848590 -0.11051046
-0.01633245 0.14472237 -0.10911721
-0.14899147 -0.00076908 -0.02636206
-0.13828900 0.01364161 -0.08604564
-0.14159818 0.03163091 -0.06760795
-0.22079499 0.10988253 -0.04103872
-0.20699349 0.08277188 -0.04931222
-0.20161551 0.06778581 -0.04254575
-0.16343592 0.07097241 -0.06048915
0.15746526 -0.11452726 0.00635965
-0.15536988 -0.14989243 -0.02936608
-0.14561905 -0.13652609 -0.04502153
-0.15166017 -0.02027824 -0.02648708
-0.14576508 -0.10464719 -0.04562924
0.16215037 -0.14042978 0.00295073
-0.12886985 -0.19366448 -0.07870835
-0.12915722 -0.16831678 -0.06954275
-0.14247686 -0.16622280 -0.05586904
-0.12930483 -0.03119573 -0.08344315
0.15672281 0.06009628 -0.05024120
0.16078120 0.05679179 -0.03421115
0.14469889 0.06034273 -0.08419959
0.14575291 0.06605999 -0.06647185
0.13511944 0.08918753 -0.09627323
0.13876398 0.07434040 -0.08491286
0.19420363 0.08178611 -0.02422347
0.03133363 0.15723442 -0.10850476
0.02652075 0.17268522 -0.10601560
0.07682340 0.16441922 -0.11312296
0.09370106 0.14431898 -0.11273600
0.06648409 0.15106349 -0.11358820
-0.03821987 0.16163199 -0.10862243
-0.06023601 0.13913755 -0.11552569
-0.02685438 0.15311287 -0.10865003
0.01966040 0.09860584 -0.11224244
-0.00277701 -0.01281602 -0.11119335
-0.04148478 -0.05848071 -0.10734532
-0.06407611 -0.07976518 -0.10352581
-0.07597660 -0.09040347 -0.10151723
-0.05298372 -0.10181564 -0.10437862
-0.02915219 0.13645150 -0.11086154
-0.00605751 0.11696323 -0.11154793
-0.01521483 0.12978947 -0.11078236
0.00463999 0.13321999 -0.10878350
0.02082767 0.14228064 -0.10946986
0.01286183 0.11616039 -0.11075804
0.03765002 0.14206919 -0.11075088
0.04700201 0.15402734 -0.11042827
0.04404991 0.11327094 -0.11430316
0.03017610 0.12650873 -0.11181171
0.04588664 0.12763110 -0.11301453
0.07868698 0.11430260 -0.11295763
0.06323422 0.12447025 -0.11472221
0.07983650 0.13204503 -0.11457989
0.09954568 0.12579940 -0.10989968
0.02852274 0.11022294 -0.11343168
0.11795875 0.12844993 -0.11461277
-0.14065599 0.01353544 -0.06587744
-0.13673323 -0.00805978 -0.08167558
-0.14769843 0.04476579 -0.06315672
-0.14037475 0.03208148 -0.08789602
-0.06884600 0.02669915 -0.10913170
-0.10766514 0.01556107 -0.11182428
-0.12741451 0.01879118 -0.10207362
-0.12016050 0.04063302 -0.10979635
-0.11394719 -0.01049048 -0.10313112
-0.13261661 0.03407136 -0.10224373
-0.12677383 0.00298109 -0.09808782
-0.14955227 -0.12390610 -0.03341701
-0.13726899 -0.13508023 -0.05705522
0.15295739 0.03944494 -0.03545684
0.15014073 0.02499345 -0.03398195
0.13961574 0.00701308 -0.07163224
0.14774698 0.01246198 -0.05151746
0.14541064 -0.00810804 -0.04640752
0.14666224 0.02611972 -0.06594616
0.14826608 0.02991363 -0.04887810
0.13855709 -0.03868690 -0.05497641
0.13617150 0.02023325 -0.08487227
0.14414865 0.03968863 -0.07820072
0.14357357 -0.02479785 -0.04506509
0.07334511 -0.02569453 -0.10122582
0.08967552 0.01098706 -0.09249794
0.11221287 0.01947545 -0.09224777
0.11295315 -0.01211041 -0.08574386
0.10622559 0.00317162 -0.09000853
0.12564006 0.00234471 -0.08572438
0.08840766 -0.01284025 -0.08869468
0.01651766 0.16100937 -0.10705679
0.10655931 0.15537156 -0.11451404
-0.04678189 0.13764788 -0.11292396
-0.07301790 0.15572642 -0.11596274
-0.05705291 0.15532108 -0.11323603
-0.04183112 -0.08142290 -0.10594746
-0.00935526 -0.10916893 -0.10529924
-0.01886812 -0.13100193 -0.10472736
-0.03372619 -0.12842660 -0.10480314
-0.14038658 -0.01787890 -0.06360827
-0.09459544 0.03423391 -0.11223397
-0.12835707 0.09201168 -0.11552520
-0.15154371 0.08227823 -0.09266189
-0.15936860 0.08089060 -0.07468754
-0.15874434 0.10026324 -0.07574413
-0.14696391 0.10530316 -0.10119767
-0.14149450 0.11997795 -0.09456416
-0.12331179 0.12716073 -0.11947829
-0.13873699 0.11878267 -0.11218043
-0.13118058 0.14923541 -0.11441401
-0.13804324 0.13498095 -0.10998429
-0.10749934 0.14631675 -0.11861134
-0.10377121 0.16463429 -0.11450334
-0.08937157 0.15548784 -0.11551633
-0.12382828 -0.01993547 -0.09362419
-0.09143800 -0.04228477 -0.10482758
-0.11256731 -0.03972008 -0.09745950
-0.10420861 -0.02713978 -0.10396168
-0.06572837 -0.01310374 -0.10712977
-0.08267984 -0.02510300 -0.10776294
-0.10075968 -0.05652362 -0.10054707
-0.07828487 -0.06119575 -0.10358440
-0.12154342 -0.05588625 -0.08572844
-0.08914938 -0.00249114 -0.10931713
-0.09743752 -0.01488317 -0.10782367
-0.05798807 -0.03776911 -0.10630649
-0.05954792 -0.06185978 -0.10472740
-0.08725998 -0.07512823 -0.10124379
-0.06761891 -0.02647431 -0.10573721
-0.07304253 -0.04554954 -0.10487327
-0.03045933 -0.10192294 -0.10567532
-0.00711405 -0.07038367 -0.10749444
0.01042547 -0.13301015 -0.10363997
0.00001049 -0.14900739 -0.10379853
-0.00413797 -0.13323672 -0.10425723
-0.14207590 -0.02801061 -0.05165130
-0.14064977 -0.04459232 -0.05238547
-0.13432778 -0.04079766 -0.06947618
-0.13034621 -0.06173955 -0.07105090
-0.12839799 -0.09303627 -0.06866346
-0.13619652 -0.09933376 -0.05647657
-0.12687024 -0.11079677 -0.06798420
-0.13225135 -0.07590853 -0.06524998
-0.12003499 -0.08215947 -0.08314185
-0.11999076 -0.09848026 -0.08151202
-0.10818938 -0.08663563 -0.09187062
-0.14184961 -0.00698155 -0.05201858
-0.10873470 0.02961107 -0.11429118
-0.06675701 0.07953583 -0.11254714
-0.10437534 0.06495722 -0.11809620
-0.13342343 0.06487751 -0.10997583
-0.15279984 0.06478828 -0.08301982
-0.14143543 0.08905709 -0.10511915
-0.10018023 0.12341501 -0.11974012
-0.07069211 0.10940663 -0.11536077
-0.11289005 0.10671578 -0.12081968
-0.08335580 0.12102654 -0.11551341
-0.09066214 0.10171285 -0.11580202
-0.10657848 0.08531470 -0.11916193
-0.07457615 0.09381389 -0.11409016
-0.08665135 0.08003439 -0.11334308
-0.07467040 0.05344955 -0.11049403
-0.11844601 0.15888813 -0.11783685
-0.10634673 0.00030496 -0.10961371
-0.08611291 0.01605478 -0.11027162
-0.06507618 0.00667311 -0.10780657
-0.02619937 0.02116632 -0.11398396
-0.03641853 -0.00610325 -0.11189639
-0.04828348 0.01866177 -0.11320131
-0.05288574 -0.00425068 -0.11056636
-0.04534043 -0.02297086 -0.10973465
-0.05037347 0.04298900 -0.11475015
-0.03511531 0.00899201 -0.11322600
-0.01436030 0.00408324 -0.11277734
-0.02234342 -0.02324422 -0.11178790
-0.03893862 -0.04048962 -0.10896578
-0.02019049 -0.05259935 -0.10951882
-0.03909812 0.03108898 -0.11491314
-0.00887469 0.06545617 -0.11299744
-0.02705806 0.05111390 -0.11551117
0.03736700 0.02050287 -0.10388180
-0.02091315 -0.00895926 -0.11244129
-0.02584031 -0.07096201 -0.10761502
-0.02366204 -0.03814742 -0.11034738
0.01119994 -0.04279454 -0.10632337
-0.00610734 -0.04182906 -0.10944324
0.00295564 -0.02831736 -0.10900355
0.00199562 -0.05616954 -0.10780521
0.03011966 -0.01143745 -0.09996404
0.04685947 -0.08209847 -0.09594578
0.01394729 -0.01603233 -0.10493791
0.01985713 -0.08004380 -0.10398235
0.01276566 0.01058365 -0.10546762
0.02050672 -0.05997638 -0.10352736
-0.01644831 -0.08807813 -0.10650340
0.00147989 0.00158911 -0.10990643
-0.00480273 0.02188245 -0.11172912
0.03765212 -0.03936512 -0.09769413
0.02619087 -0.02690917 -0.10011272
0.03299651 -0.07124860 -0.09793352
0.03435409 -0.05491399 -0.09781607
0.06476122 -0.05554723 -0.09966103
0.04932183 -0.05082360 -0.09758257
0.05516136 -0.03341103 -0.10184494
0.05387275 -0.06711113 -0.09616525
0.04193421 -0.02362948 -0.09883536
0.09040023 -0.09208056 -0.08923195
0.05275891 -0.00165943 -0.10596003
0.06946332 -0.08489248 -0.09413572
0.00239263 -0.08778752 -0.10578259
-0.01679996 0.03606979 -0.11412561
0.01504935 0.03400014 -0.10651974
0.05832882 -0.01752851 -0.10433132
0.07439485 -0.00482293 -0.10381188
0.01931376 -0.10745337 -0.10338348
-0.02304533 -0.11556259 -0.10529330
-0.04219877 -0.11178713 -0.10480950
-0.13715065 -0.08231596 -0.05488336
-0.11565523 -0.07051680 -0.08857605
-0.10676289 0.04827854 -0.11674383
-0.13327469 0.05095664 -0.10569466
-0.12104197 0.07490872 -0.11616153
-0.05719661 0.12129609 -0.11614380
-0.03907562 0.09492902 -0.11617133
-0.05651985 0.09353837 -0.11360338
-0.04451211 0.11044191 -0.11544192
-0.02481863 0.11269779 -0.11359920
-0.00809681 0.09115508 -0.11288413
-0.01222393 0.10495126 -0.11320924
-0.07913911 0.03959075 -0.10967381
-0.08744161 0.06455601 -0.11260642
-0.05578571 0.06216466 -0.11448031
-0.04628725 0.07799535 -0.11669127
-0.02508007 0.07956918 -0.11527007
-0.03880683 0.06319761 -0.11715191
0.09627692 -0.04856478 -0.07994342
0.03604625 0.00373218 -0.10150380
0.07363757 -0.10893252 -0.09241386
0.02239381 0.02087645 -0.10429800
0.04580000 0.06033947 -0.11417428
0.08686983 0.05206519 -0.10053743
0.11619103 0.07143068 -0.10374219
0.13682951 0.07641773 -0.10587955
0.11772147 0.09123642 -0.10809265
0.10530616 0.03897378 -0.09548654
0.08228866 0.08477178 -0.10627250
0.09595680 0.10162277 -0.10724719
0.13361889 0.10227235 -0.11250709
0.13673413 0.11087376 -0.09148699
0.08260796 0.03137258 -0.09937759
0.10720676 0.05611479 -0.09935765
0.09170623 0.06899875 -0.10177442
0.13030857 0.05641736 -0.10196923
0.06869056 0.06566642 -0.11166994
0.10138891 0.08288007 -0.10437510
0.09611248 0.02451406 -0.09322365
0.06504776 0.01728781 -0.10894811
0.11959738 0.04594205 -0.09779040
0.00527783 -0.11619796 -0.10434423
0.03288935 -0.09409911 -0.09999944
0.05193610 -0.10628144 -0.09588688
-0.09095851 0.05044929 -0.11264931
0.08707011 -0.03225409 -0.08726764
0.10678231 -0.03072312 -0.07993643
0.08168925 -0.04984063 -0.09333638
0.13110785 -0.02378179 -0.07251229
0.13308129 -0.00802669 -0.07600144
0.12077589 -0.04857865 -0.07290978
0.09015701 -0.06893730 -0.08710391
0.07074041 -0.04110443 -0.10047797
0.10526948 -0.06562369 -0.07289797
0.08264495 -0.08032367 -0.09322973
0.12453669 -0.06781665 -0.06612348
0.07699462 -0.06500082 -0.09641057
0.13001247 -0.05201437 -0.06166595
0.11903092 -0.11799534 -0.06479860
0.12513095 -0.09325714 -0.06134728
0.07785240 -0.09542229 -0.09237310
0.03569871 0.04321658 -0.10673872
0.13724528 0.12061745 -0.11133126
0.13590348 0.13597202 -0.11193366
0.14994411 0.12178275 -0.09251956
0.15988268 0.09612894 -0.07531711
0.06497481 0.04403124 -0.11157996
0.04758345 0.08637968 -0.11645489
0.07799205 0.01781860 -0.10059378
0.05071991 0.01283139 -0.10855436
0.05050927 0.03045878 -0.11136273
0.05732265 -0.09240039 -0.09497980
0.06147127 -0.11894736 -0.09444617
0.04588771 -0.13796066 -0.09933516
0.12080458 -0.03476664 -0.07694913
0.09674698 -0.12747440 -0.08445536
0.14599408 -0.10489992 -0.03341413
0.14911421 -0.08523642 -0.01307425
0.10640701 -0.10028874 -0.07466437
0.11084290 -0.08242487 -0.06845794
0.09914162 -0.08125346 -0.07955018
0.02922777 0.03239255 -0.10429040
0.01406448 0.05694857 -0.10750759
0.17379776 0.10724708 -0.06406038
0.14790832 0.08379928 -0.07303268
0.14040801 0.09767854 -0.08497735
0.07342835 0.05336331 -0.10722948
0.06961928 0.03052570 -0.10852575
0.04905554 0.04588098 -0.11301619
0.05328857 0.07176106 -0.11626603
0.06492221 0.08251400 -0.11294303
0.06997910 0.09906904 -0.11238697
0.06017515 -0.15536451 -0.09735566
0.06040509 -0.17237866 -0.09949408
0.04601733 -0.15495795 -0.10032228
0.02766594 -0.13948399 -0.10226478
0.01540252 -0.15070748 -0.10323657
0.02298030 -0.12362917 -0.10264718
0.08181670 -0.12407774 -0.09000637
0.09296539 -0.10958779 -0.08734250
0.13890795 -0.09218790 -0.04677492
0.14494970 -0.07117477 -0.02938433
0.13560274 -0.11693631 -0.05064588
0.14445366 -0.08850731 -0.03358007
0.12795185 -0.10729568 -0.05786314
0.14775509 -0.13880827 -0.03709089
0.12836900 -0.14427100 -0.06086585
0.14456382 -0.12215478 -0.04029918
0.12766285 -0.12782961 -0.05881425
0.13983478 -0.15971142 -0.05472635
0.15224247 -0.10968994 -0.01562304
0.15618774 -0.11112440 -0.00949213
0.15145646 -0.12640432 -0.02405598
0.15666729 -0.14224872 -0.01998417
0.15162839 -0.15293273 -0.03443678
0.11553655 -0.10398635 -0.06525406
0.10761996 -0.11749382 -0.07588393
0.11131356 -0.14254966 -0.07520968
0.02146304 0.04504235 -0.10600060
-0.00077484 0.04607475 -0.11142523
0.00807783 0.07663230 -0.10967965
0.00746000 0.09106287 -0.11129600
0.02738588 0.06918324 -0.10814852
0.00434499 0.10552170 -0.11244444
0.05966400 0.11110606 -0.11590511
0.03666808 -0.11288166 -0.10007180
0.14355664 -0.04806890 -0.03626087
0.14653166 -0.03598396 -0.01889466
0.14748836 -0.04095580 -0.00604529
0.14745761 -0.06874717 -0.01486764
0.11992526 -0.15414138 -0.07038683
0.09180976 -0.15548383 -0.08713768
0.10691178 -0.16555636 -0.08109161
0.08185798 -0.14200774 -0.09006757
0.09474432 -0.17356731 -0.08940494
0.07443809 -0.15635234 -0.09374771
0.04802949 -0.12220044 -0.09788611
0.13848498 -0.05406307 -0.04985213
0.09961392 -0.14261784 -0.08287127
0.10812426 -0.18305720 -0.08765065
-0.13498591 -0.27124119 -0.08408257
-0.13839425 -0.28622672 -0.08494193
-0.12925777 -0.24544591 -0.08664877
0.03081237 0.08472291 -0.10994710
-0.24320421 0.12761091 -0.00428320
-0.27267301 0.13766465 -0.01315788
-0.30024457 0.14347455 -0.01922254
-0.32765189 0.14865594 -0.02375096
-0.32758456 0.15603916 -0.00366772
-0.32937181 0.17290919 0.01253162
-0.33271748 0.19675383 0.01812793
-0.33701199 0.21995951 0.01104983
-0.34207648 0.23817560 -0.00750101
-0.34637094 0.25095206 -0.02860346
-0.34699053 0.25759131 -0.05000659
-0.34490311 0.24172287 -0.06474675
-0.34319308 0.21982850 -0.06403552
-0.33380538 0.19710895 -0.07027861
-0.32206744 0.17440578 -0.06635830
-0.33063674 0.16914982 -0.08931276
-0.33209264 0.16167291 -0.06635636
-0.33086348 0.15309969 -0.04394922
-0.06850024 0.26532823 -0.06321719
-0.08017763 0.26891088 -0.04789759
-0.08402292 0.26887131 -0.02667791
-0.08450109 0.26225340 -0.00934068
-0.12776202 0.26648265 -0.03170057
-0.10518380 0.26770693 -0.03541963
-0.09279367 0.26786241 -0.03770649
-0.09096820 0.26068127 -0.05999414
-0.26707086 0.16222686 -0.06666734
-0.31491750 0.14973573 -0.01235093
-0.27004015 0.18244757 0.02632946
-0.22430636 0.24871039 -0.04239765
-0.12758827 0.26393476 0.00301650
-0.12492616 0.25310043 -0.05933285
-0.08362303 0.25531238 -0.06992240
-0.10648385 0.25549477 -0.06464294
-0.23865831 0.13554958 -0.05644535
-0.21904640 0.19460896 -0.08146654
-0.26461682 0.15425554 0.01065474
-0.29132399 0.15204559 0.00195099
-0.23449531 0.18392895 0.03373078
-0.20090191 0.24176559 0.00913161
-0.12063143 0.25475216 0.01443789
-0.10903643 0.26083142 -0.00178114
-0.14144674 0.25535458 0.01773104
-0.10009149 0.26366895 -0.01882254
-0.11664914 0.24371980 -0.07325271
-0.13456450 0.23621915 -0.07066505
-0.09870127 0.24869031 -0.07345722
-0.22136815 0.13090153 -0.04802126
-0.21491626 0.14814273 -0.07646200
-0.17584673 0.22154713 -0.07600757
-0.26277927 0.13406143 0.00437531
-0.24704348 0.13342574 0.02055877
-0.24764767 0.16476983 0.02416146
-0.21762101 0.17055300 0.03720566
-0.21149296 0.19704452 0.03476546
-0.23097102 0.15785940 0.03545954
-0.18381234 0.22602880 0.02887348
-0.10544272 0.25344843 0.00817228
-0.13285555 0.24790655 0.02665133
-0.15346727 0.24453588 0.02715891
-0.09686092 0.25714138 -0.00341484
-0.12590711 0.23068789 -0.07967275
-0.14401789 0.22070110 -0.07790264
-0.20435092 0.13712730 -0.07501651
-0.19099241 0.16546923 -0.07586397
-0.20008428 0.18742351 0.04305856
-0.19498259 0.20862232 0.03381151
-0.17533594 0.21929520 0.03982975
-0.17287189 0.25379878 -0.02320761
-0.15510958 0.23385775 -0.06102685
-0.16359784 0.25692028 0.00353984
-0.14556113 0.23119175 -0.06860113
-0.15861472 0.21988317 -0.07208497
-0.15449414 0.25335488 0.01673800
-0.15737173 0.20342165 -0.08312701
-0.31392986 0.14614551 -0.03343531
-0.30166334 0.17178157 -0.06800856
-0.30675811 0.15253285 -0.05251417
-0.28208408 0.20812887 -0.08959962
-0.30177617 0.20556264 0.02058051
-0.28330311 0.25091162 -0.04648029
-0.11916000 0.26136875 -0.04922058
-0.11473143 0.26626611 -0.03973833
-0.11764774 0.26630068 -0.01790339
-0.12995744 0.26672807 -0.01413466
-0.15110759 0.26221275 -0.02488008
-0.14642613 0.26451722 -0.00509030
-0.13996354 0.26643693 -0.02360325
-0.13477160 0.26025918 -0.04179987
-0.11808339 0.26571018 -0.00344693
-0.15669054 0.26189056 -0.01049718
-0.13901755 0.26230088 0.00730265
-0.14118974 0.24749158 -0.05510563
-0.14920527 0.25512350 -0.04155853
-0.16170365 0.25431767 -0.03244413
-0.16098005 0.24351509 -0.04779486
-0.17319584 0.23142347 -0.05902250
-0.20879918 0.22441567 -0.06466791
-0.17953993 0.24315485 -0.04302718
-0.18951601 0.22409666 -0.06620759
-0.19867994 0.21029964 -0.08545346
-0.19587098 0.23618020 -0.05241785
-0.20221886 0.21853405 -0.07448760
-0.18308988 0.23436821 -0.05391635
-0.21373060 0.23700455 -0.05259712
-0.19847412 0.24848457 -0.02795248
-0.25405836 0.23027840 -0.06757468
-0.19162101 0.24531765 -0.04038521
-0.20898312 0.24686833 -0.04108582
-0.23701009 0.23640141 -0.05523711
-0.23079130 0.22120498 -0.06891753
-0.26075563 0.23875490 -0.04744785
-0.22387554 0.23024751 -0.06027011
-0.24864960 0.21224745 -0.09031700
-0.24422988 0.25010794 -0.04508641
-0.24481484 0.21871515 -0.07657082
-0.22652748 0.21443209 -0.08700572
-0.23433489 0.24284722 -0.00883300
-0.21814716 0.21960117 -0.07594196
-0.23423102 0.24611244 -0.02786017
-0.21483152 0.24736546 -0.02314086
-0.26116908 0.24697702 -0.02896256
-0.20321047 0.24732025 -0.00917419
-0.24554217 0.24415922 -0.02119246
-0.26628226 0.22802013 0.00965122
-0.26091415 0.23940839 -0.00793070
-0.26055327 0.25254968 -0.04257116
-0.21647316 0.24335296 -0.00408979
-0.18100002 0.24856633 0.00672653
-0.16712674 0.24793126 0.01622310
-0.17490891 0.23745060 0.02270888
-0.22296003 0.22880723 0.01917841
-0.18817174 0.25212544 -0.01202385
-0.18729496 0.24168849 0.01377585
-0.16179919 0.22999384 0.03318575
-0.21454901 0.23620802 0.01184328
-0.20590791 0.22335558 0.02390972
-0.21389779 0.21384844 0.02763612
-0.23975447 0.21329692 0.02697643
-0.17623356 0.25316453 -0.00373911
-0.18444657 0.25059238 -0.02759533
-0.25395894 0.13234493 -0.03142820
-0.29206821 0.17345357 0.01782294
-0.31077260 0.16204011 0.00730453
-0.24080753 0.15894637 -0.06920172
-0.25729138 0.19092903 -0.07498443
-0.22375262 0.17143443 -0.07975964
-0.25558358 0.17196514 -0.07221452
-0.23720077 0.19078480 -0.07648743
-0.20634019 0.17864735 -0.08115010
-0.23519281 0.20414002 -0.08314346
-0.26658913 0.16949025 0.02073675
-0.25110659 0.17969131 0.02959242
-0.26528141 0.20612127 0.02421599
-0.17518774 0.18664871 -0.08504515
-0.32040966 0.17157769 -0.07278842
-0.30845106 0.18453258 -0.09226216
-0.32310951 0.15749343 -0.05352764
-0.28441533 0.15209740 -0.05858573
-0.26227999 0.14190605 -0.05596299
-0.28316298 0.13820931 -0.03833329
-0.30302382 0.21417831 -0.06843819
-0.32099307 0.20884804 0.01831230
-0.31103426 0.18841806 0.01999633
-0.31355041 0.22807989 0.00746566
-0.31474900 0.25074464 -0.05179078
-0.10351235 0.26145500 -0.05348910
-0.19568056 0.23203851 0.02021638
-0.22813056 0.19821087 0.03173847
-0.24286076 0.23054978 0.00949331
-0.23089007 0.23576725 0.00536175
-0.24558419 0.23956390 -0.00361379
-0.25081325 0.22343844 0.01642685
-0.24072783 0.13010532 -0.02050417
-0.25835070 0.13151708 -0.01794320
-0.28248674 0.16153383 0.01124478
-0.28950807 0.18768904 0.02293355
-0.28233978 0.20276593 0.02277491
-0.24747868 0.19960776 0.02964147
-0.17748868 0.17221242 -0.08377136
-0.18165140 0.20203973 -0.07709660
-0.16770616 0.20875917 -0.07648081
-0.19295764 0.18941079 -0.07811840
-0.20441338 0.19712758 -0.08506101
-0.28488871 0.18493645 -0.07564121
-0.28443405 0.16964132 -0.06851437
-0.29162422 0.19388805 -0.09446813
-0.29412222 0.19635029 -0.07203031
-0.27265182 0.19208689 -0.08729330
-0.31435129 0.20258468 -0.07063344
-0.26841182 0.13787042 -0.04318668
-0.28639093 0.13869230 -0.02514365
-0.30099148 0.14499953 -0.03999184
-0.28612250 0.23066956 -0.05656193
-0.33053523 0.22948501 0.00391808
-0.29804176 0.24026132 -0.01575099
-0.33400780 0.25151706 -0.05685578
-0.32156616 0.25470227 -0.03238652
-0.31979126 0.22971456 -0.05524839
-0.30490598 0.18284652 -0.07350642
-0.27775359 0.23797214 -0.04746118
-0.29898220 0.23966354 -0.04647619
-0.27821866 0.23769638 -0.00559351
-0.28242153 0.24462405 -0.02539939
-0.29289901 0.23109336 0.00413356
-0.28073940 0.21872652 0.01588107
-0.27636611 0.25258797 -0.03364443
-0.30144197 0.24999538 -0.02888435
-0.32254750 0.24006534 -0.01558545
-0.30182365 0.22513585 -0.06001074
-0.32261610 0.21885726 -0.06407830
-0.29753068 0.21833037 0.01525158
-0.26962224 0.22245973 -0.07962061
-0.28158480 0.21110383 -0.07136676
-0.27125937 0.23109576 -0.06675631
-0.29918566 0.25706568 -0.04136160