155 92
155 93
92 93
36 37
36 95
37 95
68 401
68 67
401 67
110 95
110 38
95 38
226 224
226 229
224 229
136 40
136 41
40 41
110 226
226 95
80 81
80 175
81 175
177 80
177 175
314 97
314 233
97 233
329 333
329 284
333 284
10 11
10 145
11 145
181 43
181 44
43 44
30 31
30 329
31 329
329 338
115 143
115 144
143 144
331 336
331 228
336 228
116 146
116 9
146 9
97 225
97 224
225 224
293 105
293 292
105 292
168 190
168 169
190 169
172 301
172 148
301 148
182 47
182 48
47 48
257 133
257 259
133 259
161 182
161 183
182 183
245 142
245 114
142 114
118 140
118 4
140 4
260 517
260 395
517 395
130 106
130 131
106 131
29 30
29 338
30 338
40 135
40 39
135 39
39 110
39 38
75 356
75 74
356 74
136 109
136 135
109 135
576 624
576 368
624 368
6 146
6 116
234 235
234 111
235 111
235 136
234 136
513 620
513 585
620 585
44 45
44 179
45 179
413 415
413 28
415 28
169 99
169 277
99 277
299 166
299 185
166 185
514 418
514 420
418 420
396 25
396 26
25 26
140 3
116 117
116 100
117 100
811 799
811 796
799 796
209 275
209 274
275 274
201 112
201 200
112 200
305 176
305 249
176 249
128 132
128 159
132 159
358 447
358 448
447 448
224 110
224 109
110 109
228 34
228 227
34 227
20 209
20 213
209 213
209 272
20 272
244 298
244 361
298 361
131 129
15 16
15 164
16 164
198 196
198 191
196 191
283 222
283 325
222 325
206 208
206 165
208 165
109 97
539 560
539 540
560 540
129 293
129 132
293 132
143 11
143 12
11 12
13 167
13 144
167 144
94 178
94 93
178 93
147 118
147 100
118 100
267 183
267 268
183 268
118 5
118 116
5 116
188 15
188 164
143 145
5 4
117 145
145 100
9 117
9 10
10 117
128 130
130 132
132 124
132 153
124 153
126 128
126 87
128 87
7 8
7 146
8 146
140 114
118 114
5 6
180 160
180 179
160 179
37 38
92 156
155 156
318 396
318 397
396 397
91 92
91 131
92 131
318 460
397 460
106 127
127 131
55 56
55 150
56 150
12 144
56 57
56 149
57 149
245 244
245 141
244 141
128 106
149 150
479 328
479 476
328 476
103 121
103 58
121 58
171 114
171 169
114 169
230 121
230 103
774 790
774 775
790 775
354 444
354 353
444 353
301 173
172 173
125 797
125 792
797 792
237 238
237 150
238 150
52 53
52 172
53 172
159 85
159 86
85 86
74 353
74 73
353 73
149 121
149 120
121 120
3 142
3 2
142 2
328 222
328 283
65 320
65 64
320 64
98 655
98 659
655 659
57 58
57 121
230 60
103 60
232 120
232 121
59 103
59 58
126 127
126 106
62 325
62 231
325 231
164 193
164 192
193 192
276 99
276 191
99 191
72 73
72 444
73 444
70 403
70 69
403 69
236 150
236 120
150 120
61 230
61 60
465 466
465 399
466 399
399 321
399 398
321 398
136 233
233 109
468 400
468 467
400 467
263 111
263 264
111 264
127 91
283 326
283 327
326 327
167 196
184 193
184 194
193 194
135 110
158 794
158 125
794 125
84 85
84 153
85 153
446 72
446 444
128 86
86 87
797 794
797 795
794 795
90 126
90 88
126 88
129 130
1 2
1 166
2 166
366 119
366 246
119 246
94 195
94 187
195 187
91 90
127 90
89 90
89 88
226 36
87 88
180 252
252 160
129 156
131 156
486 520
486 514
520 514
138 164
138 192
310 311
310 309
311 309
453 394
453 310
394 310
248 83
248 154
83 154
76 289
76 288
289 288
161 266
183 266
174 52
174 172
77 78
77 289
78 289
153 154
83 84
59 60
427 488
427 429
488 429
591 587
591 590
587 590
248 249
248 176
177 79
79 80
147 114
166 195
195 1
163 42
163 43
42 43
304 789
304 371
789 371
75 76
75 288
140 142
41 42
41 235
42 235
259 261
51 52
51 174
155 158
155 125
182 256
182 255
256 255
142 141
142 185
141 185
12 13
145 115
167 14
13 14
197 196
197 167
145 168
115 168
7 6
9 8
169 147
147 168
172 303
120 286
237 122
122 238
81 176
176 175
177 307
175 307
809 454
809 808
454 808
220 467
220 502
467 502
153 159
124 291
291 153
291 292
291 242
292 242
175 151
176 151
178 158
156 125
156 792
187 157
187 178
157 178
829 830
829 826
830 826
93 158
837 794
837 157
794 157
180 45
180 46
45 46
160 257
160 181
257 181
183 48
183 49
48 49
160 133
252 133
268 269
268 270
269 270
162 317
162 371
317 371
181 163
235 163
235 137
163 137
193 16
193 17
16 17
167 188
14 188
357 22
357 23
22 23
112 203
201 203
186 195
186 139
195 139
14 15
189 196
189 197
190 115
100 168
276 277
189 215
189 191
215 191
298 113
113 361
171 277
171 297
277 297
171 245
297 245
173 53
173 54
53 54
148 303
238 239
239 150
300 246
300 119
300 247
300 303
247 303
268 162
162 267
176 82
81 82
151 307
82 248
291 154
306 251
306 307
251 307
79 311
79 78
311 78
158 157
181 179
255 46
255 47
46 47
254 252
254 180
181 137
161 256
49 50
49 269
50 269
161 134
266 134
194 17
194 18
17 18
204 202
204 203
202 203
185 2
141 299
139 361
139 840
361 840
796 800
796 804
800 804
94 1
187 186
187 846
186 846
138 199
199 164
201 197
201 138
197 138
200 207
200 189
207 189
207 215
144 196
144 198
190 99
190 191
190 198
115 198
192 184
192 204
184 204
18 19
18 213
19 213
194 208
194 206
139 166
197 188
188 199
199 197
200 197
211 207
211 112
207 112
204 138
210 204
210 206
204 206
608 539
608 547
539 547
202 210
202 549
210 549
204 201
549 555
184 206
211 205
205 207
217 363
217 205
363 205
210 165
207 216
205 216
194 213
208 209
194 209
21 272
21 20
275 295
275 360
295 360
662 555
662 548
555 548
553 202
553 555
202 555
112 553
203 553
170 277
170 278
277 278
170 297
20 19
365 842
365 298
842 298
211 217
216 215
215 212
215 276
212 276
278 216
278 205
216 212
211 559
211 554
559 554
214 854
214 363
854 363
437 436
437 435
436 435
272 275
315 263
315 441
263 441
331 340
331 330
340 330
468 320
468 321
320 321
369 302
369 368
302 368
380 383
380 378
383 378
568 385
568 458
385 458
326 62
326 63
62 63
230 232
423 349
423 419
349 419
279 460
279 462
460 462
335 344
335 97
344 97
225 229
219 227
219 225
227 225
226 285
229 285
36 35
226 35
228 219
285 34
285 35
34 35
219 331
34 33
228 33
227 229
227 285
61 231
231 230
231 232
62 61
232 222
231 222
406 232
406 222
232 286
406 286
234 233
111 315
234 315
235 264
137 264
480 408
480 409
408 409
237 236
237 409
236 409
122 246
246 238
54 239
239 173
55 239
55 54
173 238
309 251
309 375
251 375
532 533
532 534
533 534
383 384
383 355
384 355
241 386
241 290
386 290
292 801
801 242
250 248
250 154
498 357
498 358
357 358
449 537
449 243
537 243
297 298
297 244
299 244
299 361
246 173
366 367
366 412
367 412
370 451
370 119
451 119
317 270
317 316
270 316
83 82
250 242
250 249
242 249
795 798
795 105
798 105
305 151
250 291
372 251
372 123
251 123
372 373
372 375
373 375
180 255
255 254
525 260
525 526
260 526
134 253
134 256
253 256
600 530
600 604
530 604
527 254
527 253
254 253
255 253
258 259
258 260
259 260
257 261
257 262
261 262
258 395
258 312
395 312
137 262
137 261
133 599
599 259
258 261
527 133
527 252
627 695
627 601
695 601
265 261
265 258
181 262
263 265
263 312
265 312
331 339
339 340
261 264
264 265
267 266
775 162
775 791
162 791
269 183
775 267
270 50
270 51
50 51
174 316
174 270
247 316
316 303
119 247
451 247
268 317
22 296
357 296
274 165
274 208
357 295
295 296
560 243
273 558
273 565
558 565
294 498
294 450
498 450
274 273
275 273
277 212
212 278
205 364
363 364
497 495
497 494
495 494
357 294
398 65
398 66
65 66
406 328
406 102
328 102
322 401
322 402
401 402
569 504
569 571
504 571
512 403
512 404
403 404
511 281
511 510
281 510
327 63
327 64
63 64
405 475
405 474
475 474
329 337
337 333
415 485
415 319
485 319
236 286
236 102
286 102
288 290
288 356
290 356
506 512
506 473
512 473
76 77
288 241
177 309
177 311
288 394
289 394
241 355
355 386
290 287
290 353
287 353
292 124
124 293
801 105
293 792
129 792
447 357
447 23
294 359
294 295
359 295
272 295
296 272
296 21
22 21
298 170
170 364
278 364
364 365
365 170
299 139
301 300
300 148
246 301
479 480
479 102
480 102
573 302
573 866
302 866
316 271
247 271
366 369
369 119
575 101
575 572
101 572
802 249
802 242
306 305
306 799
305 799
306 123
151 306
309 307
389 387
389 388
387 388
376 378
376 152
378 152
310 152
309 152
311 289
289 310
349 223
349 442
223 442
342 345
342 347
345 347
416 417
416 312
417 312
314 335
233 315
348 351
348 313
351 313
313 314
313 315
314 315
317 271
397 26
397 27
26 27
450 243
450 359
243 359
413 29
413 332
29 332
352 284
352 343
284 343
320 398
320 280
320 474
280 474
399 66
399 67
66 67
400 502
470 68
470 69
68 69
508 510
508 322
510 322
472 70
472 71
70 71
471 508
471 505
508 505
354 489
353 489
393 240
393 383
240 383
326 325
320 327
467 405
467 474
327 474
327 475
410 412
410 408
412 408
32 336
32 337
336 337
329 443
336 33
339 219
344 219
344 225
336 330
487 223
487 427
223 427
29 28
337 31
341 330
341 340
417 441
284 341
333 341
313 335
335 334
335 339
334 339
337 330
333 330
32 31
338 332
339 344
334 340
342 223
342 343
223 343
342 341
342 340
343 341
334 345
345 340
343 487
487 352
313 441
335 351
351 334
416 107
312 107
349 347
442 347
348 345
348 334
347 346
347 348
416 346
346 417
416 422
107 422
423 425
425 349
439 483
439 429
483 429
481 350
481 414
350 414
443 352
443 481
352 481
353 356
287 489
384 445
384 489
445 489
492 446
492 491
446 491
378 355
378 381
355 381
152 373
373 376
447 24
23 24
448 24
448 25
24 25
318 493
318 448
493 448
243 561
560 561
360 273
359 360
561 359
831 361
831 113
854 612
214 612
98 824
659 824
214 217
363 362
362 364
365 362
855 842
855 362
842 362
367 246
573 576
576 302
122 367
367 408
122 408
101 625
575 625
369 370
368 370
302 366
693 624
693 689
624 689
304 857
371 857
452 271
452 247
788 789
788 691
789 691
810 455
810 372
455 372
373 308
372 308
376 377
373 377
375 152
374 376
374 377
380 393
378 374
814 382
814 456
382 456
377 308
377 382
308 382
374 380
241 381
853 873
853 845
873 845
388 380
388 374
568 392
458 392
393 388
393 390
388 390
241 394
241 453
152 381
455 456
455 308
456 308
387 392
389 392
384 240
384 536
240 536
287 386
379 814
379 816
814 816
532 324
532 491
324 491
384 386
287 384
389 374
499 458
499 457
458 457
389 377
388 499
387 499
377 391
858 859
858 379
859 379
499 535
457 535
532 536
532 490
536 490
382 391
859 382
382 379
859 389
859 391
389 391
858 860
379 860
490 393
490 390
107 395
448 396
415 27
27 28
318 279
401 399
465 322
399 322
400 466
468 466
586 502
586 503
502 503
401 470
402 470
402 403
470 403
505 506
506 471
403 472
403 323
403 505
323 505
446 71
71 72
473 282
407 478
407 410
478 410
283 475
475 328
405 477
405 476
477 476
122 409
408 407
480 236
478 411
478 866
411 866
412 302
410 302
220 504
502 504
573 571
866 571
414 413
414 332
415 397
481 332
482 414
482 350
414 485
485 413
461 415
461 319
515 514
515 420
346 419
416 419
346 348
348 417
348 441
439 426
429 426
346 349
424 423
424 419
517 486
517 515
486 515
421 433
421 432
433 432
519 597
519 418
597 418
425 223
515 422
515 107
422 420
422 424
420 424
419 422
423 421
421 425
433 420
433 418
421 424
425 428
421 428
487 350
350 352
421 431
428 434
428 426
434 426
425 427
425 488
428 488
431 432
431 651
432 651
428 429
437 426
426 436
350 427
350 429
767 430
767 647
430 647
431 434
431 428
431 430
430 434
433 424
418 651
597 651
418 432
591 641
591 96
641 96
434 436
706 654
706 702
654 702
556 612
556 554
612 554
767 434
435 653
440 437
440 218
437 218
437 439
438 464
438 462
464 462
319 414
319 482
440 439
438 484
438 483
484 483
463 440
463 218
440 438
440 483
342 442
338 443
443 332
284 443
446 354
240 490
491 445
445 532
354 491
472 446
472 404
446 404
493 279
566 493
566 497
493 497
496 495
496 279
495 279
449 450
370 692
370 857
692 857
452 451
452 857
451 857
452 371
152 453
381 453
802 801
810 123
456 454
455 454
454 814
809 814
567 457
567 385
457 385
282 867
282 585
867 585
387 458
612 655
612 98
500 567
500 616
567 616
397 461
461 460
461 462
319 462
319 484
484 462
463 464
464 440
544 547
544 546
547 546
464 279
279 463
510 509
508 509
466 281
465 281
466 503
281 503
321 466
405 220
468 280
467 280
471 509
469 586
469 669
586 669
471 580
402 508
473 492
512 492
324 534
324 867
534 867
476 475
220 477
476 407
407 479
569 477
569 220
478 477
477 411
476 478
480 407
483 350
484 482
482 483
604 602
604 603
602 603
519 514
491 489
535 390
535 617
535 618
617 618
324 492
473 324
495 493
566 358
566 448
497 537
497 449
496 463
494 537
605 463
605 218
540 542
449 498
449 566
498 566
499 390
616 385
616 615
385 615
592 596
592 591
596 591
501 568
501 858
568 858
759 762
759 459
762 459
502 469
469 504
281 586
511 586
504 574
504 572
574 572
505 402
506 323
323 512
282 471
282 506
583 507
583 582
507 582
571 572
571 101
465 510
670 509
670 582
509 582
672 668
672 621
668 621
492 404
533 513
513 534
620 618
620 619
618 619
518 519
518 520
519 520
517 107
520 523
520 522
523 522
623 690
623 689
690 689
517 525
587 518
587 522
518 522
647 651
647 597
597 518
523 524
520 524
587 516
522 516
521 523
521 524
530 521
530 524
486 524
695 521
525 486
260 599
603 527
603 528
527 528
253 528
527 526
526 133
531 528
531 134
528 134
604 528
266 775
775 134
600 601
600 521
601 521
524 525
525 530
602 525
602 526
134 790
529 600
529 604
536 445
490 533
535 490
533 535
513 867
567 664
567 663
664 663
457 663
663 535
496 543
496 494
543 494
243 540
537 540
551 543
551 496
641 596
641 595
596 595
543 865
865 494
607 608
607 538
608 538
541 865
541 543
563 560
563 550
560 550
551 541
542 546
542 539
546 539
865 540
865 537
716 546
716 541
546 541
605 551
551 463
865 542
541 542
768 606
768 654
606 654
606 652
606 653
652 653
605 652
605 545
652 545
544 777
777 547
550 608
550 607
611 656
611 610
656 610
112 559
553 559
165 564
274 565
563 613
563 562
613 562
165 565
565 564
551 545
551 768
545 768
655 556
217 554
552 554
552 559
552 661
661 554
552 553
552 555
661 662
661 610
662 610
607 548
549 613
549 548
613 548
558 360
359 558
557 562
557 558
562 558
550 539
560 557
557 561
558 561
563 557
564 562
564 549
562 549
613 550
550 548
210 564
562 565
568 615
500 664
858 392
501 762
501 615
762 615
569 411
578 579
578 671
579 671
579 575
579 570
575 570
573 101
571 411
574 469
572 570
576 101
410 866
469 668
669 668
572 668
574 668
676 578
676 671
579 685
579 687
685 687
625 624
625 576
736 739
736 731
739 731
697 640
697 696
640 696
579 675
675 671
631 630
631 637
630 637
672 622
672 671
622 671
685 578
580 584
580 583
584 583
507 670
620 584
221 679
221 770
679 770
509 580
580 582
584 282
580 282
667 221
667 770
585 584
581 583
581 584
867 473
618 513
669 511
96 647
96 598
647 598
628 629
628 516
629 516
708 716
708 654
716 654
523 628
523 516
587 96
629 590
590 516
591 589
590 589
592 589
592 631
589 631
696 594
696 588
594 588
594 649
666 221
666 769
221 769
705 779
705 704
779 704
640 698
698 696
649 650
649 596
650 596
786 813
786 873
813 873
430 651
592 649
594 698
594 650
698 650
587 598
598 518
96 646
646 647
597 598
526 599
601 529
774 773
774 788
773 788
601 108
526 603
530 602
531 604
529 531
652 218
435 644
436 644
541 768
611 607
611 538
661 556
610 556
544 708
544 717
708 717
660 659
660 655
607 610
717 778
717 538
778 538
611 609
609 656
854 98
737 741
737 724
741 724
746 750
746 751
750 751
616 614
615 614
764 614
764 758
614 758
769 665
533 618
617 619
665 617
665 664
617 664
619 769
619 667
769 667
667 620
620 581
670 621
670 669
621 669
672 673
621 673
622 683
622 679
683 679
677 679
677 781
679 781
639 638
639 684
638 684
693 368
624 623
579 625
624 687
625 687
626 634
626 630
634 630
630 629
631 629
691 635
691 108
635 108
628 695
628 626
695 626
523 695
629 626
629 589
627 108
627 635
631 588
637 588
592 588
691 690
691 772
690 772
633 636
633 684
636 684
636 630
636 634
633 637
637 636
635 626
626 627
634 632
634 635
692 694
692 304
694 304
636 632
636 639
632 639
696 637
696 633
771 685
771 686
685 686
682 686
682 688
686 688
639 772
632 772
638 682
678 676
678 674
676 674
698 736
640 736
641 645
595 645
641 646
650 714
650 595
714 595
653 699
646 645
646 648
645 648
435 700
435 699
700 699
434 644
644 643
644 648
643 648
645 711
595 711
645 642
647 643
646 643
643 767
648 642
648 700
642 700
588 649
714 715
650 715
653 218
606 545
437 653
702 606
702 699
606 699
656 556
660 658
658 659
609 655
655 656
544 716
724 728
872 873
872 850
873 850
824 658
824 823
658 823
660 609
871 658
871 851
658 851
611 710
611 776
710 776
752 747
752 657
747 657
552 662
610 548
617 663
665 500
665 666
500 666
619 665
758 755
640 738
738 736
770 680
770 681
680 681
667 581
668 570
670 511
511 509
670 673
507 673
675 570
676 677
671 677
672 570
507 680
672 683
673 683
739 785
739 748
785 748
672 675
677 622
674 742
679 782
682 678
682 577
678 577
676 688
678 688
683 680
680 679
766 783
766 782
783 782
583 681
681 507
581 681
667 681
697 684
697 682
684 682
771 638
686 638
673 680
697 577
578 686
685 623
687 623
688 578
623 771
771 690
689 694
689 692
772 638
772 635
691 694
789 694
693 370
692 693
690 694
697 633
640 577
650 593
698 593
700 644
704 702
704 699
642 699
711 705
705 645
710 778
710 734
778 734
704 642
702 701
703 711
703 713
711 713
723 709
723 718
709 718
705 642
703 718
703 779
718 779
706 701
706 709
701 709
706 708
718 701
776 660
776 609
709 708
777 717
777 538
701 779
709 707
709 722
707 722
538 710
734 707
734 725
707 725
593 715
705 703
712 714
712 715
707 723
714 711
720 713
720 780
713 780
712 713
713 714
731 726
731 730
726 730
721 754
721 731
754 731
716 768
722 708
717 722
722 778
720 703
720 718
715 730
718 719
720 719
735 736
735 731
763 764
763 755
764 755
778 707
719 727
752 756
756 747
725 727
725 728
727 728
730 732
730 780
732 780
727 723
725 723
725 724
725 729
724 729
758 759
758 745
759 745
718 727
719 728
719 780
719 732
728 740
728 737
740 737
747 724
747 741
729 756
729 776
756 776
735 715
735 593
726 732
735 730
593 736
740 733
733 737
732 728
757 755
757 745
755 745
741 733
741 750
733 750
729 734
710 729
738 577
739 721
740 732
742 577
742 678
738 744
738 739
744 739
738 742
742 744
726 740
757 754
754 755
733 751
741 657
744 784
742 784
674 677
674 781
748 721
744 743
744 785
743 785
733 749
740 749
740 753
753 749
860 864
750 657
657 872
657 851
872 851
729 747
666 765
666 766
765 766
761 765
761 500
765 500
753 726
787 745
787 759
750 872
746 872
745 751
745 749
751 749
786 751
786 787
751 787
658 752
660 752
756 660
754 753
754 726
753 757
721 755
763 748
763 760
748 760
759 614
749 757
721 763
614 762
766 760
765 760
761 616
761 614
761 760
760 764
761 764
766 748
743 783
743 748
783 748
644 767
690 638
635 632
601 774
774 108
371 773
371 791
773 791
529 774
790 531
773 775
547 538
704 701
730 712
780 712
221 782
781 783
781 784
783 784
666 782
784 743
674 784
864 863
864 459
863 459
746 786
786 459
787 459
788 108
789 773
529 790
792 105
838 827
838 793
827 793
806 808
806 804
808 804
795 793
794 793
798 800
795 800
797 105
800 805
805 804
249 799
800 793
799 802
802 796
796 807
799 123
793 805
796 798
798 801
798 802
819 834
819 826
834 826
820 812
820 818
812 818
803 806
803 804
104 809
104 808
805 827
805 803
820 825
818 825
806 104
810 454
804 807
454 807
807 808
815 816
815 817
816 817
816 809
811 123
810 807
807 811
810 811
818 862
812 862
849 848
849 835
848 835
863 786
848 812
848 820
817 809
817 104
861 862
861 852
862 852
860 816
860 815
819 820
820 834
815 818
817 818
817 821
104 821
871 868
871 823
868 823
806 821
827 803
817 825
821 825
835 820
835 819
803 836
836 806
836 821
832 819
832 830
819 830
844 832
844 869
832 869
854 362
824 856
823 856
834 825
834 821
827 826
827 836
826 836
827 829
838 794
846 828
846 837
828 837
139 839
840 839
837 829
837 827
829 828
828 830
833 830
833 828
843 830
843 833
847 843
847 113
843 113
833 839
833 831
839 831
843 832
847 832
870 844
870 869
839 828
831 843
834 836
844 835
844 819
870 849
870 835
846 157
837 838
846 839
839 186
831 840
113 842
856 855
856 854
855 854
842 841
842 847
841 847
869 847
869 841
845 849
849 853
861 813
852 813
841 868
868 869
852 848
852 845
848 845
853 822
849 822
853 871
853 850
871 850
850 851
852 812
873 852
871 822
824 854
856 841
841 855
856 868
859 392
861 860
861 815
861 864
862 815
863 861
863 813
864 501
459 501
864 858
870 822
870 868
868 822
873 746
877 913
877 876
913 876
934 1093
934 921
1093 921
913 935
968 908
968 967
908 967
924 939
924 1024
939 1024
934 932
921 932
947 934
947 874
934 874
919 966
919 969
966 969
933 935
933 998
935 998
945 85
945 84
879 880
879 996
880 996
936 932
936 921
994 917
994 1038
917 1038
947 875
874 875
1040 1001
1040 1039
1001 1039
997 962
997 996
962 996
1004 1019
1004 963
1019 963
927 906
927 907
906 907
926 968
926 970
968 970
1000 1004
1000 963
901 902
901 920
902 920
935 947
933 947
875 876
875 935
876 935
910 912
910 905
912 905
1010 969
1010 971
969 971
78 932
79 936
79 986
936 986
910 909
910 911
909 911
887 1045
887 1046
1045 1046
948 81
948 949
81 949
1010 972
972 969
878 879
878 976
879 976
986 80
954 955
954 941
955 941
86 944
86 928
944 928
928 87
942 928
942 926
928 926
1036 1057
1036 1050
1057 1050
909 927
910 927
88 943
941 982
941 925
982 925
927 943
927 926
943 926
87 942
942 88
906 910
957 948
957 950
948 950
912 920
912 902
83 953
953 84
900 901
900 931
901 931
1054 1041
1054 885
1041 885
929 945
929 959
945 959
888 1045
888 887
877 878
878 913
79 932
1006 888
1006 889
888 889
1007 965
1007 1006
965 1006
966 911
966 909
962 1003
962 999
1003 999
1017 1015
1017 975
1015 975
941 940
925 940
1048 1055
1048 964
1055 964
877 961
876 961
926 917
928 917
973 919
973 972
919 972
875 975
975 876
892 940
892 974
940 974
1012 892
1012 974
874 77
874 892
77 892
954 893
954 894
893 894
944 85
920 931
877 891
961 891
874 1012
1012 875
893 940
893 892
989 1031
989 1073
1031 1073
911 912
912 904
902 904
977 936
977 921
929 944
944 945
903 904
903 902
919 920
919 911
920 911
1038 928
1038 929
928 929
906 905
1034 951
1034 952
951 952
889 1044
1000 881
1000 882
881 882
993 1038
993 959
1038 959
919 931
1034 989
1034 1033
989 1033
899 946
899 898
946 898
934 77
1078 1079
1078 915
1079 915
946 988
988 898
896 951
896 895
951 895
943 942
988 930
988 1026
930 1026
948 82
934 78
899 900
899 973
900 973
934 933
933 1093
976 913
962 998
962 976
998 976
1093 977
949 981
949 1095
981 1095
1064 1068
1064 1066
1068 1066
939 950
950 1024
958 896
958 897
896 897
925 916
982 916
83 957
82 957
960 959
960 945
940 954
955 894
955 895
894 895
1035 990
1035 1037
990 1037
907 943
89 943
89 907
953 945
960 956
946 973
946 930
986 81
950 937
948 937
986 979
986 949
979 949
950 1025
937 1025
939 953
953 950
951 958
951 938
951 1035
938 1035
952 958
952 988
958 988
989 923
953 957
945 939
951 955
1033 990
1033 1035
1082 1079
1082 1053
1079 1053
993 994
988 897
960 939
993 956
959 956
924 960
1092 960
1092 924
1012 975
961 1015
1015 891
997 880
997 881
880 881
998 999
998 1093
999 1093
1000 1039
1039 1004
978 980
978 914
980 914
1054 1043
1054 1005
1043 1005
1066 922
1066 1021
922 1021
982 984
984 916
1008 1045
1008 1006
1045 1006
909 967
966 967
967 969
909 970
927 970
969 908
967 970
917 968
1011 972
1011 1010
908 994
908 995
994 995
971 995
971 1032
995 1032
973 930
931 973
972 930
916 1013
975 961
925 1013
925 974
1013 974
975 974
976 996
976 935
1003 914
914 999
979 977
979 980
977 980
1019 1020
1021 979
1021 980
981 979
981 922
979 922
936 979
914 977
978 1021
922 1094
922 1095
1094 1095
1037 991
1037 992
991 992
985 916
985 984
955 1035
955 1037
991 1050
991 983
1050 983
982 992
941 992
985 983
984 983
985 1009
983 1009
985 965
985 1016
965 1016
1066 1094
1084 1088
1084 1083
1088 1083
930 1011
1011 1026
1028 952
1028 988
1028 1027
1028 1031
1027 1031
1051 991
1051 1037
991 984
982 991
1051 923
1051 1036
923 1036
1037 941
971 908
968 994
993 995
956 1097
1096 1029
1096 1030
1029 1030
1000 997
1003 978
1003 997
1093 914
1039 882
1039 883
882 883
1002 1000
1002 963
1040 883
1040 884
883 884
978 1020
1020 1021
963 1020
963 1042
1020 1042
997 1002
1002 1003
1002 1042
1019 1018
1018 1020
1043 885
1043 886
885 886
1055 1005
1048 1005
889 890
965 1047
1047 1006
890 891
890 1015
1007 1014
1007 1016
1014 1016
1047 985
1047 1009
1076 1047
1076 1009
1057 1074
1074 1050
1055 1043
971 918
1011 918
1010 918
1014 1013
1014 916
1013 1017
1015 1007
1015 1044
1007 1044
1015 1014
1016 916
1014 1017
1023 1067
1023 1019
1067 1019
1048 1063
1048 1022
1063 1022
1004 1001
1001 1019
1023 1001
1021 1018
978 1042
1066 1065
1065 1094
1048 1062
1022 1062
964 1058
964 1060
1058 1060
1062 1001
1062 1040
1022 1064
1022 1067
1064 1067
1025 1024
924 987
1024 987
1094 1025
1094 937
1025 987
1029 1026
1029 918
1026 918
1028 989
1028 1034
918 1030
1071 1052
1071 1070
1052 1070
1026 1028
1028 1029
1032 918
1029 1027
1030 1097
1030 1091
1097 1091
1090 1086
1090 1092
1086 1092
1053 1073
1053 1027
1073 1027
1032 1097
995 1097
1032 1030
990 923
1033 923
1034 938
1033 938
923 1070
1070 1036
1058 1055
990 1051
884 1041
1041 1040
1041 1048
1048 1040
885 884
1041 1005
1003 1042
887 886
1046 886
1056 1058
1056 1059
1058 1059
1006 1044
1046 1008
1046 1076
1046 1059
1076 1059
1043 1046
1047 1008
1063 964
1022 1023
1023 1062
1068 1069
1068 1065
1069 1065
1063 1064
1051 1050
1056 1057
1056 1072
1057 1072
1060 1049
1060 1063
1049 1063
1096 1027
1053 1078
1061 1046
1061 1059
1080 1077
1080 1078
1077 1078
1061 1058
1061 1055
983 1074
1036 1072
1070 1072
1056 1075
1059 1075
1043 1061
1056 1060
1076 1008
1009 1074
1009 1075
1074 1075
1077 1060
1077 1056
1060 1080
1060 1089
1080 1089
1064 1049
1049 1068
1064 1018
1018 1067
1049 1069
1094 987
1018 1066
1049 1089
1089 1069
1079 1087
1094 1083
1083 987
1071 923
923 1073
1052 1053
1071 1053
1072 1052
1072 1077
1052 1077
1071 1073
1075 1057
1075 1076
1078 1052
1080 915
1096 1082
1082 1027
1084 1069
1083 1069
915 1069
915 1089
1097 1086
1086 1091
1090 1085
1085 1086
1085 1082
1085 1081
1082 1081
1065 1083
1087 1069
1087 915
1079 1085
1088 987
1081 1086
1085 1084
1085 1087
1084 1087
956 1092
956 1086
1090 1088
1090 1084
924 1088
1090 924
1096 1091
1096 1081
1091 1081
937 1095
949 937
993 1097
1163 1219
1163 1169
1219 1169
1197 1136
1197 1098
1136 1098
1192 1191
1192 1137
1191 1137
1145 1197
1145 1098
1142 1141
1142 36
1141 36
34 1250
1250 35
1136 59
35 1142
1149 1143
1149 1140
1143 1140
65 1524
64 1524
1152 1266
1152 1252
1266 1252
1151 1100
1151 1101
1100 1101
1923 1511
1923 1871
1511 1871
1195 1525
1195 63
1525 63
1385 1509
1385 1510
1509 1510
1434 1224
1434 1335
1224 1335
1529 1533
1529 1528
1533 1528
1191 1144
1144 1137
1191 1196
1191 1193
1196 1193
1145 1150
1145 1144
1150 1144
1100 1150
1100 1099
1150 1099
1210 1276
1210 1209
1276 1209
1151 1200
1151 1199
1200 1199
1191 1145
1118 37
1118 1141
37 1141
1162 1274
1162 1204
1274 1204
1167 1171
1167 1170
1171 1170
1151 1144
1151 1150
1144 1198
1151 1198
1161 1314
1161 1152
1314 1152
1250 1310
1250 1190
1310 1190
1106 1162
1106 1105
1162 1105
66 1509
1110 1111
1110 1164
1111 1164
1102 1103
1102 1160
1103 1160
1108 1167
1108 1107
1167 1107
1246 1308
1246 1309
1308 1309
1386 70
1386 69
1253 1158
1253 1149
1158 1149
1099 1145
1099 1098
1112 1206
1112 1111
1206 1111
1161 1160
1152 1160
1200 1252
1353 1462
1353 1568
1462 1568
73 1352
72 1352
1292 1457
1292 1465
1457 1465
1215 1216
1215 1154
1216 1154
1567 1456
1567 1604
1456 1604
1869 1910
1869 1911
1910 1911
76 1455
76 1456
1455 1456
75 1455
1211 1153
1211 1212
1153 1212
1172 1213
1172 1174
1213 1174
1169 1173
1169 1167
1173 1167
893 1348
892 1348
894 1343
1101 1102
1101 1200
1102 1200
74 1351
1155 1278
1155 1331
1278 1331
1460 1353
1460 1459
1353 1459
1209 1207
1209 1208
1207 1208
1143 1159
1143 1117
1159 1117
896 1345
896 1444
1345 1444
1180 1472
1180 1477
1472 1477
1356 1294
1356 1355
1294 1355
1172 1171
1172 1109
1171 1109
1215 1170
1215 1168
1170 1168
896 1347
895 1347
1166 1165
1166 1113
1165 1113
1183 1135
1183 1184
1135 1184
1241 1357
1241 1471
1357 1471
1213 1155
1155 1174
1110 1172
1164 1172
1161 1103
1184 1240
1184 1241
1240 1241
1180 1473
1473 1472
1166 1114
1113 1114
1179 1182
1179 1178
1182 1178
1206 1156
1206 1205
1156 1205
1343 1347
1343 895
1171 1168
1602 1824
1602 1825
1824 1825
1171 1108
1167 1163
1170 1163
1162 1173
1106 1173
1116 1117
1116 1159
1142 1140
1142 1143
1104 1161
1104 1103
60 1136
60 1197
1143 1141
1159 1158
1158 1116
1117 1118
1118 1143
1111 1279
1279 1164
1206 1165
1112 1165
1156 1165
1156 1166
1194 1195
1194 62
1195 62
1218 1225
1218 1220
1225 1220
1113 1112
1519 1522
1519 1248
1522 1248
1207 1115
1207 1158
1115 1158
1115 1116
1153 1274
1274 1212
1249 1140
1249 1142
1249 35
1182 1133
1182 1134
1133 1134
1219 1217
1219 1220
1217 1220
32 1308
32 33
1308 33
1109 1110
1148 1275
1148 1276
1275 1276
1500 25
1500 24
1392 28
1392 27
1285 1226
1285 1153
1226 1153
1589 1388
1589 1516
1388 1516
1388 1309
1309 1516
1647 1395
1647 1394
1395 1394
1183 1182
1183 1134
1178 1297
1178 1181
1297 1181
1159 1149
1168 1172
1168 1174
1258 1260
1258 1262
1260 1262
1123 1124
1123 1482
1124 1482
1128 1238
1128 1302
1238 1302
1127 1302
1127 1361
1302 1361
1361 1367
1361 1360
1367 1360
1331 1275
1331 1277
1275 1277
1200 1160
1200 1152
1134 1135
1207 1166
1207 1114
1215 1163
1133 1179
1133 1132
1179 1132
1235 1131
1235 1132
1131 1132
1235 1181
1132 1181
1129 1130
1129 1234
1130 1234
1215 1174
1174 1216
1216 1155
1216 1214
1155 1214
900 1355
899 1355
1162 1169
22 1382
21 1382
1360 1125
1360 1126
1125 1126
1209 1166
1276 1166
1122 1123
1122 1483
1123 1483
1343 1346
894 1346
1383 1304
1383 1382
1304 1382
1254 1201
1254 1253
1201 1253
1173 1107
1106 1107
1483 1486
1108 1109
1198 1137
1483 1482
1120 1384
1120 1119
1384 1119
1935 1208
1935 1253
1208 1253
1504 1383
1504 1503
1383 1503
1305 1585
1305 1584
1585 1584
1204 1104
1204 1105
1104 1105
1239 1129
1239 1234
1499 1380
1499 1498
1380 1498
1204 1161
1232 1373
1232 1366
1373 1366
1303 1379
1303 1380
1379 1380
1497 23
1497 22
1545 1543
1545 1618
1543 1618
1588 1514
1588 1385
1514 1385
1179 1181
903 1240
902 1240
1183 1473
1184 1473
1178 1477
1178 1574
1477 1574
1130 1131
1130 1235
1477 1182
1182 1180
1135 903
1135 1240
1183 1180
901 1241
1241 902
1481 1355
1481 1357
1355 1357
1803 1805
1803 1800
1805 1800
1218 1221
1218 1224
1221 1224
1198 1199
1198 1272
1199 1272
1398 1525
1398 1195
1770 1764
1770 1761
1764 1761
1228 1458
1228 1598
1458 1598
1247 1264
1247 1388
1264 1388
1280 1332
1280 1934
1332 1934
1592 1590
1592 1647
1590 1647
1672 1707
1672 1618
1707 1618
1308 1310
1201 1257
1201 1259
1257 1259
1137 1527
60 1193
1186 1194
1186 1192
1194 1192
1196 1251
1145 1193
1196 1192
1195 1186
62 1251
61 1251
1186 1398
1194 1196
1194 1251
1193 1197
1272 1270
1272 1271
1270 1271
1272 1146
1199 1146
1149 1254
1254 1517
1254 1257
1517 1257
1559 1268
1559 1441
1268 1441
1266 1267
1266 1315
1267 1315
1287 1153
1287 1226
1265 1314
1265 1289
1314 1289
1161 1203
1204 1203
1275 1205
1275 1156
1213 1278
1278 1279
1278 1205
1279 1205
1115 1114
1208 1158
1209 1157
1208 1157
1157 1332
1157 1210
1332 1210
1333 1409
1333 1332
1409 1332
1217 1163
1217 1215
1225 1226
1225 1285
1162 1212
1169 1212
1211 1169
1164 1213
1164 1278
1330 1281
1330 1328
1281 1328
1337 1223
1337 1336
1223 1336
1216 1283
1214 1283
1217 1221
1219 1211
1220 1221
1224 1437
1434 1437
1154 1221
1154 1217
1436 1218
1436 1437
1218 1437
1211 1220
1224 1282
1221 1282
1214 1324
1155 1324
1335 1223
1223 1434
1420 1222
1420 1413
1222 1413
1282 1283
1282 1281
1283 1281
1338 1551
1338 1553
1551 1553
1282 1154
1434 1551
1434 1338
1225 1147
1147 1226
1211 1225
1339 1226
1339 1147
1287 1203
1287 1274
1203 1274
1619 1580
1619 1621
1580 1621
1480 1667
1480 1176
1667 1176
1455 1351
1455 1350
1351 1350
1228 1601
1598 1601
1353 1293
1353 1352
1293 1352
1652 1229
1652 1653
1229 1653
1444 897
1300 1476
1300 1299
1476 1299
1579 1669
1579 1671
1669 1671
1682 1679
1682 1681
1679 1681
1298 1369
1298 1374
1369 1374
1377 1375
1377 1372
1375 1372
1233 1298
1233 1237
1298 1237
1181 1236
1181 1234
1236 1234
1297 1236
1238 1239
1238 1236
1239 1236
1235 1234
1233 1236
1237 1236
1128 1129
1128 1239
1298 1177
1233 1177
1236 1301
1128 1127
1481 901
1481 900
1470 1471
1470 1357
1545 1418
1545 1421
1418 1421
24 1379
23 1379
1121 1486
1121 1488
1486 1488
1498 1304
1498 1507
1304 1507
1198 1273
1273 1137
1147 1561
1147 1439
1561 1439
1387 1307
1387 1386
1307 1386
1570 1572
1570 1229
1572 1229
1309 32
1309 31
1389 1310
1389 1246
1310 1246
1391 30
1391 29
1417 1422
1417 1432
1422 1432
1392 1393
1392 1312
1393 1312
1518 25
1518 1500
1250 1249
1249 1190
1249 1255
1190 1255
1310 34
1193 1251
1193 61
1314 1266
1199 1252
1252 1146
1254 1140
1201 1935
1140 1255
1517 1190
1517 1390
1190 1390
1389 1390
1390 1310
1260 1263
1263 1262
1517 1255
1254 1255
1257 1256
1259 1256
1259 1260
1256 1260
1280 1936
1934 1936
1256 1389
1389 1260
1259 1258
1259 1934
1258 1934
1260 1188
1188 1263
1263 1264
1263 1550
1264 1550
1539 1538
1539 1540
1538 1540
1537 1262
1537 1261
1262 1261
1936 1262
1936 1139
1262 1139
1264 1188
1263 1261
1515 1309
1515 1388
1648 1539
1648 1540
1289 1161
1289 1203
1266 1146
1202 1267
1202 1265
1267 1265
1266 1265
1315 1202
1315 1269
1202 1269
1341 1269
1341 1202
1270 1318
1318 1271
1287 1288
1287 1202
1288 1202
1266 1270
1270 1146
1268 1316
1268 1269
1316 1269
1268 1319
1319 1316
1270 1315
1270 1316
1315 1316
1273 1271
1273 1530
1271 1530
1272 1273
1271 1320
1276 1156
1148 1277
1276 1409
1210 1409
1409 1148
1325 1400
1325 1328
1400 1328
1331 1205
1206 1279
1935 1157
1406 1280
1406 1936
1277 1327
1277 1324
1327 1324
1326 1214
1326 1324
1283 1154
1282 1335
1281 1335
1214 1399
1326 1399
1341 1442
1211 1285
1439 1440
1439 1562
1440 1562
1202 1286
1288 1226
1289 1202
1339 1288
1288 1286
1287 1289
1346 1349
1346 1344
1349 1344
1356 1452
1452 1294
892 1564
77 1564
1879 1602
1879 1825
1352 1354
1600 1601
1600 1565
1601 1565
1459 1352
1459 72
1464 1292
1464 1465
1467 1355
1467 899
1470 1294
1470 1453
1294 1453
1125 1365
1125 1124
1365 1124
1727 1185
1727 1728
1185 1728
1367 1366
1367 1296
1366 1296
1484 1491
1484 1295
1491 1295
1574 1297
1297 1233
1177 1300
1300 1298
1370 1298
1370 1300
1474 1479
1474 1477
1479 1477
1610 1579
1610 1671
1300 1479
1479 1476
1493 1370
1493 1371
1370 1371
1237 1232
1237 1301
1232 1301
1232 1363
1232 1364
1363 1364
1364 1238
1364 1301
1238 1301
1296 1360
1393 1519
1519 1312
1381 1500
1381 1379
1500 1379
1503 21
1503 20
1586 1507
1586 1383
1507 1383
1486 1490
1490 1488
1504 1584
1504 1585
1903 1244
1903 1558
1244 1558
1511 1307
1511 1387
1387 69
1387 68
1460 1462
30 1516
1516 31
1515 1188
1515 1246
1188 1246
33 1310
1188 1389
1312 1248
1312 1396
1248 1396
1248 1592
1248 1394
1592 1394
1393 27
1393 26
1303 1499
1303 1502
1499 1502
1313 1591
1313 1501
1591 1501
1323 1319
1323 1321
1319 1321
1316 1318
1534 1397
1534 1529
1397 1529
1318 1320
1319 1318
1319 1322
1322 1318
1319 1317
1317 1322
1533 1398
1533 1526
1398 1526
1526 1527
1526 1320
1527 1320
1269 1442
1323 1317
1528 1322
1528 1317
1322 1320
1244 1536
1244 1321
1536 1321
1532 1536
1532 1908
1536 1908
1331 1324
1327 1326
1410 1148
1410 1411
1148 1411
1407 1403
1407 1408
1403 1408
1325 1326
1328 1326
1283 1399
1399 1281
1410 1277
1325 1327
1330 1400
1399 1328
1325 1334
1327 1334
1337 1413
1337 1222
1337 1412
1281 1336
1336 1335
1934 1157
1333 1280
1401 1334
1401 1403
1334 1403
1410 1327
1431 1404
1431 1426
1404 1426
1400 1329
1400 1412
1329 1412
1336 1330
1336 1412
1330 1412
1337 1554
1222 1554
1554 1223
1553 1555
1439 1339
1339 1286
1562 1557
1562 1340
1557 1340
1286 1342
1286 1341
1342 1341
1443 1342
1443 1340
1342 1340
1439 1342
1439 1286
1340 1441
893 1349
893 1346
1290 1345
1290 1347
1345 1347
1566 1859
1566 1877
1859 1877
1346 1858
1345 1454
1345 1447
1454 1447
1356 1448
1448 1452
1344 1858
1290 1343
1456 1348
1456 892
1291 1877
1291 1349
1877 1349
1348 1349
1291 1348
1458 1604
1458 1457
1604 1457
1348 1567
73 1354
73 1466
1354 1466
1351 1465
1351 1457
1459 71
1354 1293
1460 71
1460 70
1460 1463
1463 1462
1354 1573
1293 1573
1466 1351
1466 74
1467 898
1357 1294
1446 898
1446 897
898 897
1448 1446
1448 1450
1446 1450
1453 1469
1241 1481
1360 1365
1484 1483
1484 1358
1483 1358
1688 1684
1688 1686
1684 1686
1120 1488
1120 1489
1488 1489
1361 1126
1360 1496
1296 1496
1127 1126
1361 1363
1302 1363
1377 1496
1496 1375
1358 1482
1358 1492
1482 1492
1302 1364
1363 1366
1360 1362
1362 1365
1491 1492
1491 1362
1492 1362
1374 1237
1688 1689
1688 1690
1689 1690
1363 1367
1371 1610
1610 1493
1670 1376
1670 1671
1376 1671
1299 1370
1493 1373
1493 1369
1373 1369
1299 1371
1370 1369
1299 1494
1494 1371
1610 1612
1612 1579
1296 1375
1366 1375
1366 1376
1376 1375
1373 1378
1232 1378
1376 1368
1378 1369
1232 1374
1376 1373
1689 1739
1688 1739
1491 1377
1377 1295
1491 1496
1374 1378
1379 1497
1381 1303
1380 1497
1380 1382
1497 1382
1380 1304
1581 1381
1581 1303
1520 1518
1520 1313
1518 1313
19 1504
1504 20
1585 1586
1586 1504
1489 1384
1584 1384
1384 1305
1510 66
1510 65
1588 1593
1385 1593
1460 1386
1460 1307
1514 1512
1514 1513
1512 1513
1245 1307
1245 1511
1515 1264
1390 1256
1256 1517
1391 1395
29 1395
1516 1391
1516 1311
1391 1311
1392 1396
26 1518
1719 1716
1719 1794
1716 1794
28 1395
28 1396
1395 1396
1306 1588
1306 1593
1593 1510
1593 1535
1510 1535
1526 1186
1397 1524
1397 1525
1524 1525
1401 1325
1401 1400
1403 1404
1334 1404
1405 1414
1405 1407
1414 1407
1402 1425
1402 1422
1425 1422
1400 1407
1407 1329
1334 1411
1411 1404
1431 1408
1431 1403
1333 1406
1333 1404
1406 1404
1406 1426
1422 1427
1416 1424
1416 1414
1424 1414
1139 1537
1139 1426
1537 1426
1401 1407
1417 1408
1417 1402
1408 1402
1408 1405
1409 1411
1333 1411
1410 1334
1413 1412
1413 1329
1414 1329
1413 1414
1405 1417
1405 1416
1417 1416
1717 1523
1717 1592
1523 1592
1424 1421
1416 1421
1415 1421
1415 1416
1416 1432
1541 1415
1541 1427
1415 1427
1645 1642
1645 1639
1642 1639
1419 1422
1419 1429
1422 1429
1430 1595
1430 1429
1595 1429
1428 1414
1428 1424
1418 1793
1418 1675
1793 1675
1546 1415
1546 1541
1423 1418
1423 1675
1431 1402
1419 1427
1420 1428
1413 1428
1421 1423
1423 1424
1428 1423
1423 1420
1537 1425
1425 1426
1425 1594
1537 1594
1139 1406
1431 1425
1538 1427
1538 1419
1538 1541
1425 1429
1594 1430
1594 1429
1550 1430
1550 1594
1264 1596
1596 1550
1415 1432
1420 1674
1674 1222
1552 1553
1552 1551
1551 1223
1440 1556
1440 1557
1556 1557
1436 1147
1436 1225
1561 1436
1561 1435
1436 1435
1555 1437
1555 1338
1437 1338
1437 1435
1557 1887
1557 1929
1887 1929
1814 1893
1814 1892
1893 1892
1435 1555
1435 1556
1555 1556
1342 1562
1558 1560
1558 1438
1560 1438
1558 1559
1559 1560
1443 1341
1268 1442
1442 1441
1442 1443
1447 1444
1446 1356
1446 1467
1356 1467
1454 1668
1668 1447
1575 1606
1575 1480
1606 1480
1444 1446
1444 1450
1447 1450
1454 1857
1345 1857
1445 1448
1445 1450
1448 1451
1445 1451
1825 1856
1825 1290
1856 1290
1609 1563
1609 1626
1563 1626
1445 1447
1607 1577
1607 1451
1577 1451
1451 1453
1451 1452
1453 1452
1453 1230
1451 1230
1230 1469
1454 1449
1449 1668
1351 75
1456 1350
1456 1564
1566 1567
1566 1604
1458 1292
1599 1598
1599 1458
1458 1566
1228 1566
1462 1461
1463 1461
1922 1923
1922 1921
1923 1921
1568 1293
1463 1307
1568 1461
1245 1463
1922 1463
1922 1245
1464 1573
1464 1570
1573 1570
1652 1654
1652 1655
1654 1655
1466 1465
1465 1354
1465 1573
1299 1480
1476 1480
1473 1471
1471 1472
1475 1474
1475 1478
1474 1478
1470 1469
1470 1468
1469 1468
1468 1471
1468 1472
1184 1471
1478 1472
1478 1468
1468 1475
1469 1475
1177 1479
1230 1475
1605 1667
1605 1606
1667 1606
1475 1575
1575 1474
1480 1494
1176 1494
1477 1478
1574 1177
1477 1177
1474 1476
1476 1575
1475 1576
1576 1575
1492 1124
1358 1491
1483 1485
1485 1486
1685 1687
1685 1684
1687 1684
1295 1739
1485 1359
1359 1486
1484 1485
1359 1490
1122 1486
1122 1121
1678 1729
1678 1682
1729 1682
1305 1489
1305 1243
1489 1243
1489 1487
1488 1487
1120 1121
1489 1681
1487 1681
1683 1490
1683 1359
1490 1487
1362 1496
1365 1492
1373 1368
1493 1368
1494 1580
1176 1580
1621 1622
1621 1620
1622 1620
1644 1694
1644 1691
1694 1691
1498 1506
1507 1506
1499 1242
1498 1242
1242 1502
1518 1381
1581 1502
1581 1501
1502 1501
1547 1541
1547 1189
1541 1189
1506 1583
1506 1242
1583 1242
1702 1705
1702 1747
1705 1747
1382 1503
19 1119
1119 1504
1584 1119
1728 1587
1728 1680
1587 1680
1505 1508
1505 1506
1508 1506
1582 1636
1582 1583
1636 1583
1505 1507
1587 1508
1587 1505
1639 1583
1639 1638
1583 1638
1514 1509
1524 1510
1534 1535
1535 1397
1387 1514
1387 1513
1513 1511
1896 1902
1896 1898
1902 1898
1904 1871
1904 1512
1871 1512
1514 68
1871 1513
1514 67
67 1509
1589 1311
1591 1518
1591 1381
1518 1393
1393 1520
1520 1519
1520 1521
1520 1522
1521 1522
1313 1713
1501 1723
1501 1712
1723 1712
1676 1723
1676 1637
1723 1637
1521 1719
1521 1794
1590 1540
1590 1596
1540 1596
1525 64
1510 1397
1397 1398
1527 1186
1528 1526
1528 1320
1192 1527
1137 1530
1529 1317
1317 1532
1323 1532
1397 1533
1527 1530
1529 1532
1908 1899
1908 1906
1899 1906
1536 1323
1532 1531
1532 1534
1531 1534
1535 1531
1907 1593
1907 1535
1244 1908
1261 1550
1261 1594
1419 1595
1718 1523
1718 1717
1189 1538
1189 1539
1595 1538
1596 1595
1540 1595
1589 1590
1589 1247
1590 1247
1715 1521
1715 1713
1521 1713
1546 1545
1546 1421
1242 1636
1722 1549
1722 1544
1549 1544
1543 1549
1543 1617
1549 1617
1719 1720
1720 1716
1549 1548
1617 1618
1541 1548
1547 1548
1546 1543
1189 1718
1189 1721
1718 1721
1547 1544
1544 1548
1543 1548
1546 1548
1637 1582
1637 1646
1582 1646
1596 1247
1223 1433
1551 1433
1711 1710
1711 1222
1710 1222
1887 1284
1887 1888
1284 1888
1552 1284
1284 1553
1555 1284
1709 1889
1709 1890
1889 1890
1554 1433
1556 1284
1887 1556
1556 1561
1440 1561
1552 1889
1552 1888
1889 1888
1892 1927
1892 1138
1927 1138
1559 1321
1558 1321
1244 1899
1903 1899
1268 1321
1441 1560
1340 1933
1933 1441
1438 1933
1438 1926
1933 1926
1445 1608
1445 1607
1608 1607
1662 1821
1662 1175
1821 1175
76 1564
1649 1599
1649 1292
1599 1292
1649 1464
1649 1650
1464 1650
1859 1228
1567 1291
1566 1291
1604 1350
1571 1568
1571 1461
1568 1572
1571 1572
1921 1895
1921 1920
1895 1920
1565 1649
1565 1655
1649 1655
1570 1650
1229 1650
1293 1570
1568 1570
1921 1571
1921 1461
1569 1653
1569 1572
1653 1572
1569 1571
1233 1574
1576 1230
1578 1576
1578 1230
1606 1578
1578 1605
1451 1578
1577 1578
1578 1626
1577 1626
1494 1612
1580 1612
1579 1619
1619 1669
1622 1176
1622 1623
1176 1623
1669 1495
1619 1495
1591 1581
1745 1754
1745 1743
1754 1743
1693 1699
1693 1597
1699 1597
1506 1638
1638 1185
1185 1639
1585 1243
1587 1585
1587 1243
1586 1505
1585 1505
1243 1680
1905 1588
1905 1306
1588 1512
1311 1590
1647 1311
1523 1648
1523 1590
1648 1590
1522 1794
1794 1248
1907 1531
1596 1430
1637 1502
1637 1636
1502 1636
1637 1691
1637 1597
1691 1597
1565 1654
1565 1658
1654 1658
1565 1598
1565 1599
1829 1819
1829 1600
1819 1600
1601 1603
1600 1603
1827 1829
1827 1834
1829 1834
1824 1819
1602 1819
1603 1878
1834 1175
1834 1821
1879 1878
1878 1602
1457 1350
1625 1626
1625 1563
1917 1613
1917 1915
1613 1915
1576 1606
1608 1668
1445 1668
1577 1609
1607 1609
1633 1608
1633 1635
1608 1635
1630 1632
1630 1633
1632 1633
1608 1609
1608 1632
1610 1368
1612 1371
1802 1801
1802 1731
1801 1731
1611 1231
1611 1670
1231 1670
1619 1612
1624 1634
1624 1613
1634 1613
1657 1175
1657 1658
1175 1658
1662 1657
1710 1433
1710 1554
1691 1693
1835 1786
1835 1791
1786 1791
1697 1698
1697 1704
1698 1704
1618 1418
1704 1549
1704 1542
1549 1542
1617 1616
1616 1618
1672 1616
1672 1703
1616 1703
1580 1622
1695 1742
1695 1746
1742 1746
1621 1803
1803 1619
1620 1803
1667 1623
1620 1624
1622 1624
1605 1625
1605 1623
1625 1623
1625 1628
1623 1628
1629 1625
1629 1563
1626 1605
1631 1629
1631 1563
1821 1832
1662 1832
1634 1628
1634 1627
1628 1627
1622 1628
1628 1624
1609 1632
1628 1629
1602 1603
1603 1819
1631 1918
1918 1629
1632 1563
1630 1885
1630 1918
1885 1918
1630 1631
1631 1632
1608 1449
1633 1227
1633 1823
1227 1823
1861 1634
1861 1627
1635 1857
1635 1856
1857 1856
1227 1635
1582 1639
1582 1642
1508 1638
1185 1508
1645 1724
1724 1642
1724 1677
1724 1741
1677 1741
1914 1876
1914 1755
1876 1755
1692 1694
1692 1696
1694 1696
1642 1646
1185 1797
1185 1645
1797 1645
1642 1740
1728 1508
1641 1741
1641 1700
1741 1700
1741 1742
1703 1615
1645 1643
1643 1724
1642 1641
1646 1644
1646 1691
1395 1311
1539 1523
1650 1655
1653 1651
1751 1758
1751 1614
1758 1614
1652 1651
1651 1654
1895 1187
1659 1653
1659 1569
1657 1654
1657 1651
1652 1650
1785 1766
1785 1781
1766 1781
1868 1656
1868 1844
1656 1844
1664 1661
1664 1662
1661 1662
1657 1665
1651 1665
1175 1600
1600 1658
1920 1659
1920 1569
1842 1659
1842 1656
1659 1656
1661 1666
1664 1666
1845 1812
1845 1847
1812 1847
1775 1763
1775 1767
1763 1767
1855 1864
1855 1875
1864 1875
1651 1843
1843 1665
1826 1817
1826 1821
1817 1821
1843 1653
1843 1842
1653 1842
1840 1868
1840 1812
1868 1812
1665 1662
1664 1663
1664 1665
1839 1666
1839 1840
1666 1840
1789 1790
1789 1660
1790 1660
1799 1669
1799 1495
1669 1611
1690 1670
1690 1231
1670 1372
1372 1376
1671 1368
1611 1671
1771 1707
1771 1672
1675 1674
1675 1420
1753 1759
1753 1615
1759 1615
1919 1867
1919 1889
1867 1889
1835 1711
1835 1673
1711 1673
1793 1618
1793 1792
1792 1675
1712 1714
1712 1713
1714 1713
1502 1723
1727 1796
1727 1797
1796 1797
1684 1730
1684 1732
1730 1732
1682 1685
1685 1678
1734 1732
1734 1730
1243 1681
1727 1729
1727 1798
1729 1798
1727 1679
1728 1679
1683 1487
1679 1680
1680 1681
1683 1681
1682 1683
1683 1685
1683 1687
1359 1686
1485 1686
1688 1730
1687 1359
1685 1732
1484 1686
1688 1231
1231 1730
1687 1686
1686 1739
1295 1689
1377 1689
1372 1689
1372 1690
1694 1693
1701 1740
1701 1700
1740 1700
1704 1617
1692 1697
1692 1693
1697 1693
1697 1699
1694 1701
1701 1696
1700 1742
1700 1695
1698 1692
1698 1706
1692 1706
1701 1644
1705 1696
1705 1695
1696 1695
1697 1542
1697 1795
1542 1795
1705 1706
1706 1696
1704 1616
1720 1722
1720 1721
1722 1721
1714 1715
1724 1641
1696 1700
1740 1644
1746 1747
1702 1615
1702 1703
1616 1698
1698 1703
1703 1706
1702 1706
1672 1759
1759 1771
1792 1673
1792 1674
1673 1674
1615 1752
1762 1764
1762 1753
1764 1753
1708 1764
1708 1768
1764 1768
1710 1890
1890 1433
1711 1674
1709 1710
1709 1711
1676 1597
1676 1714
1597 1714
1520 1713
1313 1712
1676 1712
1699 1714
1699 1715
1699 1795
1721 1716
1718 1539
1715 1719
1248 1717
1718 1716
1717 1716
1715 1720
1717 1794
1795 1715
1722 1795
1720 1795
1544 1721
1547 1721
1722 1542
1796 1724
1796 1643
1806 1677
1806 1838
1677 1838
1677 1796
1678 1732
1726 1737
1726 1807
1737 1807
1679 1729
1796 1726
1727 1726
1678 1798
1733 1730
1733 1231
1735 1726
1735 1798
1726 1798
1799 1733
1799 1611
1733 1611
1733 1734
1678 1735
1732 1735
1733 1731
1731 1734
1731 1736
1736 1734
1737 1735
1737 1734
1735 1734
1736 1737
1799 1802
1799 1731
1736 1725
1725 1737
1725 1738
1725 1807
1738 1807
1756 1754
1756 1748
1754 1748
1677 1640
1806 1640
1484 1739
1646 1740
1641 1740
1640 1741
1640 1742
1745 1742
1745 1640
1746 1745
1746 1749
1745 1749
1640 1748
1790 1666
1749 1750
1749 1758
1750 1758
1751 1747
1751 1744
1747 1744
1806 1748
1749 1743
1746 1744
1744 1758
1702 1752
1747 1752
1725 1808
1808 1738
1736 1801
1801 1725
1743 1750
1749 1744
1769 1773
1769 1788
1773 1788
1765 1767
1765 1769
1767 1769
1762 1760
1753 1760
1751 1752
1753 1708
1708 1759
1752 1760
1752 1753
1751 1763
1614 1763
1745 1748
1809 1808
1809 1725
1861 1937
1937 1634
1756 1787
1787 1754
1808 1748
1748 1738
1788 1875
1788 1815
1875 1815
1769 1772
1772 1773
1875 1912
1614 1750
1708 1771
1615 1672
1751 1760
1751 1762
1763 1762
1614 1767
1889 1891
1762 1761
1815 1813
1815 1769
1813 1769
1770 1768
1782 1765
1782 1784
1765 1784
1777 1761
1777 1774
1761 1774
1781 1777
1781 1779
1777 1779
1776 1777
1776 1781
1772 1614
1772 1750
1765 1775
1891 1835
1891 1791
1708 1786
1786 1771
1772 1767
1773 1750
1773 1743
1761 1763
1761 1775
1836 1776
1836 1766
1776 1766
1786 1768
1673 1707
1673 1771
1743 1787
1787 1773
1876 1913
1913 1755
1784 1789
1789 1782
1782 1775
1775 1774
1770 1776
1777 1770
1778 1779
1778 1780
1779 1780
1666 1660
1839 1660
1814 1837
1814 1865
1837 1865
1779 1774
1781 1778
1780 1660
1780 1846
1660 1846
1845 1848
1845 1850
1848 1850
1765 1813
1813 1784
1774 1782
1774 1780
1782 1780
1846 1839
1846 1841
1839 1841
1849 1187
1849 1853
1187 1853
1790 1784
1790 1833
1784 1833
1780 1789
1850 1781
1850 1778
1785 1848
1785 1854
1848 1854
1768 1791
1673 1786
1913 1756
1756 1755
1913 1773
1913 1787
1916 1876
1916 1914
1826 1832
1826 1862
1832 1862
1661 1790
1768 1836
1836 1791
1837 1836
1837 1766
1707 1792
1707 1793
1643 1797
1726 1838
1807 1838
1495 1802
1802 1803
1495 1803
1811 1810
1811 1755
1810 1755
1801 1800
1801 1809
1800 1809
1802 1800
1805 1620
1917 1805
1917 1620
1804 1755
1804 1810
1624 1917
1800 1804
1805 1804
1806 1738
1738 1838
1748 1811
1808 1811
1810 1809
1810 1800
1811 1756
1809 1811
1812 1839
1841 1850
1841 1778
1863 1813
1863 1757
1813 1757
1910 1893
1910 1872
1893 1872
1836 1919
1837 1919
1815 1757
1822 1884
1822 1885
1884 1885
1860 1830
1860 1880
1830 1880
1630 1823
1227 1820
1820 1823
1828 1818
1828 1827
1818 1827
1820 1824
1820 1819
1820 1818
1819 1818
1820 1831
1818 1831
1227 1824
1832 1661
1827 1821
1827 1817
1828 1817
1828 1880
1817 1880
1884 1830
1884 1883
1830 1883
1831 1823
1885 1823
1856 1227
1824 1856
1290 1858
1859 1825
1859 1344
1825 1344
1862 1790
1862 1833
1860 1816
1816 1830
1818 1829
1860 1826
1880 1826
1828 1822
1828 1831
1822 1831
1175 1829
1822 1830
1828 1830
1862 1661
1784 1863
1863 1833
1864 1863
1864 1757
1835 1709
1776 1768
1766 1865
1814 1866
1866 1837
1867 1930
1867 1138
1930 1138
1840 1663
1666 1663
1841 1812
1868 1663
1868 1842
1663 1842
1841 1845
1846 1778
1663 1665
1663 1843
1851 1931
1851 1849
1931 1849
1847 1874
1847 1844
1812 1844
1848 1783
1845 1783
1844 1849
1849 1847
1873 1853
1873 1909
1853 1909
1785 1850
1851 1844
1187 1894
1894 1853
1656 1851
1656 1920
1656 1931
1920 1931
1892 1866
1138 1866
1847 1873
1849 1873
1897 1871
1897 1870
1871 1870
1898 1909
1898 1853
1893 1854
1893 1783
1854 1783
1865 1854
1854 1814
1913 1912
1876 1912
1855 1816
1855 1882
1816 1882
1635 1449
1449 1857
1290 1857
1825 1858
1877 1344
1859 1878
1228 1878
1826 1881
1864 1833
1855 1916
1916 1816
1881 1862
1881 1833
1757 1875
1882 1864
1881 1864
1881 1860
1864 1860
1785 1865
1138 1886
1867 1888
1930 1866
1852 1911
1852 1910
1925 1928
1925 1557
1928 1557
1906 1904
1906 1905
1904 1905
1896 1894
1898 1894
1870 1894
1894 1897
1872 1909
1872 1874
1872 1873
1874 1873
1874 1783
1872 1783
1845 1874
1804 1914
1855 1876
1601 1878
1859 1879
1860 1882
1916 1883
1883 1816
1884 1861
1883 1861
1627 1918
1918 1861
1861 1885
1627 1629
1138 1929
1927 1929
1886 1929
1886 1887
1867 1886
1886 1888
1890 1552
1552 1433
1891 1709
1919 1791
1869 1932
1869 1927
1932 1927
1869 1892
1869 1893
1894 1895
1870 1896
1931 1187
1920 1187
1923 1245
1901 1896
1901 1870
1903 1438
1903 1924
1438 1924
1895 1897
1897 1923
1895 1923
1898 1852
1904 1870
1908 1907
1906 1907
1902 1852
1902 1901
1902 1900
1901 1900
1904 1901
1901 1899
1911 1902
1911 1900
1899 1900
1903 1900
1905 1512
1904 1899
1906 1306
1907 1306
1908 1531
1910 1909
1900 1924
1925 1932
1925 1926
1932 1926
1913 1788
1912 1788
1855 1912
1804 1915
1915 1914
1937 1613
1917 1804
1915 1937
1914 1937
1916 1937
1937 1883
1837 1930
1919 1891
1569 1921
1922 1461
1911 1932
1924 1926
1924 1911
1926 1911
1933 1560
1928 1926
1928 1933
1925 1929
1928 1340
1925 1927
1919 1930
1934 1201
1936 1258
1934 1935
1961 2020
1961 2021
2020 2021
1970 1984
1970 1971
1984 1971
1940 1941
1940 2013
1941 2013
2095 2130
2095 2013
2130 2013
1938 2111
1938 19
2111 19
1986 1985
1986 1972
1985 1972
1985 2079
2021 1981
1941 1955
1955 2013
1985 1119
1985 2111
1119 2111
2095 1955
2095 1954
1955 1954
2076 2106
2076 2075
2106 2075
2000 1983
2000 1999
1983 1999
2096 2015
2096 2014
2015 2014
2093 2094
2093 2014
2094 2014
2070 2077
2070 2006
2077 2006
2088 2051
2088 2054
2051 2054
1941 1965
1940 1965
16 2003
16 1991
2003 1991
2049 2052
2049 2047
2052 2047
1984 1982
1954 1953
1954 2093
1953 2093
1979 1998
1979 1981
1998 1981
2124 2125
2124 2016
2125 2016
1939 1988
1939 1975
1988 1975
1985 1120
1120 2001
2001 1121
11 1996
11 1997
1996 1997
2111 2079
2000 2009
2009 1983
2092 1123
2092 2117
1123 2117
1126 1999
1126 1982
1999 1982
1121 2002
2001 2002
1975 1974
1975 2113
1974 2113
1938 1989
1938 1988
1989 1988
2104 2019
2104 2020
2019 2020
1971 1963
1980 1996
1980 1978
1996 1978
2019 1971
2019 1969
1971 1969
1130 1956
1129 1956
1124 2000
2000 1125
1129 1970
1970 1956
1961 1962
1961 1963
1962 1963
2082 1986
2082 1972
1969 1982
1969 1983
1982 1983
12 1997
1978 9
1978 1995
9 1995
2125 2099
2125 2151
2099 2151
1948 2134
1948 1949
2134 1949
2008 2011
2008 2024
2011 2024
1957 1956
1957 1963
1956 1963
1128 1984
1127 1984
2026 1969
2026 2030
1969 2030
2081 2080
2081 2101
2080 2101
1945 2132
1945 1946
2132 1946
1962 1957
1982 1127
1945 1944
1945 2100
1944 2100
1940 1975
2106 2116
2076 2116
1942 1941
1942 1965
1971 1982
1968 2029
1968 1978
2029 1978
1940 1939
2001 1985
2001 1986
1989 19
1989 18
1992 2003
1992 2004
2003 2004
1976 1993
1976 1991
1993 1991
1938 1939
1958 1981
1958 1959
1981 1959
1999 1125
1965 1975
1965 2081
1975 2081
2000 2012
2000 2010
2012 2010
1990 1966
1990 2089
1966 2089
2123 2122
2123 1964
2122 1964
1962 1981
1961 1981
1957 1958
1962 1958
1942 2081
1942 1943
2081 1943
1998 7
1998 1959
7 1959
2065 2058
2065 2055
2058 2055
2089 2080
2089 2113
2080 2113
1970 1963
1979 2027
1979 1978
2027 1978
1971 2104
1989 1990
1989 1974
1990 1974
2101 1943
2021 2022
2021 2027
2022 2027
1991 17
10 1978
1128 1970
2030 2031
10 1996
1123 2012
2092 2012
14 2005
13 2005
1992 2106
1992 1991
2106 1991
1979 1995
1995 1998
2142 2146
2142 2102
2146 2102
2011 2067
2011 1997
2067 1997
1972 2097
2002 2117
2045 2036
2045 2039
2036 2039
2045 2078
2078 2036
1988 1974
17 1993
1993 18
1989 1993
2090 1990
2090 1993
1990 1993
2003 15
1976 2090
2004 15
2004 14
1967 2052
1967 2057
2052 2057
2072 2067
2072 2068
2067 2068
2073 1977
2073 2065
1977 2065
1998 8
1995 8
1997 1980
1980 2011
2072 1997
1124 2012
2010 2007
2010 2009
2007 2009
2002 1986
2084 2002
2084 1986
2120 2038
2120 2118
2038 2118
2005 2004
2105 2073
2105 2074
2073 2074
2005 2072
13 2072
2004 1994
2005 1994
2022 1968
1968 2027
2034 2036
2034 2033
2036 2033
2036 2032
2024 2028
2024 1968
2024 2022
2060 2070
2060 2043
2070 2043
2030 2009
2030 2007
2007 1987
2010 1987
2011 2029
1980 2029
2008 2077
2008 2067
2077 2067
1122 2117
2010 2119
2012 2119
2093 2015
2093 2095
2015 2095
2130 2129
2129 2013
2094 1953
2094 1952
1953 1952
2096 2123
2014 2123
2097 2096
2097 1964
2096 1964
1951 2148
1951 2127
2148 2127
1950 1949
1950 2136
1949 2136
2063 2109
2063 2061
2109 2061
2102 2132
2102 2100
2132 2100
2103 2134
2103 2135
2134 2135
2042 2047
2042 1967
2047 1967
2026 2019
2020 1960
2019 1960
2021 1960
2104 1961
2104 1963
1960 2022
2021 1979
2022 2025
1960 2025
2025 2024
2025 2026
1960 2026
2023 2031
2023 2032
2031 2032
2024 2023
2023 2028
2029 2024
2025 2023
1983 2030
2023 2026
2032 2028
2077 2028
2028 2006
2026 2031
2007 2033
2032 2006
2033 2031
2033 2030
2032 2033
1987 2034
2034 2007
2037 2034
2037 1987
2035 2037
2035 2040
2037 2040
2053 2044
2053 2048
2044 2048
2041 2037
2041 2039
2037 2039
2041 2036
2040 1987
2040 2038
1987 2038
2035 2039
2092 2118
2092 2119
2118 2119
2038 2054
2038 2056
2054 2056
2035 2042
2042 2039
2045 2046
2039 2046
2121 2054
2121 2038
2034 2041
2047 2050
2047 2048
2050 2048
2046 2042
2046 1967
2058 2046
2058 1967
2060 2066
2066 2070
2044 2047
2131 2151
2131 2147
2151 2147
2070 2078
2058 2057
2045 2043
2046 2043
2050 2035
2035 2048
2049 2044
2056 2035
2056 2040
2051 2016
2051 2150
2016 2150
2150 2044
2150 2053
2042 2050
2051 2053
2053 2054
2085 2086
2085 2084
2086 2084
2064 2018
2064 2144
2018 2144
2057 2061
2057 2055
2061 2055
2054 2048
2048 2056
1973 2086
1973 2088
2086 2088
2052 2064
2052 2061
2064 2061
2074 1994
2049 2064
2058 2043
2058 2060
2065 2060
2133 2142
2133 2140
2142 2140
1966 2115
1966 2114
2115 2114
2071 2060
2071 1977
2060 1977
2063 2059
2061 2059
2145 2135
2145 2133
2135 2133
2091 2116
2091 2110
2116 2110
2140 2141
2107 2063
2107 2110
2063 2110
2018 2049
2064 2059
2073 2108
2065 2108
2068 2071
2068 1994
2071 1994
2068 2066
2067 2066
2066 2071
2072 1994
12 2072
2109 2107
2109 2108
2107 2108
2074 2075
2074 2004
2075 2004
2077 2066
2078 2006
2071 2105
1977 2105
2074 2069
2073 2069
2075 2069
2075 1992
2107 2076
2107 2069
2076 2069
2090 2116
1976 2116
2008 2028
2036 2006
2043 2078
1938 2112
1939 2112
2096 2098
2098 2015
2114 2080
2114 2089
2100 2101
2100 2017
2101 2017
2081 2113
2082 1964
2082 2085
1964 2085
2082 2084
2122 2014
2122 2094
2051 2083
2051 2126
2083 2126
2087 2084
2087 1973
2084 1973
2122 2085
2085 2083
2083 2086
2051 2086
2087 2121
2087 2120
2121 2120
2002 2087
1973 2054
1974 2089
1976 2106
1966 2090
2115 2091
2115 2143
2091 2143
1966 2091
2090 2091
2120 2002
1987 2118
2127 2137
2126 2122
2126 2124
2122 2124
2015 2130
2082 2097
2097 2128
2128 2096
1972 2079
2079 2097
2128 2079
2112 2098
2112 2079
2098 2079
1940 2129
2129 1939
2134 2136
2138 2018
2138 2049
2101 1944
2102 2017
2101 2114
2115 2149
2143 2149
2062 2063
2062 2140
2063 2140
2135 1948
2135 1947
1948 1947
2138 2139
2139 2018
2105 1994
2108 2069
2109 2055
2108 2055
2091 2062
2110 2062
2076 2110
2112 2111
2112 2129
2114 2017
2062 2142
2062 2143
2142 2143
1121 2117
2120 2117
1987 2119
2120 2092
1973 2121
2124 2094
2122 2083
1952 2137
2126 2016
2124 2137
2094 2137
2125 2137
2125 2127
2148 1950
1951 1950
2099 2127
2098 2128
2129 2098
2098 2130
2049 2152
2147 2136
2147 2139
2136 2139
2146 2132
2063 2141
1946 2146
1946 1947
2146 1947
2136 2103
2146 2135
2133 2141
2103 2139
2148 2136
2148 2147
1952 1951
2139 2131
2138 2131
2139 2153
2103 2153
2133 2146
2059 2144
2059 2141
2144 2141
2153 2018
2102 2149
2017 2149
2149 2142
2144 2153
2135 2153
2145 2153
2131 2152
2152 2151
2148 2099
2147 2099
2115 2017
2151 2150
2151 2016
2152 2150
2138 2152
2044 2152
2153 2141
2145 2141
