-0.180066 -0.250945 -0.007086
-0.186126 -0.277869 -0.010142
-0.186842 -0.305443 -0.013193
-0.191556 -0.332472 -0.016294
-0.192404 -0.335237 0.007335
-0.194009 -0.335471 0.030136
-0.185078 -0.335927 0.050317
-0.175563 -0.335229 0.069737
-0.165692 -0.333934 0.089564
-0.147952 -0.333489 0.104083
-0.127379 -0.333516 0.115588
-0.104148 -0.334408 0.122765
-0.079091 -0.335387 0.125639
-0.053540 -0.335938 0.131364
-0.027579 -0.336291 0.137657
-0.001578 -0.336674 0.143506
0.024840 -0.336960 0.146385
0.050324 -0.336768 0.140613
0.074935 -0.336279 0.134368
0.098369 -0.336100 0.126916
0.120839 -0.336190 0.119859
0.141513 -0.336961 0.109544
0.159161 -0.338192 0.096152
0.169991 -0.339520 0.077584
0.183102 -0.340039 0.061543
0.188745 -0.340689 0.041656
0.188775 -0.310864 0.040432
0.184842 -0.281465 0.038427
0.180844 -0.252474 0.036675
-0.188944 -0.320513 -0.002956
-0.180871 -0.267600 0.044330
0.160055 -0.268052 0.085957
0.184349 -0.325680 0.050306
-0.185264 -0.303263 0.041010
-0.192093 -0.309157 0.018847
-0.163921 -0.278823 0.082116
0.079590 -0.256424 0.129686
0.163580 -0.304953 0.086781
0.176337 -0.312879 0.068757
0.125495 -0.279745 0.112355
-0.103641 -0.270368 0.115294
-0.036670 -0.267304 0.142931
-0.186654 -0.322664 0.039952
-0.179513 -0.310191 0.061163
-0.152434 -0.300795 0.097553
0.083181 -0.297801 0.128425
0.165003 -0.325012 0.087269
0.148640 -0.311665 0.102539
-0.110585 -0.303870 0.117240
-0.038802 -0.303492 0.138296
0.012290 -0.280438 0.150903
-0.155912 -0.320142 0.097803
0.085424 -0.319612 0.129864
0.107433 -0.308762 0.121429
0.060782 -0.309076 0.137362
-0.114135 -0.321994 0.119105
-0.087787 -0.310521 0.122015
-0.134638 -0.308840 0.110560
-0.039941 -0.322880 0.135351
-0.013934 -0.311118 0.143430
0.175190 -0.265092 0.062462
-0.187565 -0.285498 0.028528
-0.183553 -0.261117 0.026191
-0.187682 -0.288951 0.007698
-0.182845 -0.251870 0.010664
-0.185521 -0.270377 0.012108
0.180450 -0.295604 0.054487
0.179448 -0.277156 0.051532
0.173702 -0.287133 0.072032
-0.179252 -0.284791 0.057421
-0.172670 -0.292110 0.069942
-0.168723 -0.312173 0.080080
0.151243 -0.285633 0.097941
0.139367 -0.293132 0.107131
0.125216 -0.303301 0.115787
0.131158 -0.322710 0.116182
0.099898 -0.277223 0.120498
0.062978 -0.277320 0.137940
-0.092143 -0.287649 0.119392
-0.064153 -0.286342 0.132176
-0.078382 -0.293593 0.124417
-0.063897 -0.313036 0.128878
-0.053428 -0.298455 0.133610
-0.121621 -0.286838 0.111699
-0.126067 -0.250191 0.104753
-0.119118 -0.265874 0.109858
-0.101902 -0.235400 0.119589
-0.140110 -0.275287 0.100749
-0.138422 -0.292580 0.105041
-0.148137 -0.250857 0.091374
-0.154507 -0.283200 0.093321
-0.138992 -0.258163 0.098282
-0.020369 -0.285537 0.144758
-0.003076 -0.293358 0.147243
0.019126 -0.308723 0.148705
0.011717 -0.325260 0.146614
0.037859 -0.319067 0.146437
0.040012 -0.287706 0.148778
0.173005 -0.235983 0.056183
-0.183568 -0.264613 -0.000581
0.164665 -0.286743 0.083322
0.084248 -0.277128 0.127803
0.096989 -0.294298 0.123285
0.109433 -0.229389 0.116175
0.068801 -0.294323 0.134174
0.039177 -0.218960 0.150913
-0.132368 -0.226570 0.099107
-0.167725 -0.247722 0.069727
-0.175823 -0.264033 0.059702
-0.168593 -0.266653 0.072785
0.047072 -0.304165 0.145121
0.024649 -0.291837 0.149742
0.177280 -0.253728 0.051080
0.163783 -0.243334 0.075770
-0.175446 -0.242201 0.051444
-0.180572 -0.245931 0.037062
0.098900 -0.249918 0.121731
0.112195 -0.264819 0.117141
0.085256 -0.236166 0.128958
0.062455 -0.228752 0.141217
0.031687 -0.253190 0.152139
-0.119729 -0.230092 0.107524
0.167550 -0.262368 0.074822
0.138431 -0.233055 0.097813
0.128436 -0.253448 0.106074
0.138162 -0.272436 0.104046
0.124179 -0.231599 0.107175
0.115237 -0.247798 0.113260
-0.155123 -0.236726 0.082212
0.062237 -0.253046 0.139680
0.047801 -0.265042 0.146031
0.152393 -0.240905 0.088459
0.144535 -0.255482 0.096668
-0.082831 -0.220880 0.129795
-0.085012 -0.250649 0.125498
-0.075462 -0.269712 0.126520
-0.056893 -0.261845 0.137869
-0.038846 -0.231404 0.146640
-0.060116 -0.225514 0.139061
-0.043432 -0.250480 0.143146
-0.098770 -0.252362 0.118879
-0.047155 -0.217211 0.145322
-0.073910 -0.235286 0.131959
-0.068296 -0.252124 0.132213
-0.055672 -0.242490 0.139011
0.052730 -0.215572 0.146602
0.005378 -0.232692 0.153204
-0.014676 -0.226523 0.152726
-0.012565 -0.256598 0.149202
0.020691 -0.219145 0.154108
-0.025500 -0.243127 0.148488
0.007834 -0.256745 0.151664
0.046986 -0.240599 0.147418
0.195309 -0.337134 0.020650
0.195637 -0.334137 -0.002195
0.183461 -0.333524 -0.023099
0.177566 -0.332131 -0.047051
0.166700 -0.332488 -0.069407
0.145445 -0.335074 -0.082554
0.129086 -0.334160 -0.101359
0.104400 -0.334630 -0.100304
0.084682 -0.335014 -0.114483
0.060436 -0.335542 -0.117314
0.036210 -0.336114 -0.117783
0.011894 -0.336449 -0.117684
-0.011775 -0.336689 -0.113611
-0.035440 -0.337005 -0.110981
-0.059474 -0.336979 -0.109726
-0.083807 -0.336873 -0.112377
-0.107946 -0.334412 -0.106530
-0.127275 -0.332288 -0.089212
-0.152815 -0.329500 -0.079087
-0.169035 -0.329928 -0.055614
-0.192367 -0.328661 -0.042181
0.191976 -0.324582 0.030717
0.178224 -0.268248 -0.017816
-0.180063 -0.293156 -0.046522
-0.191768 -0.317943 -0.026416
-0.187847 -0.299007 -0.030023
-0.185719 -0.311864 -0.046000
0.182999 -0.302101 -0.014373
0.194321 -0.308821 0.008518
0.159739 -0.280962 -0.059740
-0.080673 -0.277710 -0.114309
-0.159826 -0.307838 -0.061984
0.185828 -0.321119 -0.012679
0.178456 -0.308120 -0.037908
0.146759 -0.304401 -0.075182
0.084567 -0.287678 -0.113655
-0.032330 -0.291248 -0.116555
-0.077428 -0.309385 -0.113734
-0.123505 -0.289498 -0.094534
-0.145488 -0.313420 -0.083715
-0.159455 -0.322288 -0.064120
0.151633 -0.322010 -0.074176
0.136111 -0.311798 -0.096301
0.091065 -0.312429 -0.112080
0.039960 -0.297347 -0.116577
-0.027756 -0.315331 -0.113766
-0.074012 -0.325416 -0.113380
-0.100927 -0.316727 -0.109288
0.044545 -0.318486 -0.116623
0.014209 -0.308266 -0.116593
0.065047 -0.307350 -0.116032
0.030367 -0.308079 -0.116390
0.021734 -0.324353 -0.117000
-0.003275 -0.318652 -0.115597
0.069777 -0.323554 -0.115328
-0.008187 -0.295788 -0.115912
-0.176384 -0.265986 -0.032452
0.188475 -0.285218 -0.002054
0.183714 -0.261948 0.001046
0.186679 -0.290049 0.019383
0.181727 -0.253770 0.017892
0.184092 -0.271551 0.015303
0.189614 -0.308149 0.022215
0.175249 -0.284937 -0.032715
0.174169 -0.290517 -0.049269
0.169821 -0.310697 -0.060972
-0.149112 -0.280745 -0.072636
0.108925 -0.298785 -0.101213
0.112995 -0.318273 -0.098349
-0.052480 -0.303998 -0.114241
-0.056321 -0.320404 -0.112303
-0.120946 -0.317059 -0.093278
-0.134362 -0.302025 -0.089359
-0.112522 -0.304375 -0.100208
-0.102342 -0.283320 -0.105866
0.057566 -0.281191 -0.117454
0.078015 -0.300532 -0.114387
-0.015761 -0.307577 -0.115084
0.010573 -0.286394 -0.116715
-0.005731 -0.280218 -0.117056
0.028297 -0.277430 -0.117001
0.043220 -0.283646 -0.117034
-0.183387 -0.280977 -0.027129
-0.180814 -0.265016 -0.017835
0.183260 -0.266731 0.028817
0.157190 -0.297034 -0.064379
-0.152499 -0.297885 -0.073415
-0.162460 -0.284406 -0.056006
-0.174625 -0.276832 -0.046599
-0.157073 -0.267463 -0.059722
0.132906 -0.284716 -0.092730
0.144963 -0.280525 -0.075958
0.133648 -0.266795 -0.085717
0.170004 -0.272260 -0.048876
0.172294 -0.267922 -0.033001
0.095935 -0.299603 -0.109858
-0.069572 -0.293602 -0.114518
-0.087780 -0.293845 -0.113019
-0.037601 -0.303617 -0.114846
-0.040302 -0.322453 -0.112554
0.071572 -0.274100 -0.115536
0.100830 -0.277422 -0.106041
0.117339 -0.285087 -0.101435
0.139787 -0.299358 -0.089231
-0.049293 -0.288766 -0.117151
-0.115926 -0.276710 -0.098517
-0.094090 -0.273089 -0.109749
-0.167756 -0.264156 -0.049623
-0.134986 -0.271241 -0.084083
-0.138394 -0.286227 -0.084942