34
35
36
37
38
39
40
41
42
43
44
45
46
47
48
49
50
51
52
53
54
55
56
57
58
59
60
61
62
95
97
102
103
109
110
111
119
120
121
122
133
134
135
136
137
148
149
150
160
161
162
163
172
173
174
179
180
181
182
183
222
224
225
226
227
229
230
231
232
233
234
235
236
237
238
239
246
247
252
253
254
255
256
257
258
259
260
261
262
263
264
265
266
267
268
269
270
271
283
285
286
300
301
302
303
304
312
313
314
315
316
317
325
328
335
344
366
367
369
370
371
395
406
407
408
409
410
412
441
451
452
479
480
525
526
527
528
529
530
531
599
600
602
603
604
692
773
774
775
789
790
791
857
1098
1099
1100
1101
1102
1103
1104
1105
1106
1107
1108
1109
1110
1111
1112
1113
1114
1115
1116
1117
1118
1136
1137
1140
1141
1142
1143
1144
1145
1146
1148
1149
1150
1151
1152
1153
1155
1156
1157
1158
1159
1160
1161
1162
1163
1164
1165
1166
1167
1168
1169
1170
1171
1172
1173
1174
1190
1191
1192
1193
1194
1196
1197
1198
1199
1200
1201
1203
1204
1205
1206
1207
1208
1209
1210
1211
1212
1213
1215
1216
1217
1219
1249
1250
1251
1252
1253
1254
1255
1257
1265
1266
1267
1272
1273
1274
1275
1276
1278
1279
1285
1287
1289
1314
1331
1332
1409
1517
1934
1935
