63.876396 62.266327 61.618820 100.438583 109.924690 
63.876396 57.422638 79.867256 82.309044 62.531662 
57.422638 61.932484 98.429840 94.890717 67.724243 
79.867249 61.932480 54.685902 74.295975 81.873779 
54.685898 73.268578 84.682739 82.758377 61.406906 
73.268578 66.785103 94.583046 96.967239 72.741379 
66.785103 68.345787 74.427322 95.485703 82.198242 
94.583054 68.345787 73.457840 88.579865 86.437584 
73.457840 71.940079 78.924942 59.621090 63.795544 
71.940079 54.733097 65.061569 86.457924 59.946594 
54.733097 56.667274 67.932533 59.340469 90.330399 
56.667274 56.807762 79.064156 71.812294 71.811142 
56.807762 55.939507 71.383156 72.009155 57.340271 
55.939507 55.363991 66.969376 81.079292 56.376465 
55.363991 68.738098 93.644852 81.665756 78.364090 
87.101776 68.738098 66.751099 72.471451 103.163513 
66.751099 73.142487 100.454041 78.990326 87.656601 
73.142487 52.905384 106.135315 71.178810 82.363289 
52.905384 53.229935 104.755066 74.573212 70.778473 
53.229935 51.525131 99.657814 97.983917 65.006073 
104.755066 51.525131 71.261330 84.189819 90.166908 
71.261330 64.448059 108.612000 76.789902 106.264145 
64.448059 66.350655 88.888786 79.893555 113.675308 
66.350655 58.477760 60.999374 71.487305 68.345451 
58.477760 57.560215 79.354271 78.829910 76.808090 
57.560215 57.077271 66.357910 59.261204 87.982101 
57.077271 55.532127 79.029305 61.869843 90.210167 
55.532127 50.125671 68.246689 89.499519 62.621567 
50.125671 76.241348 76.945030 87.279999 63.215164 
76.241348 88.001823 77.398285 91.230949 53.671410 
93.962616 92.491928 51.529305 79.420074 94.527878 
92.491928 68.323029 77.928162 68.570572 90.042496 
68.323029 66.499878 86.959679 51.392883 61.779755 
66.499878 67.792725 60.215027 61.818848 78.589661 
62.266327 67.792725 105.067299 57.770149 102.415756 
72.584549 76.208954 83.841751 74.218460 62.273239 
71.383156 66.969376 72.471458 63.580471 53.911652 
79.638824 72.446075 76.566681 68.496117 80.821060 
81.801926 62.186722 89.572662 67.332016 54.818916 
76.789902 88.888779 60.999374 79.354271 63.047279 
71.209023 91.568802 52.281830 87.817665 79.943535 
73.700706 85.072258 57.471527 69.898056 88.110657 
73.135010 86.363976 55.378952 58.420570 68.825691 
84.682739 79.638832 55.222069 102.829147 70.066872 
61.618824 82.309044 72.446075 84.081062 66.461479 
84.189819 81.801926 88.168526 64.728790 59.876717 
77.928162 71.209023 60.451180 68.461914 65.478439 
78.990326 71.178818 73.700706 75.030228 65.004921 
82.363289 74.573212 73.135010 75.030228 61.592793 
88.001831 68.570572 60.451180 63.151749 74.059952 
70.778481 65.006073 86.363968 61.592793 68.531464 
76.162361 69.883881 62.975422 60.736076 86.585831 
86.658371 66.357910 62.186722 67.156960 71.306290 
61.045258 92.573158 98.154099 52.440292 77.840469 
83.499954 74.914963 83.889236 52.734444 72.416946 
89.863220 77.398277 63.151749 83.577095 83.018341 
88.579865 78.924942 60.839897 79.936569 63.557739 
87.656593 63.580471 57.471527 65.004921 62.304276 
62.531662 74.295975 82.758377 55.222069 84.081062 
68.246689 76.945030 61.045258 75.525536 78.581963 
51.392887 60.215027 57.770149 91.568810 68.461914 
89.572662 55.378956 64.728790 96.494385 68.531464 
79.064163 72.009155 53.911652 74.914963 62.304272 
52.281826 65.478439 74.059952 83.577095 76.656860 
92.573158 83.018341 76.656860 64.672852 97.807953 
67.332016 63.047279 59.876717 67.156960 104.011742 
72.584549 69.898056 83.889236 61.441845 56.842010 
76.208961 76.162361 52.734444 61.441841 61.813950 
87.817657 64.672852 68.787498 84.882820 57.806347 
65.061569 67.932533 69.883881 72.416946 61.813950 
59.621090 86.457924 62.975426 60.839897 83.547180 
79.029305 71.306290 75.525536 71.464386 52.295292 
83.841751 88.110657 58.420570 56.842010 65.784760 
76.566681 79.936569 93.346939 59.860825 92.189445 
96.967247 94.999718 70.066879 63.557739 93.346939 
78.001091 59.488670 68.039047 84.995316 85.624283 
54.818916 97.635635 71.464386 78.001091 58.533173 
91.391182 59.488670 81.355621 57.883495 80.340500 
74.218460 68.825691 65.784760 68.039047 95.047249 
62.273239 60.736076 81.355629 52.614975 81.666672 
68.496117 68.787491 93.942757 59.826855 60.070992 
52.440292 78.581955 52.295292 84.995316 58.533173 
86.585831 59.860825 52.614971 99.076927 56.527260 
77.840469 84.882820 85.624290 57.883492 75.333481 
80.340500 81.666672 59.826859 56.527260 75.333481 
80.821053 79.943535 66.461487 57.806351 60.070992 
51.529305 58.130436 98.968727 76.742783 85.666634 
58.130436 70.901611 99.897247 91.884964 88.472099 
98.968719 70.901611 50.825348 72.008331 103.905075 
50.825348 68.554489 99.471642 85.102173 108.171768 
119.379837 68.554489 75.234085 131.405899 74.454605 
135.066452 99.897247 75.234085 93.772903 99.450493 
79.420074 70.488754 93.512634 100.589363 75.973297 
70.488754 70.704727 71.960060 90.483078 100.401733 
70.704727 55.031700 84.584869 71.308067 80.226242 
55.031700 60.581459 70.648880 102.544952 76.437744 
61.818840 102.415749 105.786957 60.581459 67.557861 
90.042496 76.742775 91.884964 72.008331 56.697865 
68.568359 57.512493 58.755211 92.163406 56.466049 
85.666634 88.472092 93.772903 93.512634 92.955879 
71.960060 84.584869 68.568359 92.955887 93.666061 
61.779755 83.510101 57.512493 84.176208 62.120346 
85.102173 74.454605 99.450493 58.755211 71.511322 
78.589653 71.308060 70.648880 67.557861 84.176208 
100.512253 56.697865 56.466049 62.120346 71.511322 
79.893555 71.487305 121.520409 73.764610 73.043289 
73.764610 74.780830 87.375565 110.922768 70.286926 
74.780830 72.942810 110.428795 59.254387 72.610840 
72.942810 72.149551 119.256851 72.061295 81.303131 
72.149551 73.502853 76.992104 90.270599 106.217644 
73.502853 53.653740 122.332603 63.556282 94.605499 
101.146294 81.665764 53.653740 105.927711 56.828880 
74.427322 61.275314 60.324299 84.314888 77.585251 
61.275314 69.817154 104.702026 69.200668 68.196854 
69.817154 66.569000 73.845757 79.923752 52.890823 
66.569000 53.886864 80.922699 56.997765 74.914772 
102.544960 53.886864 54.342751 110.949387 71.196770 
68.345451 78.829918 73.043289 87.375565 62.673580 
93.171600 97.037216 69.401810 57.160858 66.334488 
72.602783 56.356647 83.608429 71.902473 76.803345 
51.174408 74.585144 79.725502 85.510002 60.075035 
76.992104 63.556278 72.602776 98.978714 61.027489 
59.254387 72.061295 51.174408 81.493813 57.295067 
81.303131 74.585144 81.493813 64.591499 65.871506 
84.937492 80.749748 52.371544 70.752762 63.901379 
66.705757 65.642357 93.679077 53.938381 57.819302 
80.922699 54.342754 66.705757 69.962593 54.048615 
61.686684 64.279419 83.655823 90.562286 61.013607 
91.167526 86.274384 57.030678 57.916672 62.749825 
71.812294 57.340275 56.356644 76.106865 53.351746 
58.429123 92.471039 58.703613 60.304314 57.493122 
93.171600 52.746250 93.198586 62.457024 69.754349 
79.725502 64.591499 52.746250 71.438034 89.032761 
90.483078 84.937485 68.635277 57.031151 68.701233 
87.279999 80.749748 57.869659 57.338467 63.271339 
80.226250 76.437744 65.642349 69.962593 54.751266 
107.011124 93.679077 83.430115 64.841080 66.983765 
73.845764 56.997761 71.196770 54.048615 83.430115 
86.437576 63.795540 61.686680 86.272255 76.759514 
95.485703 60.324299 64.279419 86.272255 78.960846 
63.659508 55.596085 73.820992 70.242012 57.781567 
59.946598 59.340469 58.429123 78.944504 82.624435 
56.376465 78.364090 56.828880 83.608437 76.106865 
70.286926 72.610840 85.509995 57.295067 73.951836 
87.191765 63.659508 73.951828 54.976395 55.745514 
96.769394 53.671413 91.236588 57.869656 73.212410 
59.261204 61.869843 86.274384 55.596085 93.516403 
90.466881 61.027485 65.871498 71.438034 60.370789 
69.401810 60.075035 73.820992 54.976395 86.327553 
71.902466 62.457027 89.032753 60.370789 68.936874 
76.808090 87.982094 62.673576 70.242012 55.745514 
58.703613 60.988937 56.687004 71.314636 55.201801 
60.304314 69.754341 68.936874 60.988937 70.342422 
53.938377 68.635269 54.751266 59.709084 86.153969 
71.811150 76.803345 53.351746 57.493118 82.633041 
83.655823 76.759521 82.624420 56.687004 61.411911 
57.819302 59.709084 88.531021 87.490639 87.122223 
64.521461 80.273735 83.432045 59.300922 55.131493 
71.314636 70.342422 64.521461 94.131424 56.615566 
90.562286 80.273735 60.998241 58.427498 60.858597 
89.107430 87.057327 65.224518 64.111351 72.329315 
61.013603 64.841080 78.960846 91.447296 64.410255 
55.201805 61.411911 83.432045 56.615562 60.998238 
66.983765 92.964478 58.427498 64.410255 72.723892 
88.531013 59.300919 65.224518 68.441177 75.928345 
57.160858 88.731400 99.557373 64.111351 93.075073 
87.490639 55.131493 60.858597 72.723892 68.441177 
52.371540 57.031151 86.153961 75.928345 84.908066 
70.752762 57.030682 57.338467 72.329315 80.153778 
66.334488 57.916672 57.781567 86.327553 93.075081 
75.973297 63.901375 68.701233 73.212402 84.908058 
62.621567 63.215164 62.749825 63.271339 80.153778 
82.198242 57.427330 110.200424 75.633606 75.156998 
121.858810 57.427330 93.265038 67.332855 76.663757 
93.265045 69.216248 103.157768 85.538994 56.957863 
69.216248 73.192543 94.155151 73.384674 98.995850 
110.200424 73.192543 90.032730 62.099148 109.338776 
67.724251 82.610909 79.923759 74.914772 82.059067 
84.314880 75.633606 90.032730 61.910728 67.327621 
72.741379 96.568146 75.156998 67.332848 62.422462 
84.908890 58.941563 72.266891 86.404915 59.989491 
77.585251 69.200668 61.910732 56.797531 69.789917 
81.873772 61.406906 102.957718 58.941563 102.479927 
68.196854 52.890823 82.059067 72.266899 56.797531 
62.099144 67.327621 86.404907 69.789925 71.905258 
85.538994 73.384666 59.989487 71.905258 67.857674 
76.663757 56.957867 62.422462 88.271004 67.857681 
