2 35 45 59 61 
1 3 4 45 59 
2 4 59 116 178 
2 3 5 59 183 
4 6 44 59 183 
5 7 8 75 180 
6 8 113 140 173 
6 7 9 57 139 
8 10 57 71 139 
9 11 70 71 142 
10 12 70 142 155 
11 13 63 130 155 
12 14 37 63 130 
13 15 37 130 143 
14 16 37 112 143 
14 15 17 37 58 
16 18 37 48 58 
17 19 20 48 49 
18 20 21 49 51 
19 21 46 49 51 
19 20 22 46 51 
21 23 24 40 46 
22 24 40 106 118 
23 25 40 106 118 
24 26 40 118 151 
25 27 53 147 151 
26 28 72 147 172 
27 29 60 72 172 
28 30 60 135 172 
29 50 56 135 146 
30 32 87 93 98 
31 33 47 50 98 
32 34 47 61 102 
33 35 61 97 104 
1 34 41 61 97 
67 68 73 79 80 
13 14 16 58 63 
44 45 74 81 86 
46 53 62 66 77 
22 23 24 25 66 
47 61 64 69 86 
48 55 58 67 73 
49 51 62 73 79 
5 38 59 74 75 
1 2 38 59 86 
21 39 51 62 66 
32 41 50 61 64 
17 18 42 49 58 
18 19 43 48 51 
30 32 47 56 64 
19 20 43 49 62 
68 70 71 80 83 
25 26 39 66 72 
60 65 72 82 84 
12 63 67 68 70 
29 30 50 64 65 
8 9 71 74 75 
17 37 42 48 63 
2 4 5 44 45 
28 29 54 72 82 
33 34 35 41 47 
39 43 46 49 51 
12 13 37 55 58 
41 47 50 56 65 
54 56 64 69 84 
39 40 46 53 62 
36 42 55 68 73 
36 52 55 67 70 
41 65 81 84 86 
10 11 52 55 68 
9 10 52 57 70 
27 53 60 77 82 
36 42 43 67 79 
38 57 75 83 85 
6 8 44 57 74 
77 78 79 82 84 
39 53 72 76 82 
36 76 80 84 85 
36 43 73 76 78 
36 52 78 83 85 
38 69 74 85 86 
54 60 72 76 77 
52 74 80 81 85 
54 69 76 78 85 
78 80 81 83 84 
38 41 45 69 81 
31 88 89 98 100 
87 89 92 98 100 
87 88 90 98 105 
89 91 98 103 105 
89 90 92 99 103 
87 88 91 100 103 
31 94 100 146 171 
93 95 101 134 171 
94 96 101 104 136 
95 97 104 117 136 
34 35 95 96 104 
32 87 88 89 105 
101 102 103 104 105 
87 88 92 93 101 
94 95 99 100 104 
33 34 99 104 105 
90 91 92 99 105 
34 95 96 97 102 
33 98 99 102 103 
23 24 25 107 118 
106 108 118 123 144 
107 109 121 123 144 
108 110 121 123 124 
109 111 122 124 148 
110 112 120 122 143 
14 15 111 122 143 
7 114 140 179 182 
113 115 162 182 184 
114 116 138 178 184 
115 117 127 138 178 
96 116 127 136 138 
24 25 106 107 151 
132 141 149 166 170 
122 130 143 150 155 
123 124 133 144 149 
110 111 120 124 148 
108 109 121 124 144 
109 121 123 133 148 
134 135 168 169 171 
127 136 137 154 157 
116 117 126 136 138 
139 140 156 160 162 
135 147 169 170 172 
12 13 120 143 155 
142 150 152 153 155 
119 133 148 150 153 
121 124 132 148 150 
94 125 154 168 171 
29 125 146 169 172 
95 96 126 127 154 
114 126 138 162 164 
115 116 117 127 137 
8 9 128 140 156 
7 113 128 139 162 
145 147 149 151 170 
10 11 131 152 156 
14 15 112 120 130 
107 108 121 123 145 
121 141 144 149 151 
29 30 125 135 171 
26 27 129 141 170 
120 122 124 133 150 
119 121 141 145 170 
120 132 133 148 153 
25 26 118 141 145 
131 153 156 159 163 
131 132 150 152 159 
126 134 136 157 168 
12 120 130 131 142 
128 139 142 152 163 
126 154 165 167 168 
159 160 163 165 167 
152 153 158 160 163 
128 158 163 164 167 
125 158 165 166 169 
128 137 140 160 164 
152 156 158 159 160 
137 157 160 162 167 
157 158 161 167 168 
119 158 159 161 170 
157 158 160 164 165 
125 134 154 165 171 
125 129 135 161 172 
119 129 141 149 166 
93 125 134 146 168 
28 29 129 135 169 
7 174 177 179 180 
7 173 175 180 187 
174 176 180 186 187 
175 177 185 186 187 
173 176 179 185 186 
3 4 115 116 184 
113 173 177 182 185 
6 7 173 174 187 
182 183 184 185 186 
113 114 179 184 185 
4 5 178 181 187 
114 115 178 181 182 
177 179 181 182 186 
175 176 181 185 187 
174 175 180 181 186 
