0.639381 0.112201 0.120184 0.123472 0.004762 
0.534195 0.250012 0.035607 0.147192 0.032995 
0.342850 0.458499 0.018808 0.089486 0.090358 
0.041786 0.833205 0.076170 0.000733 0.048105 
0.025374 0.505960 0.302985 0.072670 0.093011 
0.297318 0.522056 0.120328 0.034687 0.025611 
0.123126 0.709389 0.097533 0.000917 0.069034 
0.105601 0.539246 0.225287 0.006507 0.123359 
0.056278 0.421063 0.431322 0.000254 0.091083 
0.003790 0.200392 0.756867 0.013379 0.025573 
0.000510 0.050326 0.848349 0.093548 0.007267 
0.013409 0.566844 0.300710 0.046840 0.072196 
0.331799 0.519772 0.010742 0.045254 0.092434 
0.102874 0.819869 0.014895 0.000423 0.061939 
0.049100 0.644762 0.238742 0.007266 0.060130 
0.339467 0.610856 0.001275 0.045034 0.003368 
0.048974 0.819916 0.079436 0.000496 0.051177 
0.503383 0.409125 0.029655 0.007847 0.049991 
0.072910 0.807015 0.065196 0.039251 0.015627 
0.043690 0.454463 0.474123 0.022794 0.004930 
0.067602 0.878518 0.043825 0.003539 0.006516 
0.571177 0.298012 0.066663 0.000035 0.064112 
0.234606 0.583786 0.052302 0.038342 0.090964 
0.004326 0.901552 0.007061 0.053932 0.033129 
0.609652 0.247867 0.000399 0.116926 0.025157 
0.252800 0.713284 0.007052 0.018479 0.008384 
0.021392 0.758660 0.102149 0.046464 0.071335 
0.368950 0.366405 0.016092 0.086489 0.162064 
0.105404 0.678721 0.094261 0.041729 0.079885 
0.497560 0.489633 0.001301 0.005151 0.006354 
0.068217 0.850113 0.067364 0.007152 0.007154 
0.435737 0.435021 0.041407 0.078395 0.009440 
0.039232 0.880329 0.043841 0.000067 0.036531 
0.418325 0.425147 0.086313 0.052863 0.017352 
0.072842 0.757665 0.076215 0.022946 0.070332 
0.446319 0.448562 0.000645 0.017736 0.086738 
0.130467 0.780739 0.055230 0.012776 0.020789 
0.131826 0.520827 0.286210 0.053627 0.007511 
0.104667 0.265815 0.480524 0.044539 0.104455 
0.017973 0.082565 0.741463 0.092371 0.065628 
0.025150 0.565818 0.301912 0.089470 0.017649 
0.330850 0.646741 0.000007 0.017170 0.005233 
0.090169 0.801046 0.059213 0.036571 0.013001 
0.014374 0.605797 0.272342 0.098030 0.009458 
0.279806 0.527896 0.070376 0.117958 0.003963 
0.064130 0.663655 0.166930 0.071991 0.033293 
0.483414 0.475565 0.013030 0.001537 0.026454 
0.146250 0.596970 0.144424 0.049556 0.062800 
0.481422 0.482832 0.000365 0.000010 0.035372 
0.138110 0.636339 0.148438 0.000180 0.076934 
0.034307 0.441011 0.449837 0.000877 0.073968 
0.182043 0.705036 0.072076 0.027172 0.013673 
0.083820 0.565885 0.306883 0.000008 0.043404 
0.302087 0.666795 0.016667 0.007160 0.007292 
0.086327 0.729974 0.120695 0.062663 0.000341 
0.027925 0.512617 0.315136 0.048935 0.095388 
0.291864 0.510663 0.099400 0.086210 0.011863 
0.125297 0.668132 0.115799 0.031766 0.059006 
0.032278 0.613255 0.175487 0.000601 0.178379 
0.362856 0.466324 0.017525 0.136331 0.016963 
0.004863 0.941853 0.031192 0.020272 0.001819 
0.405074 0.407312 0.084705 0.099225 0.003683 
0.060409 0.872819 0.065835 0.000038 0.000899 
0.465706 0.468866 0.035617 0.000007 0.029804 
0.084799 0.709262 0.087513 0.042845 0.075581 
0.450375 0.456310 0.000787 0.016057 0.076471 
0.096582 0.715958 0.105800 0.010998 0.070662 
0.477293 0.485994 0.004007 0.018358 0.014347 
0.097052 0.673782 0.130405 0.037994 0.060767 
0.010070 0.405240 0.417051 0.072900 0.094739 
0.140775 0.776849 0.012426 0.010892 0.059057 
0.010225 0.762480 0.218706 0.002089 0.006499 
0.239047 0.519536 0.068457 0.034957 0.138003 
0.022114 0.819180 0.001026 0.018832 0.138847 
0.617300 0.158204 0.069625 0.001356 0.153514 
0.362170 0.501271 0.007046 0.037629 0.091884 
0.000029 0.811059 0.000376 0.167819 0.020717 
0.528821 0.293614 0.013747 0.119552 0.044266 
0.150641 0.780821 0.039136 0.015347 0.014056 
0.861573 0.058830 0.021362 0.057631 0.000604 
0.635495 0.317404 0.038606 0.000295 0.008201 
0.236144 0.630583 0.029890 0.065264 0.038119 
0.033962 0.739418 0.040931 0.123693 0.061996 
0.001654 0.556019 0.172118 0.189598 0.080610 
0.337133 0.370082 0.007413 0.203985 0.081387 
0.142000 0.728861 0.004894 0.121276 0.002968 
0.020709 0.875088 0.016517 0.047836 0.039850 
0.796852 0.035924 0.018621 0.145931 0.002672 
0.497571 0.111646 0.011628 0.368030 0.011126 
0.001201 0.460674 0.298038 0.079479 0.160607 
0.024554 0.233521 0.526494 0.187574 0.027857 
0.110995 0.084183 0.668856 0.135540 0.000426 
0.313906 0.007483 0.598730 0.012598 0.067282 
0.593901 0.015180 0.312398 0.072765 0.005756 
0.240622 0.556933 0.111518 0.049027 0.041901 
0.904430 0.016305 0.007496 0.011915 0.059854 
0.000208 0.005304 0.920279 0.013851 0.060358 
0.964341 0.000206 0.010355 0.002672 0.022426 
0.155260 0.068816 0.053495 0.000763 0.721666 
0.318078 0.217817 0.272607 0.002094 0.189404 
0.761502 0.005731 0.071183 0.046948 0.114637 
0.015274 0.081157 0.009485 0.824408 0.069676 
0.018051 0.668238 0.251612 0.015044 0.047055 
0.799162 0.039508 0.147108 0.001341 0.012881 
0.031723 0.017834 0.239406 0.035934 0.675104 
0.055292 0.426736 0.250375 0.225360 0.042238 
0.839221 0.022446 0.000998 0.101478 0.035856 
0.770353 0.018075 0.099158 0.080646 0.031769 
0.075936 0.056072 0.431213 0.436696 0.000083 
0.004719 0.253603 0.268819 0.271986 0.200873 
0.011089 0.010399 0.292174 0.680528 0.005811 
0.022279 0.036385 0.715380 0.153337 0.072619 
0.062887 0.000391 0.016873 0.881154 0.038694 
0.057500 0.603380 0.003487 0.016486 0.319148 
0.077504 0.014045 0.476892 0.097529 0.334030 
0.318349 0.388223 0.191998 0.088556 0.012874 
0.154028 0.268624 0.514885 0.047293 0.015169 
0.029564 0.566986 0.153239 0.086564 0.163647 
0.001724 0.004415 0.846816 0.059850 0.087193 
0.249061 0.225144 0.130787 0.383350 0.011658 
0.115394 0.462828 0.278460 0.143314 0.000004 
0.028163 0.187707 0.223074 0.238238 0.322819 
0.006771 0.910738 0.045808 0.013439 0.023245 
0.196625 0.167925 0.085798 0.016626 0.533027 
0.103397 0.036997 0.572693 0.011051 0.275862 
0.014699 0.675029 0.129151 0.113086 0.068036 
0.009921 0.402538 0.375947 0.143155 0.068439 
0.079650 0.546763 0.122719 0.238437 0.012431 
0.057165 0.204541 0.285893 0.002231 0.450170 
0.093814 0.334943 0.257876 0.304977 0.008390 
0.006764 0.004400 0.174813 0.512774 0.301250 
0.149916 0.293830 0.132347 0.423821 0.000085 
0.009331 0.004278 0.954085 0.002398 0.029908 
0.008184 0.011485 0.007252 0.914895 0.058183 
0.079328 0.112810 0.608478 0.024253 0.175132 
0.001250 0.578075 0.115342 0.273382 0.031951 
0.047749 0.514200 0.015991 0.149641 0.272419 
0.310326 0.149856 0.360420 0.027876 0.151522 
0.446545 0.119424 0.022364 0.390759 0.020908 
0.127174 0.682234 0.030532 0.021776 0.138284 
0.288039 0.345614 0.007539 0.230482 0.128327 
0.278659 0.450851 0.020177 0.133491 0.116822 
0.012589 0.003460 0.764836 0.128235 0.090879 
0.000769 0.412933 0.309617 0.034758 0.241922 
0.141680 0.092638 0.568772 0.045959 0.150951 
0.203137 0.481364 0.195402 0.049813 0.070283 
0.008343 0.447422 0.068464 0.120038 0.355732 
0.008063 0.486338 0.014112 0.489774 0.001713 
0.347847 0.350330 0.114531 0.187139 0.000153 
0.630317 0.101865 0.002515 0.262258 0.003045 
0.271304 0.145191 0.384497 0.134501 0.064509 
0.038954 0.078309 0.798974 0.063710 0.020054 
0.367732 0.217566 0.027371 0.368176 0.019155 
0.491221 0.055589 0.000023 0.025647 0.427520 
0.148961 0.027001 0.673843 0.000810 0.149384 
0.046246 0.082051 0.617053 0.000000 0.254651 
0.328797 0.411030 0.064089 0.103331 0.092753 
0.213054 0.636645 0.008603 0.003384 0.138314 
0.204900 0.415277 0.055380 0.302713 0.021730 
0.216483 0.254673 0.485422 0.000121 0.043301 
0.090855 0.401739 0.019610 0.428268 0.059529 
0.026724 0.050186 0.067508 0.820596 0.034986 
0.111889 0.804793 0.005803 0.023161 0.054354 
0.002927 0.426542 0.423641 0.113516 0.033373 
0.078358 0.063789 0.126473 0.116013 0.615367 
0.501129 0.172300 0.069327 0.224517 0.032727 
0.172702 0.690340 0.048961 0.087364 0.000633 
0.209797 0.081614 0.315586 0.003624 0.389380 
0.002802 0.354806 0.028350 0.000852 0.613191 
0.013610 0.057952 0.018041 0.443282 0.467115 
0.078064 0.327636 0.004745 0.168806 0.420748 
0.085622 0.648721 0.109773 0.136631 0.019252 
0.377032 0.366954 0.051069 0.190028 0.014917 
0.272609 0.507406 0.000570 0.051871 0.167544 
0.541821 0.133220 0.205379 0.099075 0.020505 
0.209414 0.393323 0.226580 0.015152 0.155532 
0.001462 0.515513 0.028391 0.143405 0.311229 
0.422486 0.457893 0.010873 0.056371 0.052377 
0.371997 0.370591 0.004783 0.244108 0.008521 
0.081201 0.486630 0.082801 0.278705 0.070663 
0.018627 0.488188 0.117844 0.251142 0.124199 
0.220482 0.587095 0.033489 0.123905 0.035030 
0.040623 0.355485 0.196153 0.167661 0.240078 
0.108611 0.551244 0.043283 0.103021 0.193842 
0.429463 0.286813 0.006676 0.222569 0.054478 
0.541173 0.029247 0.158163 0.014393 0.257024 
0.583875 0.000684 0.285493 0.000887 0.129061 
0.031628 0.808285 0.082124 0.075105 0.002858 
0.013965 0.081954 0.123010 0.369910 0.411161 
0.072367 0.004738 0.214231 0.012075 0.696589 
0.043764 0.071645 0.052568 0.151896 0.680128 
0.243425 0.432648 0.174530 0.000683 0.148714 
0.122583 0.859152 0.010741 0.006612 0.000913 
0.002229 0.776510 0.168091 0.031276 0.021894 
0.629157 0.078002 0.127934 0.000165 0.164742 
0.003675 0.215382 0.278964 0.176804 0.325175 
0.044521 0.338577 0.001306 0.441415 0.174182 
0.019932 0.243840 0.158779 0.068045 0.509404 
0.645081 0.084793 0.208701 0.035457 0.025968 
0.010992 0.100127 0.633496 0.235952 0.019434 
0.092372 0.019438 0.688949 0.081297 0.117945 
0.000226 0.545162 0.000980 0.001335 0.452296 
0.025996 0.005198 0.686496 0.062936 0.219373 
0.132369 0.140789 0.343715 0.013736 0.369392 
0.012380 0.167628 0.338125 0.084503 0.397364 
0.000604 0.252189 0.152355 0.000853 0.594000 
0.000008 0.005774 0.015816 0.503156 0.475246 
0.434120 0.053330 0.125494 0.018489 0.368568 
0.254795 0.270999 0.357097 0.014922 0.102187 
0.002282 0.027502 0.233511 0.011043 0.725662 
0.141723 0.544158 0.010951 0.275452 0.027717 
0.036700 0.000268 0.174860 0.026347 0.761825 
0.255181 0.606222 0.131957 0.005418 0.001222 
0.549051 0.228612 0.079313 0.132151 0.010873 
0.014537 0.005948 0.009147 0.297232 0.673136 
0.015892 0.046882 0.344298 0.024633 0.568295 
0.289521 0.380922 0.068850 0.255692 0.005014 
0.822920 0.011926 0.030620 0.061189 0.073346 
0.010993 0.323885 0.123615 0.273997 0.267509 
0.045105 0.065545 0.821930 0.041624 0.025796 
0.711284 0.101667 0.002300 0.154284 0.030465 
0.012369 0.385190 0.177741 0.416175 0.008524 
0.000018 0.856098 0.009797 0.118076 0.016011 
0.280871 0.021478 0.089606 0.608022 0.000024 
0.112922 0.193585 0.622790 0.000000 0.070703 
0.011742 0.631022 0.134162 0.025766 0.197307 
0.284701 0.338049 0.288741 0.081414 0.007095 
0.003312 0.736631 0.092953 0.086260 0.080844 
0.112163 0.487017 0.019398 0.380601 0.000820 
0.209050 0.614168 0.016292 0.151564 0.008927 
0.044208 0.646126 0.104986 0.203433 0.001248 
0.046640 0.173222 0.338203 0.050712 0.391223 
0.169628 0.013845 0.639709 0.134877 0.041941 
0.247144 0.124664 0.396717 0.208040 0.023434 
0.293425 0.380420 0.176452 0.023802 0.125901 
0.194521 0.030931 0.054292 0.607123 0.113133 
0.000298 0.346410 0.522570 0.018476 0.112246 
0.128716 0.495292 0.194599 0.114637 0.066756 
0.114383 0.811054 0.015446 0.053625 0.005492 
0.017205 0.079009 0.894222 0.004376 0.005188 
0.280528 0.007401 0.007625 0.543806 0.160641 
0.164840 0.025162 0.047668 0.107042 0.655287 
0.009906 0.833842 0.081776 0.007939 0.066537 
0.243052 0.189569 0.018063 0.387017 0.162299 
0.179945 0.384154 0.002220 0.167485 0.266196 
0.115821 0.052494 0.024596 0.582197 0.224892 
0.048753 0.065648 0.674203 0.143153 0.068242 
0.031920 0.699019 0.031906 0.236739 0.000416 
0.009293 0.276017 0.262493 0.000004 0.452192 
0.000642 0.412566 0.014522 0.113026 0.459244 
0.086881 0.478228 0.387809 0.002491 0.044590 
0.009049 0.221724 0.000065 0.717309 0.051852 
0.210636 0.144243 0.236155 0.405296 0.003669 
0.013377 0.285220 0.094978 0.386152 0.220273 
0.000612 0.456660 0.255105 0.120418 0.167205 
0.268599 0.261843 0.068874 0.392900 0.007784 
0.191161 0.072012 0.030247 0.523604 0.182975 
0.000017 0.258362 0.341438 0.399587 0.000596 
0.030761 0.001675 0.112686 0.635801 0.219077 
0.403635 0.421003 0.025471 0.125534 0.024358 
0.105255 0.018484 0.058632 0.331735 0.485893 
0.328435 0.008055 0.001118 0.368682 0.293711 
0.056113 0.088200 0.049669 0.743799 0.062219 
0.002781 0.197005 0.106644 0.138479 0.555090 
0.003178 0.083217 0.149366 0.758950 0.005289 
0.138521 0.028942 0.000601 0.524760 0.307175 
0.175509 0.089439 0.233559 0.499106 0.002387 
0.088823 0.361303 0.049772 0.043106 0.456997 
0.219682 0.499448 0.062621 0.022562 0.195688 
0.045745 0.514106 0.206362 0.022596 0.211191 
0.166190 0.103944 0.190762 0.475650 0.063454 
0.047429 0.128557 0.774784 0.004043 0.045187 
0.032372 0.006872 0.232456 0.206604 0.521696 
0.109289 0.209958 0.000664 0.034066 0.646023 
0.074643 0.087903 0.534404 0.063607 0.239443 
0.054863 0.011312 0.000207 0.098394 0.835225 
0.139495 0.000085 0.042592 0.054202 0.763626 
0.059003 0.040217 0.111950 0.158065 0.630765 
0.044445 0.008898 0.162564 0.018547 0.765545 
0.116144 0.413941 0.020346 0.449561 0.000009 
0.021355 0.183551 0.125540 0.658902 0.010652 
0.016181 0.000406 0.046586 0.935412 0.001415 
0.121218 0.652607 0.002313 0.222009 0.001853 
0.127623 0.353670 0.438857 0.067983 0.011867 
0.198449 0.672651 0.003203 0.123880 0.001817 
0.059174 0.053656 0.186767 0.694778 0.005625 
0.062925 0.374041 0.117266 0.432967 0.012800 
0.554061 0.109843 0.218644 0.060677 0.056775 
0.169430 0.676813 0.007932 0.145032 0.000793 
0.005584 0.523349 0.253037 0.208038 0.009992 
0.278271 0.106748 0.049357 0.060599 0.505025 
0.127514 0.077661 0.090245 0.042180 0.662400 
0.108012 0.173447 0.179399 0.032276 0.506865 
0.152342 0.183048 0.433722 0.125985 0.104903 
0.002450 0.525184 0.105940 0.242835 0.123591 
0.017728 0.828037 0.072327 0.068921 0.012988 
0.131118 0.197630 0.007968 0.335440 0.327843 
0.093594 0.040192 0.058999 0.717698 0.089517 
0.355353 0.217430 0.000493 0.355100 0.071623 
0.111739 0.845637 0.001600 0.000071 0.040953 
0.338762 0.151263 0.000014 0.422781 0.087179 
0.138148 0.011797 0.215106 0.022209 0.612740 
0.142411 0.323953 0.407764 0.113874 0.011998 
0.003731 0.131652 0.078583 0.060895 0.725139 
0.071745 0.148564 0.501914 0.065612 0.212166 
0.070453 0.022094 0.716941 0.138777 0.051735 
0.289021 0.033108 0.376736 0.300828 0.000308 
0.074008 0.289448 0.209767 0.025241 0.401536 
0.245577 0.169631 0.572017 0.009168 0.003607 
0.122894 0.037217 0.061994 0.014615 0.763280 
0.050447 0.164081 0.384185 0.045655 0.355633 
0.423788 0.109370 0.001156 0.392663 0.073022 
0.010024 0.331186 0.000236 0.311344 0.347210 
0.001988 0.018265 0.611708 0.199673 0.168367 
0.023387 0.001420 0.415268 0.413940 0.145986 
0.000218 0.337994 0.243700 0.121070 0.297018 
0.146912 0.005780 0.011158 0.832589 0.003561 
0.302226 0.227407 0.012157 0.015478 0.442732 
0.224894 0.042478 0.033608 0.683799 0.015221 
0.180950 0.564303 0.044407 0.185385 0.024956 
0.009584 0.450782 0.228717 0.251802 0.059114 
0.004573 0.409920 0.189226 0.061472 0.334810 
0.003815 0.362112 0.166077 0.458669 0.009326 
0.009333 0.233875 0.001114 0.385906 0.369772 
0.000017 0.329262 0.385920 0.245752 0.039049 
0.220937 0.643823 0.032334 0.078425 0.024481 
0.000463 0.615644 0.262411 0.022160 0.099322 
0.118158 0.180502 0.503958 0.021862 0.175520 
0.268459 0.580437 0.017743 0.124130 0.009232 
0.010839 0.443789 0.219611 0.066340 0.259422 
0.170990 0.308553 0.010368 0.083470 0.426620 
0.041201 0.591380 0.085521 0.063629 0.218269 
0.158969 0.420587 0.098713 0.189123 0.132607 
0.006883 0.087483 0.002381 0.038842 0.864412 
0.085275 0.017005 0.393786 0.110759 0.393175 
0.350669 0.451721 0.004427 0.179099 0.014084 
0.012739 0.737475 0.179558 0.001390 0.068838 
0.003841 0.637219 0.287382 0.033202 0.038355 
0.014699 0.115680 0.002206 0.168220 0.699195 
0.167726 0.028626 0.003672 0.110519 0.689456 
0.042611 0.225110 0.076394 0.343193 0.312692 
0.012989 0.011560 0.607402 0.367558 0.000491 
0.072347 0.864223 0.030575 0.020282 0.012572 
0.191338 0.072243 0.460021 0.034248 0.242150 
0.020793 0.002488 0.159143 0.035516 0.782060 
0.387300 0.257129 0.099429 0.224117 0.032024 
0.001821 0.152741 0.359735 0.089352 0.396350 
0.090669 0.074195 0.051290 0.310776 0.473070 
0.131233 0.599778 0.076444 0.068158 0.124387 
0.000592 0.027333 0.172038 0.190277 0.609760 
0.006624 0.227240 0.002593 0.134792 0.628749 
0.145629 0.064456 0.486935 0.077383 0.225597 
0.117423 0.607119 0.031235 0.201451 0.042773 
0.384412 0.338002 0.265412 0.011265 0.000909 
0.118272 0.020833 0.394853 0.428715 0.037327 
0.823741 0.007553 0.058757 0.037760 0.072189 
0.347419 0.410861 0.211420 0.027469 0.002831 
0.051624 0.473572 0.000208 0.240613 0.233983 
0.128040 0.050000 0.513577 0.091814 0.216569 
0.318067 0.026751 0.367669 0.008352 0.279162 
0.225609 0.049016 0.707819 0.016841 0.000715 
0.405019 0.051133 0.389505 0.154255 0.000088 
0.004584 0.327507 0.223802 0.205654 0.238453 
0.010406 0.195828 0.082055 0.303049 0.408662 
0.007394 0.000023 0.212071 0.623567 0.156945 
0.029091 0.034646 0.570694 0.022400 0.343169 
0.007735 0.009245 0.118652 0.388688 0.475680 
0.326126 0.271802 0.202338 0.191992 0.007743 
0.126147 0.001588 0.495187 0.138684 0.238394 
0.077881 0.411250 0.024841 0.453957 0.032071 
0.050048 0.113145 0.048142 0.405213 0.383453 
0.000296 0.022722 0.561458 0.232304 0.183221 
0.005751 0.304241 0.471450 0.050344 0.168214 
0.057026 0.276102 0.276544 0.322302 0.068025 
0.079794 0.287330 0.533875 0.018950 0.080051 
0.154850 0.472501 0.173263 0.199261 0.000125 
0.002780 0.126790 0.209425 0.062086 0.598919 
0.008383 0.059447 0.474768 0.368514 0.088888 
0.218997 0.002652 0.655398 0.055921 0.067033 
0.001635 0.235030 0.576639 0.128608 0.058087 
0.029652 0.010249 0.730986 0.228770 0.000343 
0.116172 0.038854 0.010744 0.828550 0.005680 
0.036649 0.230626 0.703086 0.026793 0.002845 
0.021255 0.168278 0.185928 0.615600 0.008940 
0.002413 0.019258 0.039389 0.842273 0.096668 
0.001659 0.265275 0.289850 0.440262 0.002954 
0.034475 0.226952 0.278732 0.443759 0.016082 
0.010446 0.127150 0.401955 0.253808 0.206642 
0.000674 0.013648 0.139235 0.707229 0.139213 
0.061250 0.580169 0.001208 0.093004 0.264370 
0.016459 0.014475 0.001713 0.965642 0.001711 
0.011084 0.047442 0.350512 0.467784 0.123178 
0.013013 0.122710 0.676345 0.092398 0.095533 
0.354510 0.092916 0.011313 0.522936 0.018324 
0.531903 0.169398 0.258274 0.031910 0.008516 
0.411194 0.359020 0.030816 0.198761 0.000208 
0.099745 0.597285 0.009233 0.181925 0.111813 
0.010559 0.653464 0.250936 0.078333 0.006708 
0.164634 0.690411 0.042188 0.012577 0.090189 
0.159367 0.181196 0.007165 0.537342 0.114930 
0.005578 0.605100 0.287254 0.101824 0.000245 
0.160473 0.486767 0.088593 0.170322 0.093844 
0.020034 0.508076 0.277917 0.176728 0.017245 
0.245108 0.505349 0.007504 0.238779 0.003261 
0.137114 0.174343 0.027876 0.554103 0.106564 
0.012604 0.222166 0.076729 0.648567 0.039934 
0.001778 0.232836 0.016235 0.089664 0.659487 
0.000080 0.291987 0.139549 0.001986 0.566399 
0.107980 0.003704 0.418589 0.073523 0.396203 
0.078458 0.097858 0.113593 0.079208 0.630883 
0.253855 0.005534 0.006957 0.413303 0.320351 
0.051521 0.138377 0.279599 0.010870 0.519633 
0.208052 0.502547 0.010714 0.239902 0.038785 
0.166619 0.222871 0.053973 0.035031 0.521507 
0.559243 0.170155 0.250233 0.003905 0.016463 
0.662779 0.091003 0.131440 0.050481 0.064296 
0.354324 0.015723 0.040458 0.305856 0.283639 
0.014866 0.022772 0.818646 0.058616 0.085100 
0.376645 0.407087 0.002047 0.197318 0.016903 
0.396848 0.021615 0.428324 0.036816 0.116397 
0.002577 0.005844 0.211946 0.304982 0.474651 
0.752227 0.050471 0.020792 0.173299 0.003211 
0.104808 0.353795 0.265201 0.275912 0.000285 
0.250529 0.134371 0.416626 0.164865 0.033608 
0.007848 0.404911 0.122343 0.377491 0.087408 
0.005651 0.228778 0.574138 0.174304 0.017129 
0.002175 0.409607 0.023197 0.344141 0.220880 
0.000000 0.081227 0.032144 0.856085 0.030544 
0.077799 0.123706 0.004120 0.486587 0.307787 
0.376398 0.011719 0.220103 0.333628 0.058152 
0.107072 0.026059 0.251555 0.612517 0.002797 
0.055676 0.054697 0.617891 0.266785 0.004950 
0.064679 0.026945 0.718927 0.168973 0.020476 
0.098739 0.047697 0.002504 0.779329 0.071732 
0.000466 0.581449 0.044090 0.373822 0.000173 
0.026737 0.380034 0.324845 0.057392 0.210993 
0.531349 0.177114 0.149165 0.024970 0.117403 
0.023473 0.406320 0.065072 0.371894 0.133240 
0.295333 0.020317 0.285943 0.386703 0.011703 
0.612068 0.072088 0.186947 0.093038 0.035859 
0.123021 0.041926 0.008800 0.580059 0.246193 
0.033631 0.768046 0.136841 0.004744 0.056737 
0.378277 0.242424 0.256375 0.005861 0.117062 
0.000011 0.479938 0.421406 0.066031 0.032614 
0.166897 0.129808 0.033574 0.626666 0.043056 
0.057944 0.688123 0.049624 0.086287 0.118023 
0.077064 0.751132 0.078136 0.084041 0.009627 
0.539585 0.047878 0.072719 0.339644 0.000174 
0.009413 0.136971 0.492731 0.344370 0.016516 
0.021887 0.109286 0.618341 0.180390 0.070096 
0.002805 0.642532 0.044610 0.288837 0.021216 
0.016642 0.001070 0.435307 0.229856 0.317125 
0.047622 0.004569 0.028078 0.831562 0.088169 
0.320543 0.274258 0.029819 0.023275 0.352105 
0.182619 0.343310 0.102041 0.009693 0.362337 
0.197040 0.168040 0.060250 0.572634 0.002035 
0.021896 0.212206 0.062318 0.685262 0.018318 
0.003242 0.128776 0.171890 0.601497 0.094595 
0.056275 0.810158 0.038044 0.000905 0.094618 
0.111129 0.259641 0.073284 0.175520 0.380426 
0.383018 0.000112 0.002937 0.495471 0.118462 
0.086390 0.197318 0.000253 0.418811 0.297227 
0.595047 0.001555 0.061750 0.340348 0.001300 
0.022159 0.410921 0.006559 0.234232 0.326129 
0.047848 0.446552 0.048069 0.030351 0.427180 
0.192754 0.375197 0.022927 0.156982 0.252141 
0.013024 0.161885 0.000615 0.823980 0.000495 
0.035411 0.306136 0.131740 0.481983 0.044730 
0.106732 0.279956 0.468119 0.119149 0.026044 
0.180753 0.770620 0.030723 0.017904 0.000000 
0.003207 0.165260 0.023346 0.648706 0.159482 
0.265307 0.611014 0.001274 0.089306 0.033099 
0.139994 0.185104 0.013487 0.022525 0.638890 
0.284786 0.324236 0.035501 0.313266 0.042211 
0.331735 0.049924 0.304066 0.185573 0.128702 
0.041765 0.007285 0.242326 0.277365 0.431259 
0.002731 0.029704 0.002062 0.700893 0.264610 
0.063690 0.065122 0.000555 0.311657 0.558975 
0.031339 0.063846 0.469421 0.065519 0.369875 
0.000049 0.000401 0.649374 0.016616 0.333560 
0.007159 0.366856 0.195925 0.001028 0.429032 
0.009950 0.003699 0.001180 0.020676 0.964495 
0.000630 0.148300 0.007182 0.230618 0.613270 
0.070009 0.154915 0.045235 0.681000 0.048841 
0.352567 0.289748 0.003873 0.000173 0.353639 
0.357788 0.024278 0.013923 0.268158 0.335852 
0.036282 0.007957 0.592445 0.190958 0.172358 
0.006528 0.236641 0.022837 0.608216 0.125777 
0.187992 0.302608 0.069606 0.415226 0.024568 
0.022771 0.007179 0.829534 0.049242 0.091275 
0.008507 0.359981 0.111972 0.405507 0.114032 
0.136167 0.367733 0.026348 0.126019 0.343733 
0.244533 0.023441 0.042846 0.078254 0.610926 
0.047375 0.113515 0.254384 0.577660 0.007065 
0.076526 0.058592 0.069733 0.000900 0.794249 
0.019260 0.288579 0.087201 0.005939 0.599021 
0.165481 0.006333 0.032158 0.265628 0.530401 
0.077151 0.280222 0.389647 0.224424 0.028557 
0.022394 0.375001 0.170528 0.420418 0.011658 
0.447581 0.026478 0.385984 0.006102 0.133855 
0.000218 0.078640 0.411597 0.477026 0.032519 
0.002095 0.015231 0.046397 0.695176 0.241101 
0.037521 0.171832 0.002191 0.354213 0.434244 
0.293127 0.499794 0.038933 0.105209 0.062936 
0.065936 0.313897 0.143099 0.393322 0.083746 
0.171508 0.102565 0.024442 0.664503 0.036981 
0.128866 0.169822 0.286443 0.068162 0.346707 
0.131620 0.342398 0.010576 0.255843 0.259562 
0.006909 0.057372 0.244392 0.588845 0.102482 
0.138180 0.048113 0.035878 0.764943 0.012887 
0.008413 0.001732 0.880971 0.008072 0.100812 
0.267601 0.324319 0.002671 0.404204 0.001205 
0.001200 0.264792 0.096081 0.636069 0.001857 
0.014751 0.215438 0.466528 0.007762 0.295521 
0.667018 0.013034 0.007309 0.224601 0.088038 
0.156576 0.042766 0.136190 0.415160 0.249307 
0.704138 0.151372 0.048634 0.053571 0.042285 
0.183198 0.486648 0.000159 0.317502 0.012493 
0.063831 0.054185 0.624249 0.020962 0.236773 
0.002482 0.022559 0.339729 0.634267 0.000964 
0.298573 0.019055 0.000215 0.669680 0.012477 
0.094472 0.001217 0.251332 0.547226 0.105753 
0.001797 0.086938 0.096429 0.765676 0.049159 
0.111206 0.098566 0.014550 0.070608 0.705070 
0.558994 0.156659 0.037315 0.005236 0.241796 
0.150186 0.626954 0.206758 0.005777 0.010326 
0.081411 0.018227 0.022010 0.546513 0.331838 
0.012152 0.005119 0.211124 0.766255 0.005350 
0.343747 0.469114 0.045216 0.000014 0.141908 
0.147680 0.200584 0.110766 0.282800 0.258170 
0.101072 0.054527 0.777498 0.046905 0.019998 
0.133566 0.015853 0.653374 0.188536 0.008672 
0.037297 0.114090 0.395427 0.304705 0.148481 
0.052660 0.083412 0.271781 0.586994 0.005154 
0.088377 0.384293 0.095206 0.023085 0.409040 
0.024471 0.009457 0.018470 0.943232 0.004370 
0.002093 0.008723 0.618884 0.357430 0.012869 
0.027344 0.017464 0.846172 0.108890 0.000130 
0.384064 0.077830 0.417224 0.087219 0.033664 
0.018837 0.554158 0.165067 0.162316 0.099622 
0.291430 0.117966 0.270700 0.110524 0.209380 
0.030434 0.423250 0.297070 0.234520 0.014726 
0.335915 0.185453 0.446240 0.007303 0.025089 
0.021506 0.058209 0.013978 0.582723 0.323585 
0.624079 0.238421 0.000338 0.091966 0.045196 
0.004355 0.213170 0.094216 0.559344 0.128915 
0.153753 0.006869 0.732760 0.012955 0.093663 
0.066180 0.228931 0.118775 0.297925 0.288189 
0.003597 0.220438 0.131134 0.059215 0.585617 
0.054358 0.302749 0.002325 0.414043 0.226525 
0.514135 0.045181 0.417003 0.014206 0.009476 
0.186576 0.479785 0.061712 0.066851 0.205076 
0.054339 0.657866 0.079622 0.015626 0.192547 
0.388560 0.468361 0.098387 0.009932 0.034760 
0.008512 0.521690 0.000804 0.048405 0.420589 
0.680746 0.136800 0.181172 0.000385 0.000897 
0.004748 0.524118 0.007488 0.061852 0.401794 
0.064708 0.007082 0.481193 0.006492 0.440525 
0.164201 0.571903 0.161926 0.012296 0.089675 
0.000035 0.537223 0.076924 0.181603 0.204215 
0.007555 0.723907 0.038010 0.011832 0.218697 
0.018542 0.099502 0.244321 0.062254 0.575380 
0.049760 0.333430 0.016645 0.192665 0.407500 
0.000344 0.064269 0.099134 0.001164 0.835089 
0.004265 0.042433 0.018666 0.259847 0.674790 
0.341893 0.001626 0.000001 0.233430 0.423051 
0.155999 0.032935 0.754598 0.042439 0.014029 
0.000459 0.006470 0.125731 0.628512 0.238828 
0.008386 0.214821 0.650338 0.120933 0.005522 
0.177843 0.034475 0.183435 0.462554 0.141694 
0.505031 0.273716 0.166119 0.011979 0.043155 
0.521390 0.192706 0.000153 0.075317 0.210434 
0.565204 0.029584 0.071556 0.329639 0.004017 
0.278208 0.246169 0.239657 0.190226 0.045740 
0.455086 0.057774 0.041245 0.424363 0.021533 
0.730461 0.079213 0.030416 0.143723 0.016188 
0.874639 0.006933 0.081489 0.036892 0.000047 
0.024722 0.200076 0.611569 0.003680 0.159953 
0.131272 0.049045 0.027605 0.682593 0.109485 
0.037199 0.098541 0.591588 0.179112 0.093560 
0.004970 0.362627 0.388909 0.032881 0.210612 
0.000031 0.054692 0.400676 0.295594 0.249007 
0.002300 0.240909 0.428225 0.094851 0.233715 
0.008384 0.222920 0.656018 0.029995 0.082683 
0.000430 0.188570 0.000109 0.804365 0.006526 
0.003279 0.148178 0.840431 0.001954 0.006158 
0.521437 0.162194 0.010252 0.165619 0.140498 
0.221779 0.036478 0.229623 0.104341 0.407779 
0.323176 0.003215 0.123329 0.004342 0.545938 
0.330617 0.005004 0.077960 0.281454 0.304964 
0.834115 0.004142 0.008542 0.150377 0.002823 
0.462604 0.010391 0.080146 0.083935 0.362924 
0.094979 0.779449 0.009399 0.104777 0.011396 
0.073039 0.276292 0.570003 0.080118 0.000549 
0.222796 0.000038 0.362090 0.407147 0.007929 
0.339783 0.056143 0.338054 0.109094 0.156926 
0.297835 0.476434 0.168702 0.055203 0.001826 
0.483111 0.278150 0.070758 0.126389 0.041591 
0.004753 0.195585 0.669350 0.073282 0.057029 
0.011606 0.406233 0.002412 0.205750 0.374000 
0.655064 0.089566 0.018277 0.223509 0.013583 
0.250055 0.057749 0.332690 0.263071 0.096434 
0.059312 0.008062 0.374101 0.557336 0.001189 
0.033674 0.105255 0.126989 0.662799 0.071283 
0.770122 0.003062 0.187957 0.038821 0.000038 
0.469344 0.000553 0.041907 0.328867 0.159328 
0.021762 0.003496 0.035390 0.914528 0.024824 
0.004727 0.131363 0.770205 0.077025 0.016679 
0.394066 0.434201 0.144507 0.009536 0.017690 
0.321589 0.130745 0.002822 0.466418 0.078426 
0.168329 0.000191 0.784253 0.016248 0.030978 
0.872304 0.089036 0.020257 0.001129 0.017275 
0.011131 0.120001 0.234527 0.179266 0.455075 
0.068023 0.398633 0.303022 0.230322 0.000000 
0.003588 0.030695 0.614437 0.299694 0.051587 
0.084770 0.000030 0.642775 0.164818 0.107607 
0.415037 0.083891 0.140473 0.360581 0.000019 
0.295858 0.179579 0.361737 0.139328 0.023498 
0.599895 0.258421 0.060277 0.072616 0.008791 
0.440754 0.012700 0.443447 0.004397 0.098702 
0.023374 0.004367 0.496693 0.157074 0.318492 
0.139929 0.067095 0.036726 0.156647 0.599602 
0.342142 0.065843 0.196955 0.390246 0.004814 
0.504390 0.047021 0.254535 0.015632 0.178422 
0.622168 0.012550 0.038761 0.003140 0.323381 
0.010742 0.238051 0.000018 0.296997 0.454192 
0.497642 0.003645 0.027079 0.308215 0.163419 
0.063280 0.166894 0.058177 0.461942 0.249708 
0.080568 0.066979 0.009819 0.266492 0.576141 
0.036950 0.058561 0.072931 0.062127 0.769431 
0.127458 0.001103 0.080258 0.047563 0.743618 
0.428349 0.056176 0.022426 0.000127 0.492923 
0.018380 0.446673 0.008528 0.058079 0.468340 
0.254069 0.003480 0.146685 0.016308 0.579457 
0.471822 0.007352 0.096465 0.167635 0.256726 
0.090131 0.026437 0.161694 0.011145 0.710592 
0.052028 0.001388 0.219804 0.019253 0.707527 
0.056064 0.103486 0.150858 0.312798 0.376793 
0.216351 0.028601 0.075804 0.109428 0.569815 
0.471262 0.390341 0.072944 0.000111 0.065343 
0.577640 0.001642 0.109276 0.006568 0.304875 
0.045163 0.052606 0.000012 0.800871 0.101348 
0.466292 0.028253 0.012339 0.058634 0.434482 
0.171586 0.198042 0.135460 0.494066 0.000846 
0.207534 0.003907 0.094689 0.667181 0.026689 
0.673924 0.021851 0.011032 0.010294 0.282899 
0.604828 0.152074 0.123840 0.000060 0.119199 
0.221303 0.018187 0.009211 0.720739 0.030559 
0.262229 0.155136 0.320054 0.196174 0.066406 
0.046625 0.091820 0.728809 0.117168 0.015578 
0.231672 0.003162 0.447197 0.315040 0.002929 
0.702091 0.004771 0.085140 0.160807 0.047192 
0.768443 0.002087 0.002027 0.214170 0.013273 
0.235373 0.050524 0.089449 0.215377 0.409277 
0.730222 0.006484 0.000001 0.171795 0.091499 
0.492331 0.038949 0.406509 0.008603 0.053608 
0.052150 0.050962 0.710753 0.093736 0.092399 
0.424388 0.003000 0.427840 0.006501 0.138272 
0.650628 0.026906 0.051059 0.217942 0.053465 
0.403873 0.137278 0.415886 0.030177 0.012786 
0.360450 0.293037 0.010201 0.231137 0.105175 
0.154316 0.363810 0.017303 0.192506 0.272065 
0.169804 0.209874 0.023559 0.005312 0.591451 
0.372973 0.015982 0.027492 0.557202 0.026352 
0.622450 0.111970 0.215005 0.016827 0.033748 
0.612607 0.050444 0.064559 0.077051 0.195340 
0.623910 0.239868 0.000406 0.134980 0.000836 
0.155600 0.086425 0.310909 0.305791 0.141275 
0.020352 0.070742 0.654420 0.122239 0.132247 
0.007786 0.052006 0.560909 0.037252 0.342046 
0.002942 0.016233 0.104613 0.526099 0.350113 
0.000024 0.129372 0.000146 0.385637 0.484821 
0.081131 0.047364 0.252809 0.147284 0.471411 
0.050323 0.564062 0.035745 0.004663 0.345207 
0.065303 0.068993 0.019808 0.602667 0.243229 
0.077207 0.004436 0.385991 0.294911 0.237457 
0.208677 0.002149 0.162382 0.125228 0.501563 
0.763139 0.150779 0.021021 0.005874 0.059187 
0.529092 0.002483 0.000248 0.000053 0.468124 
0.277129 0.096138 0.100032 0.044174 0.482526 
0.339885 0.227104 0.087413 0.012444 0.333153 
0.536890 0.207245 0.007101 0.241594 0.007170 
0.104989 0.004075 0.105926 0.069368 0.715643 
0.019744 0.383431 0.102634 0.011637 0.482553 
0.179936 0.038240 0.770039 0.000921 0.010865 
0.046788 0.334116 0.509949 0.068365 0.040782 
0.476241 0.001915 0.039012 0.482813 0.000019 
0.000473 0.430816 0.426862 0.070504 0.071344 
0.141988 0.109327 0.076457 0.649335 0.022892 
0.044987 0.314715 0.510361 0.061792 0.068146 
0.624748 0.000212 0.323604 0.005818 0.045618 
0.027119 0.048918 0.184089 0.012653 0.727221 
0.182365 0.169927 0.599565 0.044493 0.003650 
0.026992 0.226368 0.046938 0.002870 0.696831 
0.317619 0.000234 0.020612 0.521335 0.140200 
0.064268 0.432926 0.240732 0.257925 0.004149 
0.006900 0.651106 0.008352 0.142927 0.190714 
0.296390 0.661430 0.012776 0.000305 0.029099 
0.027378 0.285731 0.004151 0.527764 0.154975 
0.093201 0.153007 0.028990 0.656788 0.068013 
0.061167 0.015241 0.359376 0.489593 0.074624 
0.225081 0.002683 0.415586 0.346122 0.010528 
0.002436 0.040002 0.466171 0.283910 0.207481 
0.024986 0.117278 0.528726 0.297316 0.031694 
0.004677 0.008072 0.767085 0.178530 0.041636 
0.106758 0.045288 0.249190 0.572025 0.026740 
0.217800 0.055682 0.063510 0.430593 0.232416 
0.040566 0.224333 0.076430 0.630479 0.028193 
0.010080 0.099352 0.139458 0.634150 0.116961 
0.076787 0.445736 0.132991 0.203714 0.140772 
0.099784 0.160374 0.484617 0.155606 0.099619 
0.442866 0.117776 0.050898 0.108968 0.279492 
0.203478 0.325571 0.181451 0.001489 0.288011 
0.002500 0.819475 0.138684 0.007519 0.031821 
0.016279 0.657892 0.023429 0.178503 0.123896 
0.124528 0.021940 0.319662 0.023241 0.510628 
0.532552 0.008525 0.000956 0.418149 0.039818 
0.010101 0.000262 0.234492 0.496364 0.258782 
0.041113 0.084742 0.208764 0.001419 0.663962 
0.071662 0.262101 0.288363 0.002777 0.375097 
0.007328 0.000066 0.093075 0.886723 0.012808 
0.256548 0.065396 0.002387 0.571499 0.104171 
0.087180 0.120495 0.019289 0.496391 0.276645 
0.027554 0.288896 0.112507 0.001235 0.569808 
0.092887 0.023635 0.116570 0.302413 0.464495 
0.000547 0.176976 0.008422 0.457298 0.356757 
0.000069 0.051484 0.002041 0.352138 0.594268 
0.000225 0.060992 0.080814 0.005129 0.852840 
0.070576 0.190652 0.313155 0.151172 0.274446 
0.379259 0.019243 0.017735 0.245614 0.338149 
0.001368 0.055219 0.381053 0.458435 0.103926 
0.092231 0.000282 0.019259 0.140373 0.747855 
0.165543 0.362947 0.075357 0.340912 0.055242 
0.002821 0.215495 0.151996 0.315316 0.314372 
0.070869 0.522718 0.011121 0.281901 0.113390 
0.204662 0.526389 0.000507 0.248868 0.019574 
0.030287 0.317440 0.026798 0.055384 0.570092 
0.011570 0.517893 0.309901 0.016060 0.144576 
0.054335 0.127507 0.285716 0.503557 0.028885 
0.014129 0.001589 0.118251 0.226034 0.639997 
0.000097 0.068638 0.617392 0.286556 0.027317 
0.783841 0.000032 0.109402 0.078108 0.028616 
0.279420 0.212367 0.110078 0.061743 0.336392 
0.119712 0.375279 0.199993 0.047513 0.257503 
0.012159 0.357879 0.039990 0.483285 0.106687 
0.368192 0.319285 0.002184 0.039272 0.271066 
0.009049 0.009075 0.698096 0.000569 0.283211 
0.175095 0.022642 0.105895 0.004307 0.692061 
0.200528 0.192533 0.266771 0.338028 0.002140 
0.211833 0.497143 0.005595 0.146771 0.138658 
0.522646 0.261992 0.061162 0.070377 0.083822 
0.172028 0.007168 0.700250 0.102486 0.018068 
0.072390 0.074293 0.068684 0.450376 0.334257 
0.039887 0.145221 0.001386 0.668351 0.145155 
0.004001 0.081129 0.013093 0.867614 0.034163 
0.201718 0.100835 0.496431 0.046643 0.154372 
0.158116 0.065889 0.048286 0.539532 0.188176 
0.010008 0.173138 0.317830 0.485596 0.013427 
0.230737 0.608582 0.029825 0.109368 0.021488 
0.221805 0.113471 0.048255 0.015109 0.601360 
0.241143 0.000003 0.320807 0.121834 0.316214 
0.010577 0.426831 0.529840 0.024984 0.007769 
0.041863 0.002367 0.008860 0.034618 0.912291 
0.104795 0.224557 0.165613 0.000129 0.504906 
0.500589 0.127989 0.005571 0.004512 0.361339 
0.458293 0.000195 0.001160 0.033614 0.506738 
0.398448 0.063968 0.076031 0.216038 0.245515 
0.504890 0.147466 0.045229 0.070298 0.232117 
0.570844 0.141209 0.073991 0.116504 0.097452 
0.554126 0.105213 0.016568 0.000027 0.324067 
0.060289 0.053178 0.046414 0.743325 0.096794 
0.465216 0.283356 0.018356 0.004993 0.228078 
0.326661 0.141684 0.217925 0.312796 0.000934 
0.494428 0.230679 0.091756 0.122607 0.060530 
0.009479 0.146384 0.433348 0.345721 0.065068 
0.217096 0.342368 0.248464 0.084067 0.108005 
0.003402 0.039191 0.708031 0.245591 0.003784 
0.468084 0.000093 0.029525 0.375967 0.126331 
0.015779 0.000599 0.472151 0.374190 0.137281 
0.223029 0.101266 0.141840 0.080706 0.453159 
0.363739 0.169790 0.001912 0.310143 0.154416 
0.601515 0.038246 0.009373 0.232820 0.118046 
0.447195 0.089457 0.013303 0.109455 0.340589 
0.202152 0.442733 0.039622 0.152143 0.163349 
0.137429 0.136638 0.226084 0.004449 0.495400 
0.000065 0.693425 0.141699 0.000258 0.164553 
0.036469 0.828003 0.060303 0.030237 0.044987 
0.610635 0.034012 0.039182 0.302215 0.013956 
0.329693 0.012885 0.028929 0.066442 0.562052 
0.259703 0.513807 0.184424 0.016183 0.025883 
0.095344 0.002077 0.226847 0.557445 0.118288 
0.001730 0.064858 0.463416 0.002811 0.467185 
0.036850 0.309586 0.340626 0.031662 0.281275 
0.132810 0.505931 0.098566 0.006681 0.256012 
0.006019 0.351427 0.105413 0.023404 0.513738 
0.013924 0.264206 0.365234 0.306259 0.050377 
0.016050 0.010982 0.483420 0.018683 0.470865 
0.021164 0.135742 0.084998 0.147750 0.610347 
0.052387 0.065420 0.623485 0.247218 0.011489 
0.130450 0.352724 0.174930 0.335305 0.006592 
0.038040 0.001668 0.115473 0.089829 0.754988 
0.087269 0.056946 0.043913 0.317112 0.494760 
0.992220 0.001861 0.005368 0.000110 0.000442 
0.030311 0.556489 0.185682 0.127004 0.100514 
0.127380 0.649482 0.041661 0.181258 0.000219 
0.873855 0.037587 0.011247 0.074199 0.003112 
0.361895 0.339294 0.006665 0.093459 0.198687 
0.569293 0.172731 0.000000 0.024012 0.233964 
0.512899 0.083950 0.364211 0.024004 0.014936 
0.163661 0.545628 0.054123 0.042503 0.194086 
0.001460 0.177783 0.651147 0.096092 0.073519 
0.215130 0.002087 0.148233 0.028844 0.605706 
0.012376 0.000001 0.394037 0.173395 0.420191 
0.330926 0.075945 0.583258 0.003739 0.006133 
0.392513 0.187707 0.032807 0.192490 0.194482 
0.483958 0.000002 0.421622 0.063614 0.030804 
0.616139 0.014504 0.200810 0.061073 0.107474 
0.459753 0.078179 0.158811 0.000490 0.302767 
0.035293 0.001744 0.276474 0.309027 0.377462 
0.267816 0.073111 0.005121 0.033947 0.620005 
0.716460 0.040062 0.052616 0.012696 0.178166 
0.109638 0.194721 0.015846 0.146000 0.533796 
0.455080 0.150334 0.000556 0.176506 0.217523 
0.679546 0.081985 0.002537 0.153184 0.082749 
0.431250 0.044777 0.102457 0.096040 0.325475 
0.054373 0.013538 0.416386 0.333210 0.182494 
0.085322 0.108926 0.681368 0.101692 0.022691 
0.316187 0.088198 0.095773 0.454784 0.045058 
0.187796 0.070863 0.277970 0.407365 0.056006 
0.157896 0.009774 0.119362 0.547605 0.165363 
0.236065 0.004932 0.002959 0.728546 0.027498 
0.035041 0.036201 0.053044 0.612866 0.262848 
0.267816 0.020460 0.043923 0.593833 0.073966 
0.474091 0.136634 0.009127 0.006927 0.373221 
0.000031 0.008482 0.177160 0.000489 0.813838 
0.000762 0.724040 0.129896 0.000133 0.145169 
0.319613 0.271039 0.186363 0.154758 0.068226 
0.171351 0.434484 0.212167 0.032449 0.149550 
0.456711 0.002052 0.045559 0.001297 0.494381 
0.386912 0.048387 0.559514 0.004242 0.000946 
0.000185 0.212911 0.593489 0.021967 0.171448 
0.011417 0.186322 0.747986 0.019854 0.034420 
0.121719 0.010938 0.017490 0.727855 0.121998 
0.024020 0.094784 0.411012 0.002949 0.467236 
0.000100 0.026781 0.068796 0.055923 0.848400 
0.441292 0.265284 0.070563 0.207363 0.015498 
0.036094 0.071674 0.001806 0.714737 0.175688 
0.087647 0.065799 0.120343 0.039926 0.686286 
0.009110 0.130954 0.028253 0.059788 0.771895 
0.094295 0.019446 0.085314 0.366570 0.434374 
0.164261 0.025155 0.591492 0.014461 0.204631 
0.064694 0.012010 0.223729 0.112757 0.586811 
0.076563 0.075891 0.063311 0.191177 0.593058 
0.802709 0.000599 0.194064 0.000255 0.002374 
0.453591 0.474678 0.027300 0.001636 0.042795 
0.476566 0.310024 0.002596 0.072031 0.138782 
0.006071 0.020209 0.284905 0.162737 0.526078 
0.084217 0.286605 0.318354 0.274121 0.036703 
0.052324 0.015698 0.679977 0.186878 0.065123 
0.198763 0.268568 0.135470 0.281042 0.116157 
0.083942 0.012058 0.552236 0.001202 0.350562 
0.235378 0.062510 0.307119 0.006118 0.388875 
0.016694 0.009576 0.683602 0.049015 0.241113 
0.018010 0.050190 0.148546 0.668829 0.114425 
0.128188 0.370656 0.441814 0.056480 0.002862 
0.237662 0.016665 0.078284 0.191602 0.475787 
0.053280 0.082780 0.097710 0.074496 0.691733 
0.265147 0.000039 0.290978 0.130488 0.313348 
0.103731 0.007202 0.511953 0.019681 0.357433 
0.067093 0.001157 0.332222 0.031686 0.567842 
0.233115 0.090121 0.021182 0.300893 0.354688 
0.043547 0.180199 0.494222 0.030587 0.251445 
0.000000 0.250981 0.321687 0.000219 0.427113 
0.595576 0.390890 0.004739 0.007690 0.001105 
0.156458 0.680951 0.115946 0.034343 0.012302 
0.000596 0.468833 0.506605 0.023068 0.000898 
0.136720 0.782126 0.065892 0.005031 0.010230 
0.131453 0.492698 0.272118 0.014021 0.089710 
0.067692 0.251596 0.480615 0.079740 0.120357 
0.001548 0.069181 0.685707 0.178946 0.064619 
0.002106 0.485034 0.480460 0.004113 0.028286 
0.191564 0.681599 0.091426 0.004409 0.031001 
0.100161 0.473315 0.302397 0.122584 0.001543 
0.033947 0.289487 0.500791 0.033843 0.141932 
0.005210 0.142296 0.622002 0.113658 0.116834 
0.073081 0.483862 0.272790 0.003090 0.167177 
0.004572 0.332590 0.550328 0.005306 0.107204 
0.047511 0.137512 0.700752 0.065499 0.048726 
0.018550 0.180408 0.034267 0.643802 0.122974 
0.098631 0.402408 0.007535 0.337576 0.153850 
0.132390 0.619022 0.027676 0.103328 0.117584 
0.408071 0.192544 0.326420 0.068873 0.004092 
0.036949 0.834256 0.074704 0.004129 0.049961 
0.409630 0.480722 0.031322 0.000396 0.077931 
0.070100 0.789729 0.069091 0.063373 0.007707 
0.573605 0.331556 0.090860 0.000986 0.002992 
0.227563 0.706130 0.025050 0.023132 0.018124 
0.022892 0.850127 0.103778 0.020945 0.002257 
0.571819 0.317659 0.000252 0.070422 0.039847 
0.288026 0.468669 0.050715 0.106051 0.086539 
0.139070 0.647789 0.108480 0.062673 0.041988 
0.025746 0.820217 0.151360 0.002428 0.000249 
0.710386 0.154872 0.119394 0.014398 0.000950 
0.014437 0.546125 0.372110 0.047915 0.019413 
0.068348 0.025745 0.292114 0.501136 0.112657 
0.116174 0.000683 0.122805 0.672511 0.087826 
0.294349 0.031244 0.042997 0.567310 0.064100 
0.120562 0.041284 0.222303 0.002029 0.613823 
0.145196 0.019372 0.153066 0.428711 0.253654 
0.119008 0.023048 0.194555 0.492237 0.171151 
0.017214 0.083162 0.415133 0.319169 0.165321 
0.017978 0.038332 0.434922 0.404849 0.103921 
0.233846 0.599124 0.108071 0.058942 0.000017 
0.000329 0.022242 0.038325 0.818999 0.120105 
0.671899 0.044038 0.094977 0.088286 0.100800 
0.007393 0.003161 0.000008 0.989362 0.000075 
0.005941 0.613263 0.167253 0.054823 0.158721 
0.189702 0.031273 0.001380 0.038106 0.739539 
0.000051 0.165963 0.433717 0.159433 0.240836 
0.081923 0.625691 0.206430 0.078013 0.007943 
0.219730 0.193733 0.198448 0.344655 0.043434 
0.020250 0.125479 0.023076 0.115655 0.715540 
0.047317 0.008282 0.063259 0.000051 0.881091 
0.057097 0.000051 0.080927 0.806552 0.055373 
0.044719 0.133470 0.226426 0.000802 0.594583 
0.547092 0.000076 0.303137 0.000472 0.149223 
0.276383 0.054034 0.515297 0.000301 0.153985 
0.014511 0.947137 0.001551 0.032228 0.004574 
0.170177 0.552025 0.008444 0.250384 0.018969 
0.001275 0.541935 0.175812 0.019462 0.261516 
0.201673 0.518912 0.094255 0.142914 0.042246 
0.266119 0.424131 0.002428 0.176046 0.131276 
0.145074 0.433229 0.055514 0.002965 0.363218 
0.352614 0.101368 0.327355 0.007065 0.211597 
0.053015 0.391632 0.249627 0.082512 0.223214 
0.021167 0.545121 0.012518 0.343674 0.077520 
0.171088 0.257316 0.005090 0.288191 0.278315 
0.016001 0.428186 0.096980 0.451156 0.007677 
0.463047 0.049162 0.008498 0.475494 0.003799 
0.251150 0.078918 0.503582 0.011049 0.155301 
0.022978 0.435174 0.213218 0.209561 0.119069 
0.821769 0.000453 0.007340 0.146628 0.023810 
0.540110 0.005933 0.001694 0.375693 0.076569 
0.243217 0.560536 0.106783 0.004838 0.084626 
0.371283 0.228537 0.076526 0.308281 0.015374 
0.000672 0.724491 0.179993 0.094114 0.000730 
0.269414 0.004682 0.530571 0.054819 0.140515 
0.383561 0.471617 0.001862 0.114611 0.028348 
0.462036 0.171588 0.122246 0.076490 0.167641 
0.086574 0.525696 0.006731 0.333616 0.047383 
0.031682 0.558123 0.178559 0.229053 0.002582 
0.292198 0.348273 0.011514 0.274004 0.074011 
0.017978 0.591274 0.087862 0.099506 0.203381 
0.006171 0.722640 0.215177 0.047625 0.008387 
0.196021 0.603296 0.009740 0.009222 0.181720 
0.070922 0.100505 0.045354 0.611211 0.172008 
0.090786 0.728472 0.004576 0.060601 0.115566 
0.347368 0.442707 0.015705 0.146401 0.047819 
0.224293 0.282387 0.000554 0.438986 0.053780 
0.199010 0.062086 0.004004 0.727758 0.007142 
0.236642 0.672755 0.008286 0.003459 0.078858 
0.009374 0.058419 0.400868 0.525964 0.005376 
0.291953 0.257420 0.190090 0.022166 0.238371 
0.015647 0.047485 0.125865 0.751677 0.059326 
0.023350 0.492220 0.474218 0.003885 0.006326 
0.077568 0.093572 0.246731 0.275477 0.306652 
0.120888 0.015159 0.117614 0.352307 0.394032 
0.308740 0.022549 0.317950 0.035973 0.314788 
0.039942 0.096362 0.215436 0.175298 0.472962 
0.261223 0.067649 0.434574 0.011584 0.224969 
0.004031 0.021390 0.023637 0.035673 0.915269 
0.269954 0.288404 0.074130 0.000443 0.367069 
0.375255 0.371464 0.048165 0.181298 0.023819 
0.220692 0.385286 0.071015 0.088323 0.234685 
0.077672 0.461094 0.267353 0.008680 0.185201 
0.201309 0.326554 0.279474 0.001170 0.191493 
0.010139 0.106412 0.041013 0.678353 0.164083 
0.040013 0.000520 0.520721 0.001402 0.437344 
0.183641 0.000368 0.449684 0.012617 0.353691 
0.053150 0.001629 0.591041 0.000027 0.354153 
0.180769 0.011072 0.253805 0.084868 0.469486 
0.018450 0.141752 0.046242 0.671687 0.121869 
0.050194 0.004415 0.597989 0.340376 0.007025 
0.029259 0.015559 0.001138 0.800831 0.153213 
0.001704 0.000186 0.196395 0.696379 0.105336 
0.822396 0.047596 0.000688 0.101392 0.027928 
0.005540 0.111500 0.119104 0.503226 0.260629 
0.102638 0.514092 0.074996 0.127600 0.180674 
0.161380 0.152288 0.052448 0.569396 0.064489 
0.031221 0.209808 0.000000 0.036067 0.722905 
0.071133 0.110820 0.015513 0.365259 0.437275 
0.000154 0.229510 0.191809 0.360132 0.218395 
0.039088 0.311987 0.071670 0.272257 0.304997 
0.000001 0.272261 0.224158 0.102325 0.401255 
0.093371 0.066497 0.003317 0.107844 0.728971 
0.027751 0.114088 0.598391 0.058975 0.200795 
0.021000 0.515069 0.196747 0.224446 0.042739 
0.235357 0.081537 0.084380 0.598050 0.000676 
0.105430 0.030844 0.137872 0.660939 0.064916 
0.294835 0.622594 0.052988 0.015907 0.013676 
0.038759 0.482623 0.119433 0.292842 0.066342 
0.391824 0.271901 0.241861 0.002676 0.091738 
0.000092 0.228595 0.029868 0.581044 0.160402 
0.162095 0.625247 0.000540 0.110774 0.101344 
0.105229 0.470750 0.018595 0.000016 0.405410 
0.043336 0.032669 0.733664 0.179646 0.010685 
0.106451 0.214216 0.299986 0.377852 0.001495 
0.127326 0.601604 0.001188 0.127380 0.142502 
0.342712 0.007505 0.487179 0.057207 0.105398 
0.181896 0.109236 0.074886 0.001467 0.632514 
0.331436 0.149090 0.037940 0.041747 0.439786 
0.322678 0.563336 0.033136 0.012824 0.068026 
0.063076 0.189526 0.062814 0.043998 0.640587 
0.001318 0.175403 0.155651 0.073230 0.594397 
0.003629 0.214453 0.386299 0.091098 0.304522 
0.082346 0.070109 0.179741 0.645764 0.022041 
0.019162 0.380432 0.179137 0.002094 0.419174 
0.000319 0.102352 0.078890 0.159944 0.658496 
0.026874 0.111504 0.033631 0.100093 0.727898 
0.016133 0.007102 0.340761 0.026921 0.609084 
0.268641 0.037849 0.017548 0.012536 0.663427 
0.133687 0.059965 0.118389 0.500593 0.187365 
0.330585 0.009244 0.012948 0.436250 0.210972 
0.000632 0.232225 0.005746 0.679637 0.081761 
0.055028 0.280272 0.035393 0.396549 0.232758 
0.005010 0.399945 0.063873 0.116269 0.414903 
0.131915 0.152894 0.347839 0.036447 0.330905 
0.059392 0.392830 0.002242 0.345448 0.200088 
0.223110 0.000178 0.028938 0.159051 0.588723 
0.015416 0.097266 0.041130 0.150834 0.695353 
0.053036 0.242739 0.078077 0.488882 0.137266 
0.000239 0.000001 0.001051 0.022276 0.976432 
0.214620 0.060920 0.013090 0.705866 0.005504 
0.311859 0.204652 0.019647 0.403947 0.059895 
0.114150 0.394789 0.055984 0.049205 0.385873 
0.026084 0.168215 0.091386 0.684950 0.029365 
0.164138 0.319389 0.007579 0.157470 0.351424 
0.060711 0.570106 0.065142 0.158273 0.145768 
0.096685 0.671866 0.136749 0.090421 0.004279 
0.020723 0.355362 0.345664 0.273035 0.005216 
0.003339 0.236815 0.504588 0.009653 0.245606 
0.168353 0.082927 0.426092 0.012013 0.310615 
0.053574 0.446418 0.158773 0.013583 0.327652 
0.095945 0.200617 0.007323 0.436455 0.259660 
0.013509 0.195229 0.624587 0.056003 0.110672 
0.299401 0.434898 0.000328 0.000735 0.264639 
0.021405 0.506635 0.358907 0.010359 0.102694 
0.121088 0.195958 0.049198 0.586062 0.047695 
0.001037 0.369263 0.041985 0.302275 0.285441 
0.008853 0.065066 0.283533 0.613834 0.028714 
0.020689 0.105355 0.056804 0.201044 0.616108 
0.450199 0.399377 0.030923 0.100086 0.019415 
0.005361 0.377604 0.451461 0.118198 0.047376 
0.127773 0.577544 0.072212 0.000009 0.222462 
0.001450 0.205136 0.023204 0.030658 0.739552 
0.001074 0.332918 0.143797 0.494084 0.028127 
0.009970 0.266366 0.082108 0.398412 0.243144 
0.040795 0.184863 0.004124 0.766542 0.003676 
0.173648 0.154073 0.082016 0.009300 0.580963 
0.402959 0.046953 0.016462 0.409344 0.124281 
0.000980 0.296273 0.155603 0.047417 0.499727 
0.260856 0.168132 0.006656 0.530009 0.034347 
0.014691 0.009553 0.211251 0.590911 0.173594 
0.000333 0.005290 0.227737 0.351501 0.415139 
0.056176 0.211715 0.170073 0.049975 0.512061 
0.117936 0.119187 0.090551 0.051670 0.620656 
0.048678 0.003836 0.151797 0.297619 0.498070 
0.030487 0.257212 0.078150 0.174993 0.459159 
0.461876 0.000261 0.144716 0.092170 0.300978 
0.005234 0.261548 0.000000 0.718268 0.014951 
0.006274 0.188491 0.784196 0.017728 0.003312 
0.360131 0.001129 0.508934 0.001699 0.128108 
0.026737 0.136424 0.818661 0.000022 0.018156 
0.085845 0.143446 0.312402 0.301403 0.156904 
0.045770 0.229041 0.008312 0.180073 0.536803 
0.106290 0.477534 0.002942 0.060411 0.352822 
0.462927 0.198045 0.040850 0.248682 0.049496 
0.617837 0.174923 0.058718 0.107628 0.040894 
0.700376 0.104782 0.174439 0.007027 0.013375 
0.513969 0.087633 0.072652 0.233410 0.092335 
0.330426 0.128844 0.308340 0.218836 0.013554 
0.460773 0.216403 0.215552 0.098474 0.008799 
0.000003 0.229634 0.366017 0.001974 0.402372 
0.444128 0.001244 0.431720 0.000376 0.122532 
0.419624 0.068106 0.402960 0.060743 0.048568 
0.000742 0.240044 0.607197 0.133435 0.018583 
0.643902 0.027596 0.219234 0.014163 0.095104 
0.019634 0.210167 0.520084 0.004201 0.245915 
0.509410 0.033388 0.082247 0.197374 0.177581 
0.003176 0.244436 0.668707 0.021006 0.062675 
0.005576 0.178031 0.030862 0.376000 0.409531 
0.026666 0.063767 0.895737 0.013355 0.000475 
0.042784 0.200868 0.000521 0.747864 0.007963 
0.000317 0.023057 0.071676 0.326752 0.578197 
0.080318 0.026560 0.061565 0.203573 0.627985 
0.043904 0.229423 0.149779 0.164651 0.412243 
0.094393 0.001338 0.063978 0.311872 0.528420 
0.209726 0.162449 0.557998 0.013530 0.056297 
0.073318 0.105920 0.624830 0.096497 0.099435 
0.004683 0.047491 0.545780 0.276602 0.125444 
0.286539 0.551507 0.009563 0.111541 0.040851 
0.080291 0.715483 0.075959 0.032243 0.096023 
0.003844 0.542425 0.262357 0.016396 0.174979 
0.228143 0.438025 0.017406 0.123178 0.193247 
0.067168 0.644547 0.074272 0.138419 0.075594 
0.003289 0.514095 0.252093 0.203777 0.026746 
0.266185 0.560157 0.003956 0.156198 0.013504 
0.096386 0.639080 0.099716 0.100090 0.064729 
0.023912 0.541722 0.300984 0.039611 0.093771 
0.306946 0.580424 0.019318 0.021769 0.071543 
0.079379 0.771615 0.073197 0.058416 0.017393 
0.004652 0.614829 0.283431 0.097069 0.000019 
0.274073 0.488271 0.090070 0.144368 0.003216 
0.090694 0.569241 0.179415 0.131406 0.029243 
0.005943 0.434208 0.417925 0.049488 0.092436 
0.001347 0.034676 0.160972 0.660995 0.142011 
0.096432 0.217412 0.072450 0.400839 0.212866 
0.132265 0.481865 0.014164 0.201544 0.170162 
0.473940 0.010494 0.474904 0.040501 0.000160 
0.011696 0.850519 0.063507 0.068858 0.005418 
0.433785 0.450472 0.019788 0.087574 0.008382 
0.113209 0.658080 0.073054 0.075659 0.079998 
0.016565 0.443343 0.263222 0.060928 0.215943 
0.193048 0.589541 0.000566 0.000247 0.216599 
0.013736 0.859035 0.023985 0.004968 0.098276 
0.633427 0.187212 0.085139 0.040879 0.053343 
0.401944 0.419572 0.109256 0.067761 0.001467 
0.181794 0.579770 0.043560 0.133703 0.061172 
0.025455 0.809059 0.090307 0.070720 0.004460 
0.003640 0.566643 0.331601 0.030241 0.067874 
0.002014 0.313577 0.497844 0.108468 0.078097 
0.003459 0.159449 0.602796 0.156912 0.077384 
0.023932 0.079952 0.674550 0.205597 0.015970 
0.123954 0.013946 0.630752 0.224544 0.006804 
0.345817 0.060597 0.350823 0.185276 0.057487 
0.336963 0.273152 0.009611 0.346895 0.033379 
0.040758 0.008219 0.023119 0.859230 0.068674 
0.739823 0.001174 0.060004 0.124934 0.074064 
0.869720 0.015070 0.092399 0.017049 0.005762 
0.000460 0.270843 0.123696 0.086937 0.518064 
0.229294 0.620577 0.002794 0.039348 0.107986 
0.005543 0.399571 0.298916 0.036181 0.259789 
0.000093 0.213723 0.303285 0.200279 0.282621 
0.000128 0.117251 0.380031 0.064204 0.438388 
0.064220 0.269120 0.475121 0.000486 0.191054 
0.175253 0.295051 0.410435 0.095018 0.024243 
0.787024 0.126895 0.012847 0.003602 0.069633 
0.035360 0.091782 0.050888 0.716614 0.105355 
0.066980 0.068137 0.032075 0.367608 0.465200 
0.019854 0.113049 0.521029 0.134310 0.211758 
0.016601 0.307276 0.311545 0.332863 0.031715 
0.419207 0.075149 0.012894 0.003002 0.489748 
0.056657 0.010192 0.105304 0.760768 0.067079 
0.000005 0.006612 0.919999 0.039576 0.033809 
0.023637 0.308792 0.203632 0.266219 0.197720 
0.242812 0.311314 0.001003 0.408627 0.036244 
0.194486 0.257215 0.097141 0.246243 0.204915 
0.175127 0.573195 0.000016 0.003665 0.247997 
0.045455 0.104836 0.089010 0.473997 0.286702 
0.691824 0.088372 0.001800 0.000074 0.217929 
0.227193 0.270999 0.000522 0.120836 0.380450 
0.404206 0.097566 0.021332 0.377254 0.099641 
0.021740 0.399599 0.038670 0.206839 0.333152 
0.071085 0.774361 0.067577 0.086213 0.000764 
0.335380 0.363370 0.028749 0.250300 0.022201 
0.082370 0.544690 0.089129 0.272213 0.011599 
0.087995 0.594715 0.014983 0.206004 0.096303 
0.461987 0.155602 0.028186 0.351728 0.002498 
0.140890 0.296013 0.004175 0.533717 0.025206 
0.006731 0.569619 0.027259 0.092922 0.303469 
0.025392 0.579623 0.153545 0.082651 0.158789 
0.396321 0.403362 0.008867 0.189089 0.002361 
0.326001 0.372145 0.289658 0.005789 0.006407 
0.167898 0.275380 0.036441 0.441808 0.078473 
0.807322 0.001962 0.118679 0.022516 0.049520 
0.667124 0.055308 0.059755 0.120058 0.097754 
0.085125 0.024354 0.789027 0.014474 0.087020 
0.068582 0.415266 0.417000 0.008135 0.091017 
0.000076 0.081384 0.597476 0.272551 0.048512 
0.095310 0.365359 0.424023 0.111860 0.003448 
0.000084 0.217453 0.395003 0.214866 0.172594 
0.000199 0.000000 0.620424 0.376719 0.002657 
0.183319 0.436650 0.328469 0.051559 0.000003 
0.595402 0.012495 0.124811 0.117173 0.150119 
0.770318 0.078314 0.064881 0.004480 0.082007 
0.143307 0.324729 0.005910 0.249336 0.276719 
0.728188 0.002098 0.102096 0.096865 0.070752 
0.002608 0.049809 0.055167 0.819185 0.073231 
0.652335 0.088407 0.086987 0.078936 0.093336 
0.134977 0.389601 0.026623 0.109846 0.338953 
0.282519 0.009547 0.161865 0.546053 0.000016 
0.207612 0.138445 0.035255 0.521252 0.097436 
0.039144 0.593198 0.019172 0.157703 0.190784 
0.343310 0.285362 0.008679 0.284266 0.078383 
0.136699 0.643845 0.017176 0.093514 0.108766 
0.462040 0.126443 0.040382 0.367246 0.003889 
0.191306 0.367506 0.003905 0.335356 0.101927 
0.107029 0.108396 0.742885 0.016420 0.025269 
0.064096 0.335304 0.465804 0.123192 0.011605 
0.083050 0.590639 0.013067 0.145330 0.167913 
0.000952 0.136861 0.054772 0.021595 0.785820 
0.103373 0.201773 0.524731 0.161327 0.008796 
0.017489 0.275964 0.034857 0.343795 0.327895 
0.045054 0.562752 0.000728 0.237135 0.154331 
0.402061 0.088310 0.378564 0.035442 0.095623 
0.590102 0.184785 0.204789 0.000338 0.019985 
0.526127 0.282486 0.000009 0.111267 0.080112 
0.260668 0.372280 0.052476 0.079020 0.235555 
0.463712 0.164024 0.001931 0.317736 0.052597 
0.110485 0.005662 0.035489 0.848334 0.000031 
0.019777 0.041142 0.203833 0.561613 0.173634 
0.184767 0.085503 0.038235 0.663888 0.027608 
0.181083 0.438077 0.073258 0.258841 0.048742 
0.039494 0.108162 0.448311 0.043568 0.360466 
0.130861 0.021804 0.002948 0.834218 0.010169 
0.013569 0.058809 0.000767 0.785621 0.141234 
0.090902 0.106119 0.136529 0.664628 0.001823 
0.369598 0.077756 0.389808 0.158394 0.004444 
0.014724 0.190886 0.123399 0.314618 0.356374 
0.041377 0.329326 0.212464 0.385097 0.031736 
0.148089 0.037615 0.658723 0.125080 0.030493 
0.000000 0.735038 0.138477 0.079973 0.046512 
0.008462 0.058354 0.128621 0.774323 0.030240 
0.121919 0.312725 0.011064 0.471617 0.082675 
0.618804 0.262882 0.107537 0.006250 0.004528 
0.000108 0.444366 0.473719 0.073170 0.008637 
0.002989 0.795742 0.046393 0.108763 0.046113 
0.007570 0.052355 0.001899 0.232747 0.705429 
0.004265 0.761908 0.086511 0.089665 0.057651 
0.001935 0.028674 0.014202 0.867699 0.087491 
0.011419 0.735681 0.035724 0.114246 0.102931 
0.010481 0.079720 0.017076 0.098502 0.794221 
0.108210 0.196948 0.006643 0.422153 0.266046 
0.010188 0.427914 0.293601 0.103528 0.164769 
0.006883 0.310144 0.410438 0.154034 0.118502 
0.007396 0.251153 0.251817 0.209001 0.280633 
0.129373 0.129523 0.002796 0.258166 0.480141 
0.047320 0.463009 0.109047 0.063428 0.317197 
0.022493 0.590068 0.161208 0.036291 0.189941 
0.839582 0.079003 0.061354 0.005378 0.014683 
0.047745 0.823554 0.026563 0.006780 0.095358 
0.058992 0.070492 0.859735 0.000003 0.010778 
0.105799 0.083336 0.007264 0.780233 0.023368 
0.885382 0.016776 0.053964 0.002081 0.041797 
0.002116 0.108035 0.018662 0.097833 0.773355 
0.105066 0.389472 0.021276 0.434340 0.049846 
0.006082 0.118840 0.105839 0.004912 0.764326 
0.060631 0.063915 0.069017 0.804840 0.001597 
0.050582 0.572232 0.102020 0.010280 0.264886 
0.161559 0.710411 0.000856 0.014035 0.113139 
0.667230 0.199877 0.001084 0.002161 0.129648 
0.435334 0.011756 0.143705 0.398290 0.010914 
0.005612 0.039798 0.356818 0.004579 0.593193 
0.086909 0.003223 0.084045 0.006595 0.819228 
0.000361 0.271771 0.000012 0.000487 0.727370 
0.114160 0.097566 0.107754 0.315077 0.365444 
0.031504 0.000889 0.032190 0.088198 0.847219 
0.433952 0.001295 0.313427 0.245014 0.006313 
0.005696 0.002029 0.211596 0.316281 0.464399 
0.022054 0.271298 0.541087 0.130141 0.035420 
0.324617 0.406469 0.000385 0.000140 0.268389 
0.000188 0.518985 0.350373 0.051170 0.079284 
0.022641 0.247448 0.557493 0.028501 0.143916 
0.049684 0.038803 0.031750 0.447335 0.432427 
0.026823 0.019258 0.092142 0.846315 0.015462 
0.091266 0.018366 0.001677 0.833798 0.054893 
0.014038 0.033123 0.082533 0.689541 0.180765 
0.053462 0.016923 0.733953 0.100194 0.095467 
0.011239 0.001619 0.174077 0.750844 0.062221 
0.000031 0.117409 0.278690 0.469826 0.134045 
0.002347 0.489910 0.015037 0.160390 0.332315 
0.085377 0.597076 0.140752 0.048912 0.127883 
0.000006 0.890164 0.005777 0.011961 0.092093 
0.230415 0.027635 0.058052 0.513181 0.170717 
0.143309 0.109816 0.638938 0.000534 0.107403 
0.053201 0.247532 0.012554 0.671666 0.015047 
0.061104 0.003344 0.495860 0.056826 0.382867 
0.000503 0.630611 0.232044 0.094565 0.042277 
0.007449 0.819441 0.037667 0.123207 0.012235 
0.000642 0.613877 0.225545 0.021635 0.138300 
0.265035 0.011371 0.306846 0.400638 0.016109 
0.028948 0.530163 0.000143 0.271724 0.169021 
0.000056 0.014260 0.638908 0.121892 0.224884 
0.259471 0.217898 0.027789 0.269886 0.224956 
0.008289 0.280621 0.658386 0.039511 0.013193 
0.415738 0.171232 0.149307 0.116120 0.147603 
0.071970 0.157454 0.480963 0.280580 0.009032 
0.459813 0.383893 0.145088 0.001219 0.009988 
0.104257 0.024186 0.262280 0.607179 0.002098 
0.016350 0.390924 0.003599 0.388763 0.200365 
0.053277 0.531379 0.014964 0.194118 0.206263 
0.139442 0.002298 0.113599 0.703001 0.041660 
0.151315 0.149858 0.393215 0.213381 0.092231 
0.240894 0.313903 0.001902 0.429493 0.013809 
0.253512 0.275454 0.365667 0.104942 0.000426 
0.410740 0.059155 0.000550 0.069366 0.460189 
0.133719 0.322676 0.000110 0.357231 0.186264 
0.023449 0.076567 0.050293 0.535077 0.314614 
0.405059 0.459583 0.023023 0.112065 0.000270 
0.045053 0.165691 0.599877 0.026545 0.162835 
0.034810 0.250132 0.160040 0.140526 0.414492 
0.171706 0.457820 0.012259 0.000007 0.358207 
0.016039 0.437338 0.001712 0.541550 0.003363 
0.346466 0.176670 0.032848 0.330065 0.113951 
0.095334 0.004094 0.457591 0.003203 0.439778 
0.094549 0.080697 0.004226 0.115864 0.704663 
0.012770 0.457629 0.162703 0.000786 0.366111 
0.175159 0.578614 0.024378 0.217761 0.004087 
0.012060 0.408726 0.227028 0.214864 0.137322 
0.434318 0.198846 0.000004 0.284535 0.082297 
0.436029 0.230234 0.032562 0.148455 0.152720 
0.358044 0.193361 0.001018 0.011588 0.435989 
0.067157 0.343043 0.110120 0.212598 0.267082 
0.171810 0.142803 0.071147 0.610147 0.004093 
0.000000 0.007320 0.539666 0.452106 0.000907 
0.001288 0.076679 0.819018 0.015238 0.087777 
0.006410 0.137228 0.209797 0.000421 0.646144 
0.170291 0.005359 0.064677 0.432344 0.327329 
0.001040 0.095639 0.543856 0.005344 0.354122 
0.014504 0.212163 0.004046 0.165842 0.603445 
0.384084 0.366063 0.003024 0.066152 0.180678 
0.080216 0.046841 0.313182 0.000119 0.559642 
0.326824 0.268913 0.014598 0.018596 0.371068 
0.107584 0.289374 0.222815 0.010212 0.370014 
0.079339 0.055378 0.033148 0.749218 0.082918 
0.109088 0.214294 0.042048 0.627698 0.006873 
0.270448 0.073886 0.000484 0.643621 0.011560 
0.011814 0.168465 0.121423 0.621377 0.076920 
0.237258 0.165275 0.227727 0.333784 0.035955 
0.077757 0.135839 0.375220 0.260563 0.150621 
0.235142 0.035233 0.379822 0.108344 0.241459 
0.048644 0.088860 0.253196 0.509210 0.100090 
0.004367 0.338994 0.522678 0.120485 0.013476 
0.117438 0.302831 0.000925 0.441317 0.137489 
0.011629 0.242140 0.038239 0.531533 0.176459 
0.107283 0.154658 0.561587 0.128730 0.047742 
0.448374 0.407069 0.057368 0.086969 0.000219 
0.111035 0.032367 0.057442 0.782752 0.016404 
0.578517 0.267982 0.043340 0.026134 0.084027 
0.029943 0.072035 0.016349 0.102733 0.778939 
0.205437 0.064157 0.207882 0.324074 0.198451 
0.354281 0.030326 0.026027 0.159381 0.429985 
0.105785 0.765021 0.007824 0.089481 0.031889 
0.339087 0.191550 0.075449 0.009080 0.384834 
0.580959 0.216542 0.183220 0.008562 0.010717 
0.353090 0.368100 0.004428 0.042993 0.231388 
0.004847 0.844685 0.092653 0.055094 0.002721 
0.090001 0.891442 0.002232 0.005772 0.010552 
0.014318 0.686589 0.091400 0.016279 0.191414 
0.313392 0.089942 0.066324 0.514370 0.015972 
0.568422 0.006678 0.018238 0.406379 0.000283 
0.385880 0.287511 0.142023 0.164687 0.019899 
0.075537 0.584063 0.004566 0.128967 0.206867 
0.102706 0.362008 0.146330 0.377003 0.011952 
0.361918 0.398403 0.013393 0.035988 0.190299 
0.001217 0.561854 0.228578 0.208023 0.000328 
0.197694 0.568533 0.004562 0.002040 0.227171 
0.367080 0.439706 0.051488 0.042476 0.099250 
0.055038 0.517758 0.109748 0.048659 0.268796 
0.008317 0.696457 0.076329 0.180027 0.038869 
0.401859 0.244392 0.345863 0.006231 0.001654 
0.059440 0.766443 0.011637 0.137452 0.025029 
0.153989 0.229721 0.016634 0.024503 0.575153 
0.088009 0.320613 0.086867 0.071080 0.433432 
0.070258 0.728171 0.028425 0.089842 0.083304 
0.127081 0.084383 0.040332 0.052954 0.695249 
0.373320 0.147433 0.000913 0.002408 0.475927 
0.000085 0.175330 0.179226 0.259670 0.385689 
0.000188 0.106872 0.368753 0.003617 0.520570 
0.003515 0.224530 0.519720 0.000002 0.252233 
0.515602 0.270606 0.065173 0.148399 0.000220 
0.082736 0.000510 0.014127 0.564982 0.337646 
0.001867 0.006610 0.107465 0.080638 0.803419 
0.039935 0.040034 0.012227 0.353166 0.554638 
0.199124 0.042036 0.014680 0.235424 0.508735 
0.039061 0.000035 0.038308 0.351695 0.570900 
0.063405 0.287634 0.000753 0.320508 0.327700 
0.022954 0.000237 0.204297 0.008583 0.763929 
0.070194 0.657671 0.014704 0.039343 0.218088 
0.202712 0.427043 0.013416 0.356677 0.000152 
0.598897 0.104691 0.000488 0.291676 0.004249 
0.000035 0.737985 0.157074 0.104865 0.000041 
0.100124 0.643913 0.021971 0.075656 0.158336 
0.152128 0.003666 0.604337 0.026707 0.213163 
0.198348 0.395837 0.022220 0.031448 0.352147 
0.051123 0.530372 0.230585 0.016455 0.171465 
0.207243 0.563367 0.008704 0.026239 0.194447 
0.015423 0.254431 0.107105 0.268656 0.354386 
0.183027 0.023966 0.006017 0.755283 0.031707 
0.220838 0.199310 0.016621 0.262853 0.300378 
0.018204 0.622099 0.246466 0.081449 0.031783 
0.004557 0.481044 0.243198 0.029712 0.241489 
0.038546 0.653340 0.057430 0.237589 0.013095 
0.002257 0.364521 0.026583 0.576517 0.030122 
0.095476 0.585960 0.056078 0.246319 0.016167 
0.215090 0.341885 0.010089 0.002269 0.430667 
0.160111 0.339573 0.043961 0.115458 0.340897 
0.004153 0.326128 0.145423 0.056318 0.467978 
0.045730 0.378870 0.160745 0.386415 0.028239 
0.005851 0.019126 0.133519 0.532683 0.308821 
0.030576 0.083665 0.028887 0.592634 0.264239 
0.276145 0.001427 0.027303 0.683093 0.012032 
0.221411 0.088929 0.000343 0.291767 0.397550 
0.335789 0.264542 0.002134 0.221114 0.176421 
0.028906 0.069570 0.080922 0.780823 0.039780 
0.726539 0.200753 0.009452 0.043549 0.019707 
0.009053 0.057684 0.028480 0.268690 0.636094 
0.136885 0.000829 0.006664 0.101394 0.754228 
0.067917 0.000003 0.139467 0.723580 0.069033 
0.002941 0.026982 0.658886 0.301790 0.009400 
0.015029 0.162900 0.493513 0.265975 0.062583 
0.001872 0.287752 0.314839 0.196271 0.199267 
0.401711 0.177393 0.074665 0.248446 0.097785 
0.257079 0.039878 0.048203 0.519063 0.135778 
0.314125 0.016866 0.268197 0.400659 0.000153 
0.067455 0.103525 0.005491 0.552509 0.271021 
0.020774 0.001011 0.905704 0.064978 0.007533 
0.000101 0.168158 0.014976 0.801672 0.015093 
0.031320 0.001105 0.314266 0.103484 0.549824 
0.000131 0.557890 0.047367 0.172849 0.221763 
0.066190 0.186778 0.194254 0.009604 0.543174 
0.124834 0.000333 0.061076 0.583792 0.229964 
0.007487 0.412083 0.001974 0.152641 0.425815 
0.001003 0.210523 0.006198 0.383790 0.398487 
0.542366 0.089287 0.002554 0.193807 0.171986 
0.803052 0.031243 0.004425 0.011694 0.149586 
0.477743 0.113187 0.002344 0.161623 0.245104 
0.353066 0.094977 0.012804 0.335600 0.203553 
0.220441 0.120643 0.124667 0.202453 0.331797 
0.133205 0.135689 0.113559 0.016389 0.601158 
0.422981 0.077696 0.140364 0.356777 0.002182 
0.014809 0.081909 0.717564 0.129194 0.056524 
0.054435 0.495251 0.447326 0.000000 0.002989 
0.089561 0.119125 0.075734 0.664907 0.050673 
0.628929 0.005941 0.023773 0.229775 0.111583 
0.528254 0.114734 0.146187 0.114685 0.096140 
0.347386 0.165358 0.482442 0.000671 0.004143 
0.030195 0.430660 0.093969 0.347629 0.097546 
0.578563 0.115597 0.032389 0.041888 0.231561 
0.024304 0.438693 0.011024 0.000859 0.525120 
0.055528 0.000133 0.481453 0.458757 0.004128 
0.051095 0.057230 0.673877 0.207383 0.010415 
0.203242 0.001225 0.057960 0.334057 0.403517 
0.411683 0.558373 0.000244 0.009697 0.020002 
0.012839 0.188151 0.123811 0.404518 0.270681 
0.081649 0.753014 0.069933 0.000028 0.095375 
0.216664 0.356635 0.194977 0.150201 0.081524 
0.001632 0.478310 0.063930 0.418983 0.037145 
0.100279 0.020174 0.793622 0.014829 0.071096 
0.067859 0.724212 0.014624 0.180440 0.012865 
0.075988 0.007974 0.002325 0.714999 0.198714 
0.297653 0.161056 0.000052 0.456682 0.084557 
0.070693 0.089874 0.000093 0.816854 0.022486 
0.316545 0.171793 0.432366 0.036251 0.043046 
0.371906 0.298817 0.013094 0.077483 0.238700 
0.057984 0.453622 0.007106 0.361651 0.119637 
0.305043 0.005910 0.030891 0.622145 0.036010 
0.059545 0.021195 0.069616 0.629378 0.220266 
0.048022 0.848236 0.039831 0.017655 0.046256 
0.265962 0.418184 0.008210 0.046307 0.261336 
0.050131 0.093290 0.013695 0.180719 0.662164 
0.155638 0.315030 0.131488 0.000192 0.397652 
0.202379 0.197041 0.011189 0.068239 0.521152 
0.079700 0.000030 0.363672 0.545760 0.010838 
0.028636 0.303198 0.114293 0.545636 0.008236 
0.051691 0.546534 0.007557 0.065798 0.328420 
0.017428 0.647193 0.212500 0.038320 0.084559 
0.189517 0.013257 0.025239 0.197378 0.574609 
0.086453 0.002456 0.052196 0.840868 0.018027 
0.058061 0.347183 0.050186 0.543083 0.001488 
0.027777 0.456825 0.042526 0.136906 0.335966 
0.152037 0.153326 0.008246 0.406083 0.280308 
0.000015 0.270164 0.246531 0.297944 0.185346 
0.029061 0.113586 0.573332 0.282620 0.001401 
0.029344 0.122229 0.249176 0.566049 0.033203 
0.002498 0.282050 0.563107 0.124470 0.027874 
0.226266 0.007659 0.688774 0.053443 0.023859 
0.061210 0.054528 0.048981 0.419557 0.415724 
0.064877 0.143900 0.601348 0.123553 0.066321 
0.593853 0.210195 0.137264 0.057954 0.000733 
0.194899 0.596023 0.065086 0.041722 0.102269 
0.372088 0.475847 0.000753 0.004621 0.146692 
0.008333 0.705860 0.175915 0.020494 0.089398 
0.591130 0.232556 0.170804 0.004073 0.001439 
0.836310 0.043379 0.095268 0.025006 0.000038 
0.171016 0.800909 0.000839 0.009714 0.017522 
0.295939 0.200395 0.065823 0.328566 0.109277 
0.473905 0.293069 0.189845 0.017513 0.025668 
0.004348 0.542310 0.060698 0.391465 0.001179 
0.232436 0.463811 0.008082 0.127840 0.167831 
0.205010 0.447404 0.151283 0.136736 0.059566 
0.201713 0.613685 0.005245 0.034385 0.144972 
0.000113 0.274136 0.296997 0.115297 0.313456 
0.811410 0.181178 0.002997 0.004377 0.000037 
0.288016 0.311520 0.000800 0.122460 0.277204 
0.011161 0.505223 0.003411 0.117050 0.363155 
0.323856 0.439853 0.022779 0.014270 0.199242 
0.120128 0.208881 0.098315 0.532054 0.040623 
0.038581 0.239435 0.039326 0.660535 0.022123 
0.003379 0.704214 0.136335 0.051371 0.104701 
0.168214 0.058670 0.485899 0.021474 0.265743 
0.124102 0.002017 0.060962 0.620034 0.192885 
0.187136 0.782750 0.006329 0.001730 0.022055 
0.015731 0.447412 0.219799 0.184429 0.132629 
0.077410 0.002400 0.178220 0.310575 0.431395 
0.020134 0.051771 0.251657 0.586296 0.090141 
0.222653 0.089164 0.108207 0.339988 0.239988 
0.000616 0.436086 0.257371 0.251810 0.054117 
0.233802 0.541806 0.037664 0.000773 0.185954 
0.000954 0.546246 0.134650 0.001814 0.316336 
0.072988 0.297572 0.038732 0.001754 0.588955 
0.368348 0.074056 0.002452 0.513791 0.041353 
0.312726 0.273754 0.015831 0.175388 0.222300 
0.055348 0.476115 0.152850 0.254516 0.061171 
0.158932 0.173239 0.012100 0.467321 0.188408 
0.167447 0.622901 0.018631 0.019794 0.171227 
0.060032 0.167573 0.000015 0.092348 0.680033 
0.396172 0.440431 0.062372 0.087989 0.013036 
0.300500 0.061092 0.002913 0.629744 0.005751 
0.023150 0.511302 0.000137 0.361360 0.104051 
0.074410 0.041553 0.551605 0.148626 0.183805 
0.078054 0.003229 0.898101 0.004921 0.015695 
0.029956 0.426283 0.360883 0.028127 0.154751 
0.236248 0.581960 0.015897 0.085045 0.080849 
0.000040 0.527666 0.305627 0.002312 0.164355 
0.000428 0.075083 0.203087 0.019862 0.701541 
0.044009 0.144049 0.491586 0.026184 0.294173 
0.012663 0.064961 0.031917 0.105394 0.785065 
0.038317 0.119257 0.027439 0.004458 0.810529 
0.002044 0.064988 0.660417 0.064518 0.208033 
0.105916 0.390499 0.000060 0.373361 0.130165 
0.016574 0.430669 0.089078 0.127854 0.335825 
0.073550 0.024173 0.045963 0.006626 0.849687 
0.033732 0.135012 0.213782 0.198388 0.419087 
0.319357 0.028286 0.144911 0.431701 0.075744 
0.626250 0.146385 0.064382 0.150958 0.012025 
0.597738 0.208844 0.000381 0.048525 0.144513 
0.600608 0.012768 0.004829 0.071667 0.310127 
0.598784 0.109402 0.030497 0.019545 0.241772 
0.000000 0.033698 0.288431 0.017255 0.660616 
0.574823 0.018132 0.061929 0.304756 0.040360 
0.027303 0.873091 0.018304 0.036732 0.044570 
0.178164 0.000160 0.251876 0.526340 0.043460 
0.402725 0.042569 0.405859 0.137256 0.011592 
0.019609 0.000067 0.000384 0.017025 0.962914 
0.264470 0.007589 0.032656 0.102091 0.593194 
0.611336 0.024519 0.211204 0.125840 0.027101 
0.372211 0.000515 0.282722 0.344486 0.000066 
0.140636 0.582178 0.260252 0.012816 0.004118 
0.000882 0.122140 0.292468 0.007475 0.577034 
0.013810 0.005483 0.007361 0.228495 0.744850 
0.323969 0.288521 0.366440 0.020190 0.000879 
0.103423 0.067660 0.135308 0.636933 0.056676 
0.628294 0.342011 0.006901 0.019021 0.003772 
0.046301 0.328211 0.012755 0.467408 0.145325 
0.103132 0.411930 0.001046 0.163820 0.320071 
0.364632 0.051054 0.001046 0.582539 0.000729 
0.663585 0.172671 0.130852 0.013537 0.019355 
0.231776 0.453418 0.235480 0.076371 0.002955 
0.196898 0.326808 0.474834 0.000063 0.001397 
0.639498 0.059617 0.032128 0.049676 0.219081 
0.023062 0.259252 0.002975 0.052645 0.662067 
0.099289 0.029361 0.094342 0.710103 0.066904 
0.007097 0.739547 0.079483 0.166850 0.007023 
0.254315 0.226691 0.221052 0.048099 0.249843 
0.002251 0.235403 0.004771 0.418179 0.339397 
0.043551 0.194403 0.471832 0.181659 0.108556 
0.000558 0.128538 0.480308 0.058705 0.331892 
0.112691 0.324016 0.002690 0.192094 0.368509 
0.004946 0.006181 0.691770 0.220475 0.076628 
0.008971 0.010551 0.473304 0.037688 0.469486 
0.005842 0.731778 0.043464 0.050400 0.168516 
0.068027 0.232095 0.303232 0.357600 0.039047 
0.009120 0.241162 0.652619 0.000016 0.097084 
0.000015 0.313028 0.262792 0.349699 0.074467 
0.005660 0.215729 0.106933 0.517728 0.153950 
0.100457 0.005894 0.471762 0.406932 0.014955 
0.123112 0.020413 0.607647 0.248408 0.000419 
0.492400 0.019036 0.425120 0.061246 0.002198 
0.806122 0.037318 0.036514 0.013284 0.106761 
0.000352 0.414221 0.056606 0.433620 0.095202 
0.380819 0.279639 0.269958 0.017134 0.052450 
0.014774 0.322376 0.512108 0.071944 0.078799 
0.299725 0.092395 0.411643 0.001203 0.195034 
0.138162 0.110687 0.137452 0.006289 0.607410 
0.058302 0.448016 0.009644 0.037655 0.446383 
0.004626 0.256663 0.084540 0.615436 0.038733 
0.041144 0.276929 0.011720 0.011355 0.658852 
0.111543 0.435245 0.000027 0.007325 0.445860 
0.091328 0.094028 0.221915 0.167385 0.425344 
0.332449 0.247499 0.230919 0.082214 0.106919 
0.000040 0.153630 0.132044 0.668923 0.045363 
0.222253 0.165008 0.096058 0.502992 0.013689 
0.327064 0.222531 0.043194 0.082317 0.324895 
0.059950 0.061665 0.218957 0.028593 0.630835 
0.013829 0.004013 0.101242 0.074629 0.806286 
0.005751 0.000129 0.087957 0.846326 0.059837 
0.004163 0.106977 0.092440 0.432533 0.363886 
0.054436 0.045351 0.195251 0.562193 0.142770 
0.495760 0.007308 0.006969 0.034090 0.455874 
0.188526 0.001641 0.026275 0.135452 0.648105 
0.001168 0.125156 0.291380 0.112060 0.470235 
0.222998 0.107119 0.028785 0.068810 0.572289 
0.127532 0.066471 0.232655 0.465672 0.107670 
0.335309 0.044244 0.226160 0.307428 0.086859 
0.367751 0.115530 0.306242 0.188513 0.021964 
0.022650 0.020677 0.094368 0.371854 0.490452 
0.006845 0.469777 0.104093 0.400153 0.019132 
0.084592 0.085823 0.235303 0.556694 0.037587 
0.349553 0.179448 0.228487 0.238161 0.004350 
0.096407 0.746512 0.049478 0.004769 0.102834 
0.649413 0.133076 0.121296 0.063259 0.032957 
0.098101 0.086399 0.815181 0.000113 0.000206 
0.799027 0.041049 0.001145 0.066842 0.091936 
0.042563 0.046267 0.071680 0.724422 0.115067 
0.011134 0.309170 0.220124 0.359727 0.099845 
0.066030 0.374486 0.377246 0.163677 0.018561 
0.020674 0.035624 0.094697 0.598032 0.250974 
0.579909 0.006217 0.225583 0.124373 0.063918 
0.385700 0.006048 0.076896 0.495643 0.035713 
0.552918 0.051556 0.040018 0.339278 0.016230 
0.530373 0.002516 0.015061 0.155024 0.297026 
0.412320 0.032729 0.105008 0.280744 0.169199 
0.289553 0.005071 0.186922 0.516882 0.001571 
0.254271 0.002985 0.124532 0.460907 0.157305 
0.183330 0.003360 0.251988 0.492574 0.068748 
0.103659 0.002386 0.444679 0.423723 0.025553 
0.266883 0.047576 0.345588 0.338614 0.001339 
0.106394 0.013540 0.690742 0.188866 0.000459 
0.307038 0.002045 0.437302 0.085501 0.168114 
0.000291 0.039793 0.914355 0.042492 0.003068 
0.316282 0.032311 0.642663 0.000655 0.008089 
0.643489 0.001037 0.245181 0.110292 0.000000 
0.153781 0.007084 0.233710 0.597483 0.007942 
0.028005 0.762821 0.107512 0.060960 0.040702 
0.015318 0.169126 0.588450 0.002434 0.224671 
0.149452 0.203893 0.032998 0.512055 0.101602 
0.476485 0.370088 0.149202 0.002027 0.002198 
0.666644 0.265238 0.001197 0.061397 0.005524 
0.009540 0.739118 0.078767 0.093062 0.079513 
0.157908 0.124575 0.422551 0.294216 0.000750 
0.537608 0.081589 0.193723 0.095895 0.091185 
0.760946 0.007859 0.168705 0.058888 0.003602 
0.024228 0.018304 0.488699 0.032769 0.435999 
0.808450 0.102501 0.017293 0.031228 0.040529 
0.223969 0.090236 0.470165 0.006437 0.209194 
0.311024 0.082689 0.069673 0.323570 0.213044 
0.025163 0.026488 0.441306 0.142322 0.364721 
0.006330 0.060244 0.412391 0.463307 0.057728 
0.005358 0.733147 0.252259 0.006446 0.002790 
0.337310 0.260470 0.000338 0.401835 0.000047 
0.070718 0.756894 0.054524 0.117119 0.000745 
0.029087 0.029215 0.492287 0.337655 0.111756 
0.314202 0.309538 0.108965 0.168587 0.098708 
0.137716 0.421361 0.265141 0.049641 0.126142 
0.334591 0.104702 0.003066 0.442148 0.115493 
0.711470 0.079989 0.029687 0.168874 0.009979 
0.809289 0.067013 0.007219 0.000621 0.115858 
0.015419 0.177944 0.260965 0.362973 0.182699 
0.000446 0.842809 0.060545 0.066320 0.029880 
0.277856 0.303982 0.151654 0.105004 0.161504 
0.637740 0.075560 0.000830 0.124096 0.161775 
0.147472 0.020477 0.027468 0.247036 0.557546 
0.365460 0.271999 0.001581 0.010489 0.350470 
0.359834 0.095005 0.069568 0.008511 0.467082 
0.096287 0.620833 0.041762 0.003968 0.237150 
0.514832 0.099016 0.154343 0.176016 0.055793 
0.095104 0.123184 0.356808 0.204918 0.219987 
0.259156 0.610743 0.015727 0.012341 0.102033 
0.013711 0.816300 0.152625 0.011114 0.006249 
0.132790 0.061822 0.558898 0.220352 0.026138 
0.010490 0.086341 0.239949 0.619550 0.043670 
0.006069 0.458246 0.184614 0.229562 0.121509 
0.671601 0.023876 0.023128 0.261556 0.019839 
0.412382 0.000947 0.067406 0.488596 0.030668 
0.001394 0.232904 0.001359 0.000832 0.763511 
0.088429 0.638375 0.023108 0.096868 0.153219 
0.085101 0.065042 0.014325 0.768366 0.067165 
0.012184 0.313419 0.029823 0.267358 0.377216 
0.032388 0.300394 0.035500 0.456973 0.174745 
0.136712 0.029375 0.157146 0.493122 0.183645 
0.025373 0.104566 0.007063 0.195053 0.667946 
0.006632 0.188758 0.000003 0.206849 0.597759 
0.061271 0.429193 0.010597 0.433624 0.065315 
0.018957 0.002411 0.127846 0.035959 0.814826 
0.242896 0.050020 0.449696 0.001992 0.255397 
0.007833 0.235053 0.207540 0.055880 0.493693 
0.011904 0.868123 0.000090 0.107712 0.012172 
0.082399 0.112796 0.632384 0.138666 0.033754 
0.002470 0.871308 0.091380 0.020846 0.013996 
0.013872 0.025699 0.084417 0.647485 0.228528 
0.267373 0.182037 0.100460 0.014974 0.435155 
0.000287 0.262171 0.467395 0.002115 0.268031 
0.138676 0.283038 0.020355 0.057148 0.500783 
0.016704 0.090872 0.262313 0.625071 0.005040 
0.084198 0.051229 0.075976 0.053172 0.735426 
0.000208 0.533824 0.170318 0.045739 0.249911 
0.353613 0.020111 0.037889 0.307144 0.281242 
0.028330 0.072854 0.375394 0.442207 0.081215 
0.004520 0.059999 0.002410 0.331605 0.601466 
0.030713 0.168968 0.013986 0.134773 0.651559 
0.031450 0.043523 0.479550 0.026650 0.418827 
0.141596 0.044567 0.000965 0.585917 0.226956 
0.000037 0.849023 0.050346 0.058514 0.042080 
0.007020 0.012769 0.220569 0.092555 0.667087 
0.149012 0.045401 0.268470 0.010575 0.526541 
0.241959 0.014095 0.370319 0.373293 0.000334 
0.002918 0.015843 0.157818 0.631039 0.192382 
0.203109 0.545737 0.095710 0.051162 0.104282 
0.035750 0.754042 0.185573 0.010113 0.014522 
0.027423 0.777056 0.051671 0.112027 0.031823 
0.090322 0.227958 0.116637 0.006455 0.558628 
0.134202 0.039889 0.281412 0.082255 0.462241 
0.000001 0.002207 0.044444 0.115375 0.837973 
0.053674 0.272324 0.331853 0.333568 0.008581 
0.375292 0.404098 0.203634 0.001348 0.015628 
0.038481 0.315924 0.583786 0.048385 0.013424 
0.552706 0.250616 0.122569 0.004340 0.069768 
0.000580 0.157274 0.497892 0.190256 0.153998 
0.265260 0.135276 0.514281 0.000125 0.085058 
0.485414 0.138388 0.340840 0.023744 0.011614 
0.159396 0.002855 0.783213 0.032168 0.022369 
0.034457 0.000129 0.546985 0.001971 0.416457 
0.360588 0.542522 0.004811 0.078607 0.013473 
0.057519 0.101643 0.069478 0.736449 0.034910 
0.170469 0.026491 0.187838 0.335333 0.279869 
0.556660 0.020754 0.011170 0.384806 0.026611 
0.000841 0.471526 0.124899 0.238758 0.163975 
0.203065 0.019066 0.116103 0.641464 0.020302 
0.000016 0.000153 0.533826 0.297362 0.168643 
0.001013 0.440874 0.000160 0.085209 0.472744 
0.027704 0.285251 0.001902 0.526942 0.158200 
0.003717 0.604233 0.000960 0.152870 0.238220 
0.036357 0.320665 0.031800 0.255825 0.355353 
0.122354 0.118820 0.056334 0.441568 0.260924 
0.207232 0.047916 0.112787 0.625249 0.006815 
0.018517 0.108457 0.091026 0.238305 0.543695 
0.000344 0.415282 0.040742 0.467952 0.075680 
0.193494 0.114337 0.586735 0.027736 0.077698 
0.082166 0.000349 0.281190 0.171907 0.464387 
0.012404 0.686541 0.291850 0.008082 0.001122 
0.023513 0.004891 0.632530 0.271383 0.067683 
0.209085 0.168911 0.000166 0.000575 0.621263 
0.353333 0.133715 0.153376 0.155607 0.203968 
0.081959 0.533441 0.065329 0.038353 0.280918 
0.159273 0.111551 0.299689 0.302836 0.126651 
0.219957 0.316175 0.112637 0.300657 0.050573 
0.039455 0.421784 0.010010 0.258165 0.270586 
0.249788 0.015841 0.284761 0.078068 0.371542 
0.574754 0.013260 0.066014 0.063460 0.282512 
0.618291 0.269335 0.005625 0.071945 0.034804 
0.209438 0.597682 0.015496 0.177218 0.000165 
0.007632 0.238017 0.659709 0.060794 0.033849 
0.106635 0.284261 0.018480 0.111572 0.479053 
0.311396 0.022462 0.096820 0.053400 0.515922 
0.002905 0.002009 0.152627 0.105150 0.737309 
0.087203 0.055441 0.799952 0.041193 0.016211 
0.754159 0.079915 0.042532 0.008395 0.114998 
0.059067 0.036441 0.896301 0.008162 0.000030 
0.418494 0.474074 0.096802 0.000336 0.010294 
0.516133 0.164633 0.081635 0.047118 0.190481 
0.552047 0.412329 0.000381 0.000011 0.035232 
0.868146 0.101597 0.019042 0.005310 0.005905 
0.324394 0.396902 0.020712 0.005943 0.252049 
0.365385 0.174091 0.396939 0.007298 0.056287 
0.136952 0.008930 0.095729 0.755188 0.003202 
0.693016 0.018833 0.036537 0.175503 0.076111 
0.052080 0.064697 0.119812 0.003061 0.760350 
0.354183 0.003789 0.026713 0.365789 0.249524 
0.251828 0.132249 0.083634 0.000117 0.532172 
0.101169 0.145939 0.002837 0.672785 0.077270 
0.528954 0.012045 0.019674 0.200977 0.238350 
0.286001 0.060328 0.000001 0.155105 0.498565 
0.229942 0.013820 0.393763 0.106355 0.256120 
0.510918 0.203317 0.241125 0.044403 0.000237 
0.062611 0.084554 0.031351 0.097851 0.723633 
0.158475 0.022309 0.238987 0.013921 0.566308 
0.003718 0.507087 0.000336 0.481274 0.007585 
0.002847 0.089998 0.405483 0.020175 0.481496 
0.098562 0.562544 0.121502 0.207629 0.009763 
0.062124 0.021619 0.256355 0.658113 0.001789 
0.229370 0.416354 0.239512 0.102874 0.011890 
0.283260 0.052462 0.032182 0.358373 0.273723 
0.109845 0.415789 0.467312 0.001902 0.005153 
0.158235 0.003206 0.092197 0.670728 0.075634 
0.004487 0.095417 0.000592 0.381646 0.517857 
0.104796 0.070984 0.021823 0.036317 0.766079 
0.023637 0.169264 0.000017 0.480370 0.326712 
0.062433 0.638975 0.229635 0.067390 0.001568 
0.020138 0.766525 0.180851 0.008942 0.023544 
0.249768 0.199001 0.000913 0.034986 0.515333 
0.494417 0.004027 0.323503 0.169953 0.008099 
0.207839 0.002019 0.034038 0.594530 0.161573 
0.000088 0.102055 0.856106 0.028922 0.012829 
0.077138 0.023047 0.659457 0.200859 0.039499 
0.317609 0.311167 0.203382 0.017136 0.150706 
0.741165 0.018168 0.007126 0.025026 0.208515 
0.259803 0.011913 0.031656 0.591440 0.105187 
0.101192 0.503106 0.017986 0.018295 0.359421 
0.001270 0.025995 0.150431 0.772241 0.050063 
0.130694 0.000687 0.005403 0.841306 0.021909 
0.103137 0.214141 0.115222 0.560138 0.007363 
0.255700 0.090610 0.003454 0.403518 0.246717 
0.077441 0.001653 0.707939 0.120684 0.092284 
0.246598 0.006984 0.623619 0.113894 0.008904 
0.713683 0.004715 0.001200 0.257279 0.023123 
0.017627 0.010070 0.232994 0.134761 0.604548 
0.000382 0.242079 0.002324 0.585828 0.169387 
0.018727 0.029457 0.077139 0.687834 0.186842 
0.000658 0.289294 0.074587 0.426672 0.208788 
0.044591 0.000118 0.220994 0.351557 0.382739 
0.165844 0.388613 0.086028 0.346525 0.012991 
0.179892 0.177220 0.545599 0.094014 0.003275 
0.445193 0.005607 0.001018 0.370348 0.177833 
0.001216 0.227806 0.028329 0.604924 0.137724 
0.006492 0.252033 0.354332 0.039693 0.347450 
0.217245 0.032193 0.015202 0.074098 0.661263 
0.230787 0.246280 0.001199 0.406670 0.115064 
0.244338 0.233905 0.004917 0.229683 0.287157 
0.108363 0.443904 0.033587 0.302725 0.111421 
0.629575 0.000077 0.000053 0.369278 0.001017 
0.029704 0.113408 0.051686 0.022744 0.782457 
0.004851 0.547539 0.114393 0.333147 0.000070 
0.001924 0.042592 0.595565 0.143335 0.216584 
0.006326 0.040310 0.380076 0.003734 0.569555 
0.244408 0.161297 0.209877 0.377760 0.006658 
0.358121 0.108089 0.004032 0.508148 0.021611 
0.119904 0.089109 0.010986 0.779838 0.000163 
0.490064 0.107278 0.253589 0.001054 0.148015 
0.005176 0.000017 0.099748 0.119716 0.775343 
0.093454 0.283111 0.021475 0.583869 0.018091 
0.418527 0.167651 0.110370 0.227691 0.075761 
0.033015 0.010219 0.316686 0.544477 0.095604 
0.594249 0.030948 0.322629 0.004736 0.047439 
0.067201 0.545763 0.016277 0.034650 0.336109 
0.196387 0.019133 0.004621 0.013889 0.765969 
0.412649 0.015285 0.014548 0.509830 0.047688 
0.009287 0.503023 0.117549 0.002591 0.367550 
0.000083 0.004069 0.751138 0.038364 0.206346 
0.024970 0.070664 0.002604 0.362182 0.539580 
0.029076 0.569052 0.263677 0.137479 0.000717 
0.011584 0.070081 0.068228 0.008024 0.842083 
0.138747 0.022706 0.127874 0.032000 0.678673 
0.362652 0.066583 0.553261 0.013091 0.004413 
0.150507 0.359564 0.403447 0.067332 0.019150 
0.012524 0.674097 0.025254 0.238026 0.050099 
0.465682 0.148482 0.049095 0.251447 0.085294 
0.126260 0.008829 0.109550 0.697522 0.057838 
0.603336 0.013708 0.199947 0.152192 0.030818 
0.010340 0.014183 0.399740 0.568316 0.007421 
0.564215 0.007323 0.359543 0.013437 0.055482 
0.060062 0.103829 0.104628 0.003824 0.727656 
0.000000 0.516720 0.005061 0.009218 0.469000 
0.306589 0.013766 0.037227 0.453248 0.189170 
0.110207 0.041840 0.637982 0.159401 0.050570 
0.085596 0.703357 0.000656 0.037894 0.172498 
0.202048 0.000000 0.718280 0.003207 0.076464 
0.184013 0.199089 0.245938 0.002416 0.368545 
0.118831 0.000662 0.011369 0.008943 0.860195 
0.029995 0.008975 0.033171 0.464337 0.463522 
0.022432 0.193146 0.571430 0.010908 0.202085 
0.142902 0.307781 0.282482 0.215592 0.051244 
0.054666 0.219360 0.685410 0.008337 0.032226 
0.003219 0.052692 0.824932 0.004954 0.114203 
0.256646 0.000000 0.049467 0.642526 0.051361 
0.579523 0.001784 0.026345 0.306135 0.086213 
0.733469 0.068405 0.011847 0.008173 0.178107 
0.000204 0.135868 0.022103 0.121786 0.720038 
0.471966 0.014184 0.023603 0.010610 0.479636 
0.363957 0.106713 0.318699 0.189373 0.021258 
0.035263 0.009585 0.205096 0.317189 0.432866 
0.196494 0.197292 0.000000 0.056166 0.550048 
0.013910 0.590013 0.002203 0.041190 0.352684 
0.001511 0.412604 0.001874 0.050692 0.533319 
0.006914 0.091593 0.000086 0.777575 0.123832 
0.245354 0.013429 0.327964 0.413057 0.000195 
0.437672 0.053258 0.003508 0.079231 0.426331 
0.009819 0.054278 0.032308 0.016825 0.886769 
0.003979 0.018019 0.152900 0.011660 0.813442 
0.077898 0.000780 0.012540 0.210572 0.698209 
0.118011 0.173856 0.458574 0.249353 0.000206 
0.057412 0.005114 0.649644 0.048598 0.239231 
0.000146 0.033470 0.400700 0.118101 0.447583 
0.103990 0.118580 0.238759 0.030451 0.508220 
0.000316 0.243775 0.262744 0.115955 0.377210 
0.841439 0.001292 0.010363 0.139059 0.007847 
0.440658 0.090932 0.000422 0.073714 0.394274 
0.587974 0.094774 0.139832 0.124568 0.052852 
0.442311 0.307657 0.106293 0.006472 0.137266 
0.195188 0.522005 0.255958 0.000352 0.026497 
0.304434 0.343799 0.021945 0.002378 0.327444 
0.590405 0.005990 0.049830 0.151217 0.202558 
0.417668 0.022161 0.000748 0.150905 0.408518 
0.606491 0.046805 0.000319 0.331599 0.014785 
0.639029 0.003620 0.031596 0.057237 0.268518 
0.001724 0.260512 0.170668 0.087962 0.479134 
0.464033 0.017239 0.124295 0.224357 0.170076 
0.010050 0.264797 0.083113 0.009476 0.632563 
0.014592 0.512988 0.345924 0.004112 0.122383 
0.011493 0.512616 0.027351 0.013743 0.434797 
0.130146 0.324958 0.194149 0.350709 0.000038 
0.011382 0.070038 0.238538 0.006206 0.673836 
0.821652 0.017071 0.035721 0.015548 0.110007 
0.021977 0.037773 0.038052 0.900752 0.001446 
0.084008 0.016266 0.035705 0.863927 0.000094 
0.001657 0.000022 0.258438 0.736381 0.003501 
0.064920 0.032263 0.315109 0.567247 0.020462 
0.656598 0.000004 0.311926 0.022842 0.008630 
0.072471 0.351482 0.024130 0.005042 0.546876 
0.174938 0.078601 0.018142 0.007090 0.721228 
0.199098 0.001947 0.213893 0.117970 0.467093 
0.107351 0.088703 0.478802 0.311188 0.013955 
0.031037 0.076495 0.003644 0.186461 0.702362 
0.008448 0.695344 0.003408 0.116840 0.175961 
0.028957 0.004891 0.958978 0.000002 0.007172 
0.003661 0.512688 0.212523 0.196511 0.074617 
0.192982 0.098076 0.680643 0.019660 0.008639 
0.025627 0.077385 0.487064 0.254403 0.155520 
0.439756 0.103697 0.001867 0.449743 0.004936 
0.385880 0.083152 0.212266 0.011853 0.306849 
0.000027 0.142901 0.106876 0.020163 0.730033 
0.040408 0.037718 0.039819 0.037468 0.844586 
0.036244 0.377686 0.047140 0.001418 0.537512 
0.066078 0.476227 0.005555 0.151201 0.300939 
0.435671 0.044734 0.001137 0.374310 0.144147 
0.188091 0.182980 0.057541 0.380376 0.191012 
0.572991 0.029766 0.170309 0.058411 0.168523 
0.160762 0.018647 0.021572 0.776573 0.022447 
0.647678 0.002239 0.281179 0.014814 0.054091 
0.609154 0.015754 0.001934 0.355693 0.017465 
0.510812 0.037054 0.250375 0.037002 0.164757 
0.385284 0.116120 0.188485 0.005122 0.304990 
0.013002 0.068224 0.119969 0.793059 0.005746 
0.040553 0.406451 0.068168 0.030391 0.454437 
0.105983 0.239163 0.141423 0.038176 0.475256 
0.749390 0.028683 0.142304 0.079485 0.000139 
0.006916 0.968500 0.007827 0.004113 0.012644 
0.012831 0.830131 0.027736 0.114677 0.014625 
0.232851 0.647709 0.052643 0.025095 0.041703 
0.043235 0.669609 0.153561 0.065883 0.067712 
0.568322 0.361998 0.022233 0.028497 0.018950 
0.400845 0.510763 0.002160 0.071823 0.014409 
0.167165 0.597947 0.032922 0.119717 0.082249 
0.041931 0.300869 0.278926 0.175182 0.203092 
0.112468 0.590857 0.003470 0.037031 0.256174 
0.006826 0.742280 0.080357 0.021653 0.148883 
0.445474 0.281420 0.000045 0.132790 0.140271 
0.282349 0.580401 0.011116 0.090938 0.035196 
0.073704 0.814497 0.055336 0.001947 0.054515 
0.045206 0.499566 0.247986 0.079223 0.128019 
0.287055 0.492849 0.000026 0.154543 0.065527 
0.084360 0.748025 0.025053 0.142516 0.000046 
0.064267 0.019130 0.610619 0.115761 0.190222 
0.260522 0.073387 0.369182 0.173253 0.123656 
0.471970 0.212199 0.153839 0.141620 0.020372 
0.001107 0.841656 0.131268 0.008192 0.017778 
0.192120 0.017843 0.502573 0.054298 0.233166 
0.000702 0.509383 0.005727 0.209690 0.274498 
0.085802 0.519077 0.102418 0.081164 0.211539 
0.031156 0.001015 0.008327 0.959458 0.000043 
0.215658 0.018874 0.047168 0.192410 0.525889 
0.268968 0.002514 0.273352 0.000170 0.454996 
0.008323 0.058571 0.679924 0.000825 0.252358 
0.003387 0.021480 0.839790 0.081934 0.053409 
0.001821 0.603907 0.329939 0.010267 0.054065 
0.045886 0.037054 0.069083 0.753739 0.094238 
0.818625 0.000245 0.082702 0.021917 0.076511 
0.228063 0.299245 0.000359 0.466021 0.006312 
0.003240 0.264426 0.183010 0.449081 0.100243 
0.093239 0.706663 0.053119 0.056797 0.090183 
0.248540 0.405594 0.002927 0.342843 0.000097 
0.062866 0.465494 0.019464 0.378386 0.073790 
0.010295 0.035981 0.881540 0.063285 0.008899 
0.090015 0.117847 0.226554 0.079750 0.485834 
0.001053 0.044775 0.485159 0.261021 0.207992 
0.047562 0.399724 0.507871 0.028492 0.016351 
0.030222 0.117376 0.131717 0.720670 0.000016 
0.015799 0.298535 0.475024 0.003501 0.207142 
0.026821 0.396394 0.209967 0.017964 0.348853 
0.126727 0.527176 0.094845 0.158683 0.092569 
0.002179 0.417551 0.074833 0.076087 0.429350 
0.431639 0.235757 0.047865 0.191516 0.093224 
0.536347 0.061224 0.000106 0.169759 0.232564 
0.278742 0.511751 0.001017 0.051058 0.157432 
0.152716 0.793071 0.000005 0.054073 0.000135 
0.497870 0.113195 0.000407 0.160689 0.227839 
0.022579 0.099967 0.011267 0.074982 0.791206 
0.064627 0.370585 0.291420 0.039802 0.233566 
0.270257 0.463587 0.087472 0.000000 0.178683 
0.319856 0.077036 0.028772 0.574037 0.000299 
0.169223 0.593318 0.032889 0.180949 0.023621 
0.003524 0.391655 0.316319 0.106803 0.181699 
0.052934 0.571085 0.118569 0.002408 0.255004 
0.166441 0.414955 0.012348 0.009991 0.396266 
0.052275 0.452558 0.278482 0.000164 0.216520 
0.113822 0.791203 0.053065 0.038630 0.003279 
0.017899 0.615083 0.209809 0.038192 0.119016 
0.065622 0.517533 0.166227 0.025050 0.225568 
0.762806 0.066195 0.010541 0.035954 0.124502 
0.048182 0.545833 0.006348 0.049133 0.350505 
0.697332 0.170937 0.025038 0.036142 0.070551 
0.235582 0.390578 0.007129 0.272685 0.094027 
0.017548 0.486289 0.369475 0.038395 0.088293 
0.067299 0.584831 0.099694 0.008450 0.239726 
0.189558 0.575624 0.008875 0.010109 0.215834 
0.026565 0.271288 0.229804 0.301114 0.171230 
0.000027 0.265045 0.171338 0.007210 0.556380 
0.318587 0.072970 0.278236 0.030288 0.299919 
0.007787 0.418603 0.015949 0.165610 0.392052 
0.058488 0.322058 0.035372 0.025591 0.558491 
0.046474 0.455220 0.130902 0.167292 0.200112 
0.228876 0.300885 0.006218 0.052945 0.411076 
0.733575 0.172480 0.013429 0.076211 0.004305 
0.111640 0.214613 0.416574 0.046571 0.210602 
0.371313 0.022047 0.108570 0.446635 0.051435 
0.066328 0.040861 0.030994 0.838213 0.023604 
0.008407 0.247287 0.101918 0.269166 0.373222 
0.017146 0.075764 0.021574 0.849231 0.036285 
0.056882 0.131783 0.172631 0.602720 0.035984 
0.097554 0.001529 0.039431 0.131653 0.729833 
0.222308 0.099105 0.000704 0.042839 0.635045 
0.172655 0.117468 0.005213 0.700821 0.003843 
0.022614 0.000553 0.935991 0.015704 0.025138 
0.063947 0.261698 0.001634 0.599811 0.072909 
0.046468 0.034237 0.000866 0.917778 0.000650 
0.018572 0.092350 0.044062 0.766285 0.078730 
0.000996 0.323937 0.220249 0.006721 0.448096 
0.130494 0.647963 0.006854 0.211463 0.003226 
0.149358 0.422328 0.040036 0.322052 0.066225 
0.263709 0.064518 0.408565 0.019790 0.243417 
0.122301 0.674468 0.010900 0.005996 0.186335 
0.025445 0.543103 0.103083 0.105084 0.223285 
0.137497 0.316014 0.126888 0.015042 0.404559 
0.080987 0.060886 0.112572 0.016268 0.729286 
0.394223 0.196587 0.402668 0.001481 0.005041 
0.013420 0.111573 0.345182 0.108524 0.421301 
0.000277 0.040851 0.144100 0.104052 0.710720 
0.073480 0.002591 0.055893 0.414649 0.453387 
0.001820 0.452769 0.038145 0.064115 0.443151 
0.018765 0.008028 0.192616 0.264038 0.516553 
0.005547 0.000564 0.289180 0.002619 0.702090 
0.714500 0.046918 0.040775 0.169341 0.028467 
0.020103 0.481926 0.391977 0.104081 0.001913 
0.294325 0.134213 0.020447 0.307376 0.243638 
0.031619 0.508361 0.001994 0.222735 0.235291 
0.641930 0.008639 0.159526 0.149986 0.039919 
0.679975 0.061649 0.029779 0.051694 0.176904 
0.324196 0.345332 0.164073 0.113958 0.052440 
0.325834 0.009453 0.123868 0.535831 0.005013 
0.532938 0.171546 0.206010 0.014426 0.075080 
0.056548 0.001935 0.444341 0.496934 0.000242 
0.680866 0.000015 0.003012 0.000332 0.315775 
0.130938 0.440298 0.009837 0.360733 0.058194 
0.019433 0.066360 0.661232 0.130453 0.122521 
0.004491 0.402577 0.377327 0.104782 0.110823 
0.000470 0.200911 0.425973 0.331016 0.041630 
0.601288 0.164101 0.010089 0.144241 0.080281 
0.559261 0.351926 0.049461 0.031954 0.007397 
0.001824 0.266342 0.042122 0.537266 0.152445 
0.006569 0.015002 0.331143 0.643725 0.003562 
0.007150 0.416266 0.178270 0.231256 0.167058 
0.240059 0.024442 0.012910 0.039076 0.683514 
0.035434 0.221457 0.074324 0.196193 0.472592 
0.349447 0.015936 0.043526 0.531107 0.059983 
0.017986 0.326925 0.634202 0.009491 0.011397 
0.175627 0.118483 0.039324 0.094110 0.572456 
0.401495 0.167756 0.064285 0.009109 0.357355 
0.222174 0.276404 0.027264 0.031981 0.442178 
0.135829 0.011116 0.058817 0.783212 0.011026 
0.013147 0.020472 0.287761 0.654024 0.024596 
0.103199 0.201691 0.021958 0.099708 0.573443 
0.383886 0.387691 0.009577 0.001268 0.217579 
0.106325 0.000094 0.144761 0.745120 0.003700 
0.013151 0.347561 0.009229 0.015167 0.614893 
0.415769 0.100492 0.047934 0.435583 0.000222 
0.103564 0.086411 0.289932 0.343726 0.176367 
0.139575 0.019045 0.114891 0.094908 0.631581 
0.005979 0.120095 0.359232 0.297433 0.217261 
0.331579 0.194250 0.196907 0.000016 0.277248 
0.000713 0.175121 0.296943 0.451327 0.075896 
0.303077 0.527462 0.000465 0.137633 0.031363 
0.148304 0.000224 0.570723 0.258748 0.022002 
0.008035 0.357866 0.312174 0.000051 0.321873 
0.141263 0.051277 0.196396 0.597909 0.013154 
0.022276 0.000013 0.621445 0.229461 0.126805 
0.014364 0.260025 0.595993 0.019146 0.110471 
0.069576 0.163470 0.058709 0.563369 0.144877 
0.121359 0.016083 0.634377 0.046240 0.181940 
0.061731 0.087228 0.025503 0.819227 0.006311 
0.197927 0.003211 0.000615 0.759374 0.038873 
0.014305 0.022638 0.611721 0.016920 0.334416 
0.051547 0.369068 0.107379 0.191860 0.280145 
0.152084 0.004112 0.384729 0.265028 0.194047 
0.005738 0.448478 0.167419 0.003922 0.374444 
0.384014 0.114477 0.201530 0.228515 0.071463 
0.211739 0.003387 0.728664 0.010040 0.046170 
0.044427 0.084822 0.148769 0.695992 0.025991 
0.069797 0.008679 0.575020 0.016955 0.329549 
0.161011 0.198944 0.004971 0.390613 0.244461 
0.023077 0.256508 0.277779 0.157424 0.285213 
0.091985 0.375237 0.100873 0.245650 0.186256 
0.052265 0.340146 0.071676 0.002589 0.533324 
0.089949 0.444838 0.004659 0.427655 0.032898 
0.057609 0.140391 0.348123 0.000422 0.453454 
0.071394 0.255966 0.004165 0.059055 0.609420 
0.205587 0.284042 0.272644 0.174141 0.063586 
0.179263 0.117329 0.466326 0.005329 0.231753 
0.001641 0.016725 0.237273 0.701394 0.042966 
0.052876 0.293550 0.281934 0.113993 0.257647 
0.361757 0.021727 0.190781 0.002208 0.423526 
0.587900 0.191230 0.131525 0.089304 0.000041 
0.442175 0.053265 0.383752 0.000677 0.120130 
0.000375 0.000630 0.347996 0.208375 0.442624 
0.045385 0.226547 0.005123 0.559217 0.163728 
0.005680 0.108272 0.030526 0.520562 0.334961 
0.055119 0.166786 0.464401 0.129616 0.184078 
0.109039 0.534277 0.051050 0.149430 0.156204 
0.190499 0.053747 0.000107 0.191477 0.564170 
0.133090 0.167275 0.000040 0.070667 0.628928 
0.034246 0.283258 0.000792 0.384910 0.296794 
0.121471 0.006683 0.004227 0.626778 0.240841 
0.020424 0.152875 0.391924 0.108245 0.326532 
0.073186 0.061518 0.612569 0.043252 0.209475 
0.225773 0.190903 0.043226 0.525305 0.014793 
0.014556 0.352798 0.041283 0.540839 0.050524 
0.096272 0.222536 0.147615 0.518963 0.014614 
0.183895 0.342600 0.023997 0.314378 0.135130 
0.139865 0.052774 0.354493 0.445527 0.007342 
0.087493 0.656564 0.078764 0.163459 0.013720 
0.007988 0.651621 0.087717 0.012971 0.239703 
0.087530 0.009962 0.049636 0.311645 0.541227 
0.022879 0.648533 0.000010 0.001340 0.327238 
0.223372 0.014123 0.000491 0.214826 0.547187 
0.101460 0.739455 0.000131 0.149322 0.009631 
0.271318 0.264517 0.000079 0.285270 0.178815 
0.009106 0.488144 0.101050 0.105278 0.296421 
0.038494 0.561551 0.060857 0.318619 0.020478 
0.042344 0.146173 0.142938 0.648503 0.020042 
0.157363 0.005707 0.085391 0.724397 0.027142 
0.040294 0.021993 0.033759 0.200434 0.703520 
0.095383 0.013675 0.074492 0.493181 0.323269 
0.013484 0.098131 0.066869 0.041704 0.779812 
0.030920 0.043625 0.310012 0.001114 0.614329 
0.011017 0.004466 0.134821 0.698749 0.150947 
0.116768 0.097331 0.005024 0.435855 0.345022 
0.498408 0.084823 0.001086 0.097292 0.318390 
0.261152 0.055697 0.001411 0.297966 0.383774 
0.006232 0.345456 0.263315 0.182140 0.202856 
0.131311 0.149297 0.211217 0.022768 0.485407 
0.023039 0.075997 0.097915 0.612778 0.190272 
0.010153 0.117459 0.001737 0.717669 0.152982 
0.002411 0.101280 0.007758 0.430820 0.457732 
0.029165 0.106950 0.001126 0.730916 0.131842 
