1 2 35 45 59 
1 2 35 45 59 
1 2 3 45 59 
1 2 3 4 59 
1 2 3 4 59 
2 3 4 59 178 
2 3 4 116 178 
2 3 4 59 178 
2 3 4 5 178 
2 3 4 5 178 
2 3 4 5 59 
3 4 5 59 183 
4 5 44 59 183 
4 5 6 59 183 
4 5 6 44 183 
5 6 44 180 183 
5 6 7 8 180 
6 7 8 173 180 
6 7 8 113 173 
6 7 8 113 140 
7 8 9 57 139 
8 9 57 71 139 
8 9 57 71 139 
8 9 10 71 139 
9 10 57 71 139 
9 10 70 71 142 
9 10 11 70 142 
10 11 12 70 142 
10 11 12 70 142 
11 12 55 142 155 
11 12 13 130 155 
12 13 63 130 155 
12 13 14 37 130 
13 14 37 130 143 
13 14 15 37 143 
14 15 16 37 143 
14 15 16 112 143 
14 15 16 37 143 
14 15 16 17 37 
14 15 16 17 37 
15 16 17 37 58 
16 17 18 37 58 
16 17 18 48 58 
16 17 18 48 58 
17 18 19 48 49 
17 18 19 48 49 
18 19 20 48 49 
18 19 20 49 51 
19 20 21 49 51 
19 20 21 49 51 
19 20 21 22 51 
20 21 22 46 51 
20 21 22 40 46 
21 22 23 40 46 
21 22 23 40 46 
21 22 23 24 40 
22 23 24 40 106 
22 23 24 40 106 
22 23 24 40 106 
23 24 40 106 118 
23 24 25 40 118 
24 25 40 118 151 
24 25 26 118 151 
25 26 53 147 151 
25 26 27 53 147 
26 27 28 53 147 
26 27 28 72 147 
27 28 72 147 172 
27 28 29 60 172 
27 28 29 60 172 
28 29 30 60 172 
28 29 30 135 146 
29 30 56 135 146 
29 30 50 56 146 
30 31 50 56 146 
30 31 50 93 146 
30 31 32 87 93 
31 32 50 87 98 
31 32 50 87 98 
32 33 47 50 98 
32 33 47 50 102 
32 33 47 61 102 
32 33 34 61 102 
32 33 34 61 102 
33 34 35 61 102 
33 34 35 61 102 
33 34 35 61 97 
34 35 61 97 104 
34 35 61 97 104 
33 34 35 61 97 
1 34 35 61 97 
1 34 35 61 97 
1 34 35 45 61 
1 2 35 45 61 
14 15 16 37 143 
36 67 68 79 80 
13 14 37 58 63 
38 44 45 74 81 
2 4 44 45 59 
2 3 4 5 59 
39 46 53 66 77 
22 24 25 40 66 
22 23 24 40 106 
41 47 64 69 86 
33 34 35 47 61 
33 34 35 61 97 
42 48 55 58 67 
43 49 62 73 79 
14 15 16 37 58 
13 14 15 16 37 
16 17 37 58 63 
5 38 44 59 75 
1 2 38 45 86 
1 2 3 45 59 
2 3 4 5 59 
2 3 4 59 178 
2 3 4 59 178 
1 2 3 4 59 
21 39 46 62 66 
22 23 24 40 66 
22 23 24 40 106 
21 22 40 46 66 
41 47 50 61 64 
33 34 35 47 61 
1 34 35 41 61 
33 34 35 61 97 
33 34 35 61 97 
33 34 35 61 97 
33 34 35 47 61 
33 34 35 61 97 
1 33 34 35 61 
33 34 35 61 102 
18 42 48 49 58 
19 43 48 49 51 
14 15 16 17 37 
14 16 17 37 58 
16 17 37 48 58 
5 6 44 59 75 
1 2 35 45 59 
1 2 3 45 59 
1 2 3 45 59 
1 2 3 45 59 
2 3 4 5 59 
2 4 5 44 59 
2 3 4 5 59 
2 3 4 59 178 
1 2 3 4 59 
20 21 22 46 51 
22 23 24 40 66 
22 23 24 40 66 
32 33 47 50 61 
32 47 50 56 64 
33 34 35 61 102 
33 34 35 47 61 
1 34 35 41 61 
1 34 35 47 61 
1 35 41 45 61 
1 35 41 45 61 
33 34 35 61 102 
17 18 48 49 58 
18 19 20 49 51 
19 20 49 51 62 
16 17 37 48 58 
4 5 6 44 75 
6 8 44 57 75 
1 2 35 45 59 
4 5 44 59 183 
2 3 4 5 59 
1 2 4 45 59 
1 2 38 45 59 
1 2 44 45 59 
20 21 22 46 51 
21 22 40 46 66 
20 21 22 46 51 
32 33 47 50 61 
32 33 47 50 61 
31 32 33 47 50 
1 35 41 45 61 
17 18 19 48 58 
17 18 19 48 49 
16 17 18 48 58 
18 19 20 49 51 
18 19 20 49 51 
5 6 7 44 75 
1 2 35 45 59 
1 2 35 41 45 
1 2 35 41 45 
4 5 6 44 59 
2 4 5 44 59 
2 3 4 44 59 
2 4 5 44 59 
5 6 44 59 75 
5 6 7 75 180 
5 6 7 8 75 
1 2 35 41 45 
2 4 5 44 59 
4 5 6 44 59 
2 4 5 44 59 
5 6 44 59 75 
4 5 44 59 75 
5 6 44 59 75 
6 44 57 59 75 
5 6 44 59 75 
5 6 44 59 75 
2 38 44 45 59 
5 6 44 57 75 
2 5 38 44 59 
6 7 8 44 75 
6 7 8 57 75 
5 6 44 57 75 
38 44 45 59 75 
2 38 44 45 59 
6 7 8 113 180 
38 44 45 59 74 
2 4 5 44 59 
2 38 44 45 59 
38 44 45 59 75 
52 68 70 71 80 
12 13 14 37 63 
26 39 53 66 72 
54 60 65 82 84 
23 24 25 40 66 
12 55 63 68 70 
14 15 16 37 63 
13 14 37 58 63 
13 14 15 16 37 
13 14 37 63 130 
12 13 14 37 63 
13 14 15 37 63 
23 24 25 40 106 
23 24 25 40 118 
22 23 24 25 40 
16 17 37 58 63 
16 17 37 58 63 
16 17 37 48 58 
22 23 24 40 66 
21 22 40 46 66 
21 22 40 46 66 
21 22 23 40 46 
30 50 56 64 65 
30 31 47 50 56 
33 34 35 47 61 
9 57 71 74 75 
1 2 38 45 59 
1 2 3 45 59 
21 22 40 46 66 
20 21 46 51 62 
32 33 47 61 102 
32 33 47 50 61 
32 33 34 47 61 
32 47 50 61 64 
17 18 19 48 49 
18 19 48 49 51 
17 18 19 48 49 
17 18 19 48 49 
18 19 48 49 51 
17 18 42 48 58 
17 42 48 58 63 
17 18 42 48 58 
42 48 49 58 73 
17 37 42 48 58 
17 18 42 48 58 
37 42 48 58 63 
16 17 37 48 58 
37 42 48 58 63 
19 20 43 49 51 
19 20 49 51 62 
19 20 21 49 51 
19 20 21 49 51 
19 20 21 46 51 
20 21 46 51 62 
6 7 8 57 75 
6 7 8 57 75 
6 8 44 57 75 
6 7 8 57 75 
2 4 5 44 59 
2 4 44 45 59 
2 38 44 45 59 
9 10 52 70 71 
25 26 27 53 66 
26 27 53 72 82 
28 29 54 60 72 
24 25 26 40 66 
11 12 55 63 70 
13 14 15 37 143 
22 23 24 40 66 
29 30 50 56 146 
30 31 50 56 146 
30 31 32 50 87 
29 30 50 56 146 
33 34 35 47 61 
33 34 35 47 61 
33 34 35 47 61 
8 9 57 71 75 
7 8 9 57 75 
7 8 9 57 75 
1 2 38 45 59 
1 2 38 45 59 
1 2 35 45 59 
21 46 51 62 66 
21 22 40 46 66 
39 40 46 53 66 
20 21 46 51 62 
39 43 46 51 62 
32 33 47 50 61 
32 33 47 50 61 
32 33 47 50 64 
41 47 50 56 64 
32 47 50 56 64 
30 31 32 47 50 
30 31 32 47 50 
42 48 55 58 63 
13 37 42 58 63 
14 16 37 58 63 
16 17 37 58 63 
19 20 21 46 51 
20 21 46 51 62 
9 10 52 70 71 
10 11 52 70 71 
25 26 27 53 147 
25 26 27 53 72 
26 27 28 60 72 
27 28 29 60 72 
28 29 30 56 60 
23 24 25 40 118 
24 25 26 40 118 
24 25 26 40 53 
24 25 40 53 66 
11 12 13 55 63 
11 12 13 55 63 
12 13 14 37 63 
10 11 12 55 70 
11 12 13 55 63 
13 37 55 58 63 
13 14 37 58 63 
12 13 37 63 130 
11 12 13 55 63 
10 11 12 55 70 
12 13 14 37 63 
12 13 37 55 63 
11 12 13 55 63 
12 42 55 63 68 
12 55 63 68 70 
13 14 37 58 63 
12 37 55 58 63 
42 55 58 63 67 
12 42 55 58 63 
37 42 55 58 63 
42 55 63 67 68 
10 11 55 68 70 
13 37 42 58 63 
11 12 55 68 70 
29 30 50 56 146 
29 30 56 60 146 
30 47 50 56 64 
30 31 50 56 146 
8 9 57 71 139 
8 9 10 57 71 
8 9 57 71 75 
8 9 57 71 75 
1 2 45 59 86 
38 44 45 59 86 
2 38 44 45 59 
2 38 44 45 59 
1 2 38 45 59 
39 40 46 62 66 
21 22 40 46 66 
39 46 62 66 77 
39 40 46 62 66 
39 46 51 62 66 
43 46 49 51 62 
32 41 47 50 64 
32 47 50 56 64 
47 50 56 64 65 
32 47 50 56 64 
47 50 56 64 65 
41 47 50 56 64 
30 47 50 56 64 
41 47 64 65 69 
30 50 56 64 65 
30 47 50 56 64 
41 47 50 64 65 
30 50 56 64 65 
29 30 50 56 64 
54 56 64 65 69 
29 30 50 56 64 
50 56 64 65 69 
47 50 56 64 65 
41 50 56 64 65 
50 56 60 64 65 
41 50 56 64 65 
41 56 64 65 69 
30 50 56 64 65 
30 31 32 50 56 
42 48 58 63 67 
9 10 70 71 142 
9 10 11 70 71 
25 26 27 53 147 
26 27 28 53 72 
26 27 39 53 72 
26 27 28 72 147 
27 28 29 60 72 
27 28 29 60 172 
28 29 56 60 172 
25 26 40 53 66 
23 24 25 40 66 
39 40 46 53 66 
39 40 46 53 66 
22 24 40 46 66 
39 40 46 53 66 
39 40 46 53 66 
39 40 46 53 66 
10 11 12 70 142 
10 11 55 68 70 
10 11 70 71 142 
42 55 58 63 67 
42 48 55 58 63 
36 42 67 68 73 
42 55 63 67 68 
42 55 67 68 73 
36 42 55 67 68 
42 55 58 67 73 
42 55 67 68 70 
42 55 67 68 73 
42 55 67 68 70 
36 52 68 70 80 
11 55 67 68 70 
52 55 67 68 70 
52 55 67 68 70 
36 52 67 68 80 
36 55 67 68 70 
36 55 67 68 73 
42 55 67 68 73 
36 52 67 68 80 
36 52 68 80 83 
36 52 68 70 80 
52 68 70 71 80 
10 52 68 70 71 
52 55 68 70 80 
52 68 70 71 80 
37 42 48 58 63 
42 55 63 67 68 
11 12 55 68 70 
28 29 30 56 146 
29 30 50 56 60 
28 29 30 56 60 
8 9 57 71 139 
9 10 57 71 139 
8 9 57 71 75 
8 9 57 71 75 
39 46 51 62 66 
20 21 46 51 62 
30 32 47 50 56 
41 47 50 61 64 
41 47 50 61 64 
41 47 50 64 65 
54 56 64 65 69 
50 56 64 65 69 
65 69 81 84 86 
9 10 52 70 71 
10 11 52 70 71 
10 52 68 70 71 
52 57 70 71 80 
10 52 68 70 71 
26 27 28 53 72 
26 27 28 53 72 
25 26 39 53 72 
25 26 27 53 72 
39 53 72 77 82 
27 28 29 60 172 
27 28 29 60 72 
28 29 30 60 172 
28 29 54 56 60 
25 26 40 53 66 
25 26 40 53 66 
25 26 40 53 66 
26 39 40 53 66 
39 40 46 53 66 
24 25 40 53 66 
22 24 40 46 66 
10 11 55 68 70 
10 11 52 68 70 
10 52 55 68 70 
10 52 68 70 71 
10 11 55 68 70 
42 43 48 67 73 
11 12 55 68 70 
52 55 67 68 70 
29 30 50 56 60 
29 50 56 60 65 
28 29 30 56 60 
28 29 30 56 60 
9 10 52 57 71 
9 52 57 71 74 
9 52 57 70 71 
9 52 57 70 71 
9 10 52 57 71 
8 9 57 71 75 
50 56 64 65 69 
54 60 65 69 84 
41 64 65 69 86 
26 27 39 53 72 
26 27 39 53 72 
39 53 66 72 77 
27 28 29 60 72 
28 29 54 60 72 
54 60 72 77 82 
27 28 29 60 72 
27 28 60 72 82 
27 28 60 72 82 
53 60 72 77 82 
28 29 56 60 72 
29 54 56 60 82 
36 42 67 68 73 
42 48 58 67 73 
36 43 67 73 79 
42 48 58 67 73 
36 67 68 73 79 
36 42 67 68 73 
36 42 67 73 79 
43 49 67 73 79 
36 43 67 73 79 
36 43 67 73 79 
42 43 49 67 73 
42 48 49 67 73 
42 48 49 58 73 
18 19 42 48 49 
18 43 48 49 51 
43 49 51 62 73 
42 43 48 49 73 
43 48 49 51 73 
29 30 56 60 65 
29 54 56 60 65 
29 54 56 60 65 
54 56 60 64 65 
29 30 50 56 60 
9 52 57 71 74 
38 57 74 83 85 
57 71 74 75 83 
52 57 71 74 75 
52 57 71 74 83 
52 57 71 74 83 
52 57 71 74 83 
52 57 71 74 83 
52 71 74 80 83 
52 57 71 74 83 
57 71 74 75 83 
38 44 57 74 75 
38 44 57 74 75 
44 57 71 74 75 
52 57 71 80 83 
38 44 59 74 75 
38 44 59 74 75 
38 44 59 74 75 
38 44 57 74 75 
38 44 74 75 81 
44 57 71 74 75 
8 44 57 71 75 
38 44 59 74 75 
44 57 71 74 75 
8 57 71 74 75 
8 44 57 74 75 
44 57 71 74 75 
8 44 57 74 75 
6 8 44 57 75 
9 10 52 57 71 
54 56 65 69 84 
41 56 64 65 69 
26 39 53 66 72 
39 53 72 77 82 
39 53 66 72 77 
39 53 66 72 77 
39 46 53 66 77 
39 53 72 77 82 
39 53 72 77 82 
39 46 62 66 77 
76 77 78 79 82 
39 76 77 79 82 
39 72 76 77 82 
28 54 60 72 82 
28 54 60 72 82 
28 54 60 72 82 
28 54 60 72 82 
28 54 60 72 82 
28 54 56 60 82 
27 53 72 77 82 
36 67 68 73 79 
36 73 76 78 79 
36 67 73 76 79 
36 43 67 73 79 
36 73 78 79 80 
36 73 76 78 79 
76 78 80 84 85 
36 76 78 79 80 
36 76 78 80 83 
36 76 78 79 80 
36 67 68 73 80 
36 67 68 73 79 
18 42 48 49 58 
42 43 48 49 73 
43 49 62 73 79 
42 43 48 49 73 
42 43 48 49 73 
42 43 48 49 73 
52 70 71 80 83 
52 68 71 80 83 
38 44 57 74 75 
38 57 74 75 83 
38 74 81 83 85 
38 44 57 74 75 
38 57 74 81 83 
38 44 45 59 74 
38 44 57 74 75 
54 65 69 84 85 
54 64 65 69 84 
54 64 65 69 84 
54 56 60 65 84 
54 56 60 65 82 
54 60 65 82 84 
54 56 60 65 82 
39 53 72 77 82 
54 72 76 77 82 
39 43 62 77 79 
39 46 62 66 77 
39 53 62 66 77 
36 43 62 73 79 
43 49 62 73 79 
36 43 67 73 79 
36 43 67 73 79 
36 43 73 76 79 
36 43 73 76 79 
43 62 73 77 79 
36 76 77 78 79 
43 62 73 76 79 
43 49 62 73 79 
43 73 76 77 79 
36 73 76 78 79 
43 62 76 77 79 
43 62 76 77 79 
76 78 79 80 84 
36 67 78 79 80 
36 52 78 80 83 
36 52 67 68 80 
36 52 68 80 83 
36 52 78 80 83 
36 67 68 78 80 
36 67 68 73 80 
36 52 78 80 83 
36 76 78 79 80 
36 76 78 80 84 
36 55 67 68 73 
52 70 71 80 83 
52 68 71 80 83 
52 71 74 80 83 
38 44 45 74 81 
38 44 74 75 81 
38 69 81 85 86 
38 74 81 85 86 
38 45 74 81 86 
38 74 81 85 86 
38 44 59 74 75 
38 44 57 74 75 
54 56 60 64 65 
54 56 60 65 84 
54 60 65 82 84 
54 60 65 82 84 
54 60 65 82 84 
39 53 72 77 82 
39 53 72 77 82 
54 60 72 77 82 
54 72 76 77 82 
39 72 76 77 82 
54 60 72 77 82 
54 76 77 78 82 
39 72 76 77 82 
54 72 76 77 82 
54 72 76 77 82 
76 77 78 79 82 
54 60 76 77 82 
54 60 72 77 82 
54 60 72 77 82 
76 77 78 79 82 
54 60 72 77 82 
43 76 77 78 79 
39 76 77 79 82 
39 76 77 79 82 
39 43 62 77 82 
39 76 77 79 82 
39 43 46 62 77 
39 43 62 77 79 
43 51 62 73 79 
39 43 46 51 62 
39 46 62 66 77 
39 43 46 51 62 
43 49 67 73 79 
36 76 78 79 84 
36 76 77 78 79 
76 78 79 80 84 
36 52 68 80 83 
36 52 68 80 83 
52 74 80 83 85 
52 74 80 83 85 
36 78 80 83 85 
36 52 80 83 85 
36 52 80 83 85 
52 74 80 83 85 
74 80 81 83 85 
52 74 80 83 85 
52 74 80 83 85 
38 74 81 83 85 
36 78 80 83 85 
78 80 83 84 85 
78 80 83 84 85 
36 78 80 84 85 
76 78 80 84 85 
52 71 74 80 83 
74 80 81 83 85 
74 78 80 83 85 
78 80 83 84 85 
78 80 83 84 85 
54 69 78 84 85 
74 80 81 83 85 
74 80 81 83 85 
74 81 83 84 85 
74 80 81 83 85 
69 78 81 84 85 
78 80 81 83 85 
78 81 83 84 85 
38 74 81 83 85 
78 80 83 84 85 
54 76 78 84 85 
78 81 83 84 85 
69 81 84 85 86 
38 74 81 83 85 
76 78 80 84 85 
76 78 79 84 85 
69 81 83 84 85 
54 76 78 82 84 
54 76 78 84 85 
69 78 81 84 85 
38 69 81 85 86 
76 77 78 82 84 
54 76 78 82 84 
54 76 78 82 84 
65 69 81 84 85 
69 81 84 85 86 
38 74 81 83 85 
54 76 78 82 84 
69 81 84 85 86 
69 81 84 85 86 
69 81 84 85 86 
38 74 81 85 86 
69 78 81 84 85 
69 78 81 84 85 
65 69 78 84 85 
38 74 81 83 85 
69 78 81 84 85 
54 65 69 84 85 
65 69 81 84 86 
54 65 69 78 84 
54 60 65 69 84 
64 65 69 84 86 
54 65 69 78 84 
54 65 69 78 84 
54 65 69 82 84 
54 65 78 82 84 
36 52 67 68 80 
52 71 74 80 83 
54 60 65 82 84 
54 60 72 77 82 
39 62 76 77 79 
43 62 73 77 79 
43 49 51 62 73 
43 49 51 62 73 
19 43 49 51 62 
38 74 81 83 85 
38 57 74 83 85 
74 80 81 83 85 
52 78 80 83 85 
78 80 83 84 85 
54 76 77 82 84 
54 60 76 82 84 
54 76 78 82 84 
54 76 78 82 84 
54 76 78 82 84 
65 69 81 85 86 
65 69 81 84 86 
43 49 51 62 73 
43 46 49 51 62 
43 49 51 62 73 
43 46 49 51 62 
33 34 35 47 61 
1 35 41 47 61 
1 35 41 45 61 
1 35 41 47 61 
35 41 47 61 64 
1 34 35 41 61 
33 35 41 47 61 
33 41 47 61 64 
35 41 47 61 64 
33 34 35 47 61 
33 35 41 47 61 
41 47 61 64 86 
35 41 47 61 64 
35 41 47 61 64 
41 47 61 64 86 
41 47 50 61 64 
41 47 50 61 64 
41 47 64 69 86 
41 47 50 61 64 
33 41 47 61 64 
41 64 69 81 86 
41 65 69 81 86 
41 47 64 65 69 
41 64 65 69 86 
41 47 64 69 86 
41 47 64 69 86 
41 64 69 81 86 
1 38 41 45 86 
41 45 64 69 86 
41 45 64 69 86 
38 45 69 81 86 
38 45 69 81 86 
38 45 74 81 86 
41 45 64 69 86 
1 35 41 45 86 
1 35 41 45 61 
1 35 41 45 86 
1 35 41 45 86 
1 35 41 45 86 
1 2 35 45 86 
1 38 41 45 86 
1 35 41 45 86 
41 45 64 69 86 
38 41 45 81 86 
35 41 45 64 86 
1 35 41 45 61 
1 35 41 45 61 
1 2 35 41 45 
1 2 45 59 86 
1 38 45 81 86 
1 38 45 59 86 
1 38 41 45 86 
38 41 45 81 86 
41 45 69 81 86 
1 35 41 45 61 
1 38 41 45 86 
41 45 69 81 86 
38 45 69 81 86 
38 45 69 81 86 
38 69 81 85 86 
41 45 69 81 86 
38 45 69 81 86 
38 44 45 59 86 
38 45 59 81 86 
38 45 59 81 86 
39 43 46 51 62 
41 64 65 69 86 
41 56 64 65 69 
41 64 65 69 86 
41 64 69 81 86 
41 64 69 81 86 
41 65 69 81 86 
41 64 65 69 86 
52 57 71 74 83 
39 40 46 53 66 
28 29 54 56 60 
38 41 45 81 86 
38 41 45 81 86 
38 41 45 81 86 
38 45 69 81 86 
38 69 81 85 86 
38 69 81 85 86 
31 87 93 98 100 
31 87 88 98 100 
31 87 88 98 100 
87 88 89 98 100 
87 88 89 90 98 
87 88 89 90 98 
87 88 89 90 98 
88 89 90 91 98 
89 90 91 98 103 
89 90 91 103 105 
89 90 91 92 103 
89 90 91 92 103 
90 91 92 99 103 
90 91 92 100 103 
88 91 92 100 103 
87 88 91 92 100 
87 88 89 92 100 
87 88 89 92 100 
31 87 93 100 146 
31 93 94 100 171 
93 94 101 134 171 
93 94 95 101 134 
94 95 101 104 134 
94 95 96 101 104 
94 95 96 104 136 
95 96 97 104 136 
95 96 97 104 136 
95 96 97 104 136 
95 96 97 104 136 
96 97 117 127 136 
95 96 97 104 117 
34 95 96 97 104 
34 35 96 97 104 
34 35 96 97 104 
34 96 97 102 104 
34 95 96 97 104 
34 95 96 97 104 
34 95 96 97 104 
34 95 96 97 104 
87 88 89 98 100 
32 87 89 98 105 
99 101 102 103 105 
87 88 93 100 101 
33 34 97 102 104 
95 96 97 101 104 
34 95 96 97 104 
95 96 97 104 136 
31 32 87 98 105 
32 98 99 102 105 
94 95 99 100 101 
33 34 99 102 105 
31 87 93 94 100 
34 61 97 102 104 
34 96 97 102 104 
33 34 61 97 102 
33 34 61 102 104 
94 95 96 101 104 
95 96 97 104 136 
31 32 50 87 98 
31 87 88 89 98 
31 32 87 88 98 
31 87 88 89 98 
31 32 87 98 105 
32 33 98 102 105 
93 94 95 101 104 
33 34 61 102 105 
31 87 93 94 100 
31 93 94 100 101 
34 35 61 97 104 
34 35 61 97 104 
33 34 61 97 102 
33 34 61 102 104 
94 95 96 104 136 
31 32 87 88 98 
32 33 61 102 105 
32 33 98 102 105 
32 33 61 102 105 
93 94 95 101 104 
94 95 96 101 104 
32 33 34 61 102 
31 93 94 100 101 
93 94 95 100 101 
33 34 99 102 104 
32 33 34 61 102 
94 95 96 101 104 
33 34 61 102 104 
33 34 99 102 104 
87 88 89 98 100 
87 88 89 98 105 
89 90 98 103 105 
90 91 99 103 105 
88 92 100 101 103 
34 95 96 97 104 
34 95 96 97 104 
34 96 97 102 104 
34 95 96 97 104 
34 96 97 102 104 
34 95 96 97 104 
95 96 97 101 104 
95 96 97 104 136 
31 87 88 93 100 
31 87 88 98 100 
87 88 89 90 98 
31 32 87 98 105 
89 90 98 99 105 
32 33 98 102 105 
32 89 98 99 105 
32 33 98 102 105 
87 93 94 100 101 
92 99 100 101 103 
92 93 94 100 101 
87 88 92 100 101 
32 33 50 98 105 
32 33 99 102 105 
94 95 96 101 104 
94 95 99 101 104 
93 94 99 100 101 
93 94 99 100 101 
31 93 94 100 101 
33 34 97 102 104 
33 34 97 102 104 
34 97 99 102 104 
87 88 89 90 98 
88 89 90 98 105 
87 88 89 98 105 
87 88 89 98 105 
89 90 98 103 105 
89 90 91 103 105 
89 90 98 103 105 
88 89 90 98 105 
89 90 98 103 105 
90 91 92 99 103 
88 91 92 100 103 
87 88 92 100 101 
91 92 99 100 103 
92 99 100 101 103 
95 96 97 101 104 
95 96 97 101 104 
31 87 88 93 100 
31 87 88 93 100 
31 87 88 92 100 
31 87 88 92 100 
87 88 92 100 101 
31 87 88 92 100 
90 98 99 103 105 
89 90 98 103 105 
89 90 98 103 105 
98 99 102 103 105 
90 91 99 103 105 
90 91 99 103 105 
32 33 99 102 105 
32 33 99 102 105 
94 95 96 101 104 
95 99 101 102 104 
94 95 99 101 104 
95 96 99 101 104 
95 99 101 102 104 
94 95 99 101 104 
34 95 99 102 104 
94 95 99 101 104 
94 95 99 101 104 
93 94 95 100 101 
94 99 100 101 103 
93 94 95 100 101 
33 34 97 102 104 
89 90 91 103 105 
89 90 91 103 105 
89 90 91 92 103 
89 90 98 103 105 
90 91 92 99 103 
87 88 91 92 100 
88 91 92 100 103 
91 92 99 100 103 
91 92 100 101 103 
90 91 99 103 105 
98 99 102 103 105 
94 99 100 101 103 
93 94 99 100 101 
99 101 102 103 105 
95 99 101 102 104 
90 91 92 99 103 
90 91 92 99 103 
91 99 101 103 105 
92 99 100 101 103 
91 99 101 103 105 
91 92 99 101 103 
99 101 102 103 105 
90 91 92 99 103 
90 91 99 103 105 
90 91 99 103 105 
90 98 99 103 105 
98 99 102 103 105 
98 99 102 103 105 
90 98 99 103 105 
98 99 102 103 105 
99 101 102 103 105 
94 99 100 101 103 
95 99 101 102 104 
99 100 101 102 103 
95 99 101 102 104 
92 99 100 101 103 
92 99 100 101 103 
91 92 99 100 103 
99 101 102 103 105 
99 101 102 103 105 
99 101 102 104 105 
99 101 102 103 105 
99 101 102 104 105 
99 101 102 104 105 
33 99 102 103 105 
99 101 102 104 105 
99 101 102 104 105 
33 99 102 104 105 
99 101 102 103 105 
33 99 102 104 105 
99 101 102 103 105 
33 99 102 104 105 
34 99 101 102 104 
33 99 102 104 105 
31 87 89 98 105 
32 33 99 102 105 
32 33 98 102 105 
95 99 101 102 104 
34 97 99 102 104 
23 24 106 107 118 
23 24 106 107 118 
23 24 106 107 118 
106 107 108 118 144 
106 107 108 118 144 
106 107 108 123 144 
107 108 109 123 144 
107 108 109 123 144 
107 108 109 123 144 
108 109 110 123 124 
108 109 110 123 124 
108 109 110 123 124 
109 110 111 122 124 
109 110 111 122 124 
109 110 111 122 148 
110 111 112 122 148 
110 111 112 122 143 
110 111 112 122 143 
14 15 111 112 143 
14 15 111 112 143 
14 15 16 112 143 
7 8 113 140 179 
7 113 114 140 182 
113 114 140 182 184 
113 114 115 182 184 
113 114 115 182 184 
114 115 116 138 184 
114 115 116 138 184 
115 116 138 178 184 
115 116 138 178 184 
115 116 117 138 178 
115 116 117 138 178 
115 116 117 127 138 
115 116 117 127 138 
96 116 117 127 138 
96 116 117 127 138 
96 116 117 127 136 
96 97 117 127 136 
23 24 40 106 118 
24 25 106 118 151 
119 132 149 166 170 
120 122 130 150 155 
13 14 15 112 143 
14 15 16 112 143 
13 14 15 112 143 
13 14 15 112 143 
23 24 106 107 118 
23 24 106 107 118 
107 118 144 145 151 
121 123 124 133 149 
110 111 120 122 148 
14 15 111 112 143 
23 24 106 107 118 
24 106 107 118 144 
107 108 118 123 144 
108 109 121 123 144 
109 121 124 133 148 
109 110 122 124 148 
110 111 112 122 148 
111 112 120 122 143 
111 112 120 122 143 
14 15 111 112 143 
107 108 118 123 144 
107 108 121 123 144 
108 109 121 123 144 
108 109 121 123 124 
109 110 122 124 148 
110 111 112 122 148 
110 111 112 122 143 
108 109 110 123 124 
109 110 123 124 148 
108 109 121 123 124 
108 109 110 123 124 
108 109 110 123 124 
109 110 122 124 148 
108 109 123 124 144 
109 110 122 124 148 
125 135 168 169 171 
126 127 136 154 157 
117 126 127 136 138 
116 117 127 136 138 
96 116 117 127 138 
96 117 127 136 138 
115 116 117 127 138 
96 116 117 127 138 
96 117 127 136 138 
96 97 117 127 136 
128 139 140 156 162 
24 25 26 118 151 
129 147 169 170 172 
12 13 120 130 155 
131 142 152 153 155 
13 14 15 130 143 
24 25 106 118 151 
24 25 106 118 151 
23 24 25 106 118 
24 25 40 118 151 
24 25 26 118 151 
24 25 106 118 151 
23 24 25 106 118 
106 107 118 144 151 
106 107 118 144 151 
106 107 108 118 144 
14 112 120 130 143 
121 123 144 145 149 
107 108 121 123 144 
107 108 109 123 144 
110 111 122 124 148 
110 111 122 124 148 
111 112 120 122 143 
111 112 120 122 143 
111 112 120 122 143 
111 112 120 122 148 
108 109 121 123 124 
108 109 121 123 144 
109 110 122 124 148 
110 122 124 133 148 
109 110 123 124 148 
109 110 122 124 148 
109 121 123 124 133 
121 123 124 133 149 
108 109 121 123 124 
109 121 123 124 133 
121 123 124 133 148 
119 132 133 150 153 
121 124 132 133 148 
121 124 132 133 148 
121 123 124 133 149 
108 121 123 144 149 
125 134 154 168 171 
93 125 135 146 171 
125 135 146 169 172 
96 126 127 136 154 
126 137 138 162 164 
115 116 117 127 138 
116 117 126 127 138 
115 116 117 127 138 
115 116 117 127 138 
115 116 117 127 138 
116 117 126 127 138 
115 116 117 127 138 
115 116 117 127 138 
96 97 117 127 136 
95 96 97 127 136 
9 128 139 140 156 
113 128 139 140 162 
141 145 147 151 170 
27 28 29 129 172 
12 13 14 130 155 
11 12 130 131 155 
10 11 131 142 152 
13 14 15 130 143 
13 14 15 130 143 
24 25 40 106 118 
107 108 118 144 145 
14 111 112 120 143 
14 15 112 130 143 
13 14 15 130 143 
13 14 120 130 143 
14 112 120 130 143 
120 122 130 143 155 
13 14 120 130 143 
13 120 130 143 155 
120 130 143 150 155 
13 120 130 143 155 
13 120 130 143 155 
12 13 120 130 155 
107 108 123 144 145 
107 118 123 144 145 
107 121 123 144 145 
141 144 145 149 151 
121 123 144 145 149 
107 118 144 145 151 
107 118 144 145 151 
107 118 144 145 151 
107 118 144 145 151 
108 109 121 123 144 
110 111 122 124 148 
110 111 120 122 148 
110 111 122 124 148 
109 110 122 124 148 
109 110 111 122 124 
112 120 122 130 143 
124 132 133 148 150 
121 124 132 133 148 
110 122 124 133 148 
119 121 132 133 149 
108 121 123 124 144 
121 123 144 145 149 
108 121 123 144 145 
121 123 144 145 149 
108 121 123 144 145 
93 94 95 134 171 
31 93 94 146 171 
30 125 135 146 171 
29 30 135 146 172 
95 96 127 136 154 
114 115 137 138 162 
115 116 127 137 138 
116 117 126 127 138 
116 117 126 127 138 
126 127 136 138 154 
117 126 127 136 138 
115 116 117 127 138 
115 116 117 127 138 
8 9 10 139 156 
8 9 128 139 140 
7 8 113 114 140 
26 27 129 141 147 
27 28 29 135 172 
12 13 14 130 155 
11 12 13 130 155 
13 14 37 130 143 
11 12 131 142 155 
10 11 70 131 142 
9 10 139 142 156 
107 108 123 144 145 
118 123 144 145 151 
118 144 145 149 151 
118 141 145 147 151 
118 141 144 145 151 
118 141 145 149 151 
25 118 141 145 151 
141 145 147 149 151 
118 141 145 149 151 
141 145 147 149 151 
110 122 124 133 148 
122 124 133 148 150 
122 124 133 148 150 
122 124 133 148 150 
122 124 133 148 150 
132 133 148 150 153 
124 132 133 148 150 
110 111 122 124 148 
111 112 120 122 143 
111 120 122 148 150 
120 122 133 148 150 
121 124 132 133 148 
124 132 133 148 150 
132 133 148 150 153 
121 124 132 133 149 
121 123 144 145 149 
119 121 141 145 149 
121 123 144 145 149 
121 123 144 145 149 
93 94 95 134 171 
93 94 134 146 171 
94 95 134 136 171 
93 94 101 134 171 
93 94 95 134 171 
31 93 94 146 171 
31 93 94 146 171 
30 31 93 146 171 
30 31 135 146 171 
29 30 135 146 172 
28 29 30 135 172 
29 30 135 146 172 
95 96 97 104 136 
94 95 96 136 154 
95 96 97 127 136 
114 115 137 138 184 
113 114 137 140 162 
114 115 116 138 184 
115 116 138 178 184 
114 115 137 138 184 
115 116 117 127 138 
115 116 117 127 138 
114 115 116 138 184 
115 116 127 137 138 
115 116 127 137 138 
115 126 127 137 138 
117 126 127 137 138 
117 126 127 136 138 
126 127 137 138 157 
115 116 127 137 138 
116 126 127 137 138 
116 117 126 127 138 
115 116 127 137 138 
115 116 127 137 138 
114 115 116 137 138 
116 126 127 137 138 
8 9 10 71 139 
8 9 128 139 140 
9 10 71 139 156 
7 8 9 139 140 
7 8 9 139 140 
7 8 113 114 140 
26 27 28 141 147 
27 28 29 60 172 
27 28 29 147 172 
11 12 13 130 155 
13 14 120 130 143 
13 14 120 130 143 
10 11 12 142 155 
9 10 11 70 142 
9 10 11 142 156 
10 11 131 142 155 
10 11 12 142 155 
10 11 12 131 142 
25 26 141 147 151 
24 25 26 118 151 
122 124 133 148 150 
124 132 133 148 150 
120 122 133 148 150 
120 122 148 150 155 
120 122 132 148 150 
120 122 130 148 150 
120 132 148 150 153 
120 122 130 148 150 
120 132 133 148 150 
120 122 132 148 150 
111 112 120 122 148 
111 120 122 148 150 
111 120 122 148 150 
124 132 133 148 150 
132 133 148 150 153 
132 133 148 150 153 
131 132 150 153 155 
131 132 148 150 153 
120 148 150 153 155 
131 132 150 153 159 
120 130 131 150 155 
131 132 133 150 153 
131 132 150 152 153 
120 130 131 150 155 
131 132 133 150 153 
131 132 133 150 153 
120 130 131 150 155 
120 122 130 148 150 
131 150 152 153 155 
132 133 148 150 153 
120 130 131 150 155 
120 130 131 150 155 
120 122 148 150 155 
120 131 150 153 155 
119 132 133 148 150 
121 124 132 133 148 
121 123 124 133 149 
121 123 124 133 149 
121 124 133 148 149 
119 141 145 149 170 
121 123 144 145 149 
119 121 133 145 149 
141 144 145 149 151 
121 144 145 149 151 
121 123 144 145 149 
94 95 101 134 136 
94 95 134 136 154 
94 95 96 134 136 
94 95 134 136 154 
94 95 96 136 154 
94 95 134 136 154 
94 95 134 136 154 
95 96 126 136 154 
95 96 127 136 154 
95 96 127 136 154 
94 95 134 136 154 
30 31 50 93 146 
30 31 87 93 146 
30 93 135 146 171 
30 93 135 146 171 
28 29 30 135 172 
28 29 60 135 172 
28 29 129 135 172 
28 29 135 146 172 
28 29 129 135 172 
30 125 135 146 172 
29 30 135 146 171 
29 30 56 135 146 
94 95 96 104 136 
96 117 126 127 136 
96 126 127 136 154 
95 96 127 136 154 
95 96 117 127 136 
96 117 126 127 136 
95 96 117 127 136 
117 126 127 136 138 
96 126 127 136 154 
117 126 127 136 138 
117 126 127 136 138 
96 117 126 127 136 
117 126 127 136 138 
126 127 136 154 157 
95 96 97 104 136 
114 115 138 182 184 
113 114 115 137 184 
114 115 137 162 184 
114 115 137 162 184 
113 114 115 140 162 
113 114 128 140 162 
113 114 140 162 182 
7 113 114 140 162 
113 114 137 140 162 
114 115 137 138 184 
114 115 137 138 184 
117 126 127 137 138 
126 127 136 154 157 
126 137 138 157 164 
114 115 116 137 138 
8 9 57 71 139 
8 9 128 139 140 
8 9 128 139 156 
8 9 10 71 139 
9 10 139 142 156 
9 10 128 139 156 
7 8 9 139 140 
6 7 8 113 140 
8 9 128 139 140 
8 9 128 139 140 
8 9 128 139 140 
9 128 139 140 162 
26 27 28 53 147 
25 26 27 141 147 
27 28 129 147 172 
27 28 129 147 172 
27 28 129 147 172 
26 27 28 147 172 
12 13 120 130 155 
11 12 13 130 155 
13 14 120 130 143 
9 10 139 142 156 
10 11 131 142 156 
9 10 139 142 156 
10 131 142 152 156 
10 131 142 152 156 
11 131 142 152 155 
25 26 27 147 151 
24 25 26 147 151 
24 25 118 145 151 
24 25 118 145 151 
25 118 141 145 151 
26 141 145 147 151 
24 25 118 145 151 
26 141 145 147 151 
26 141 145 147 151 
25 26 118 141 151 
25 26 141 147 151 
26 27 141 147 151 
141 145 147 151 170 
120 130 143 150 155 
131 142 152 153 155 
131 142 152 153 155 
12 130 131 142 155 
131 150 152 153 155 
131 152 153 156 163 
131 150 152 153 159 
131 142 152 153 156 
131 132 150 152 153 
131 132 150 152 153 
131 142 152 153 155 
131 142 152 153 159 
131 152 153 159 163 
12 120 130 131 155 
119 121 124 132 133 
119 132 133 149 166 
119 121 132 133 149 
132 133 148 150 153 
119 121 124 133 149 
119 121 123 133 149 
119 121 145 149 170 
141 145 149 151 170 
141 145 149 151 170 
141 145 149 151 170 
121 123 124 133 149 
119 121 123 145 149 
126 134 136 154 157 
30 31 87 93 146 
125 135 146 169 171 
30 93 135 146 171 
30 31 93 146 171 
28 29 135 146 172 
129 135 146 169 172 
29 30 135 146 172 
29 129 135 169 172 
29 135 146 169 172 
29 30 135 146 172 
116 117 127 136 138 
117 126 127 136 154 
96 126 127 136 154 
126 134 136 154 157 
126 127 136 154 157 
126 127 137 138 157 
126 127 137 154 157 
8 9 10 139 156 
128 139 156 160 163 
9 128 139 140 156 
7 8 113 114 140 
7 8 113 139 140 
7 8 113 139 140 
113 128 139 140 162 
26 27 28 141 147 
11 12 130 131 155 
11 12 131 142 155 
9 10 139 142 156 
10 11 131 142 155 
26 27 141 147 151 
120 130 131 150 155 
120 130 131 150 155 
12 120 130 131 155 
139 142 152 156 163 
30 125 135 146 171 
30 125 135 146 171 
125 134 146 168 171 
125 134 135 146 171 
94 125 134 168 171 
125 134 146 168 171 
30 31 93 146 171 
126 127 136 154 157 
126 127 136 154 157 
95 126 134 136 154 
95 134 136 154 168 
126 134 136 154 157 
126 127 137 138 157 
126 137 138 162 164 
126 127 137 138 157 
126 154 157 167 168 
158 159 160 165 167 
152 153 158 159 163 
131 152 153 159 163 
131 152 153 159 163 
131 132 152 153 159 
126 127 137 157 164 
126 137 154 157 164 
126 137 154 157 164 
126 127 136 154 157 
126 127 136 154 157 
126 136 154 157 164 
126 134 136 154 157 
126 134 136 154 157 
126 134 154 157 168 
126 136 154 157 168 
126 136 154 157 168 
134 136 154 157 168 
126 134 154 157 168 
134 136 154 157 168 
134 136 154 168 171 
126 136 154 157 168 
94 134 154 168 171 
9 128 139 140 156 
128 139 152 156 163 
128 139 140 156 162 
128 139 140 156 162 
158 160 163 164 167 
128 156 160 163 164 
128 139 156 160 163 
128 139 160 162 164 
128 152 156 160 163 
128 139 156 160 162 
128 139 156 160 163 
11 12 131 142 155 
11 12 131 142 155 
30 125 135 146 171 
125 135 146 169 171 
125 135 146 169 172 
125 135 146 169 172 
125 129 135 169 172 
125 135 146 169 171 
125 135 146 169 171 
129 135 161 169 172 
125 135 168 169 171 
125 135 146 169 171 
125 129 135 169 172 
158 161 165 166 169 
125 161 165 168 169 
125 161 165 168 169 
125 129 135 161 169 
125 161 165 168 169 
125 135 161 168 169 
125 161 165 166 169 
126 127 136 154 157 
94 95 134 136 154 
126 137 138 157 164 
126 137 138 162 164 
126 127 137 138 164 
132 152 153 159 163 
119 132 153 159 166 
132 133 150 153 159 
132 133 150 153 159 
128 139 142 152 156 
128 160 162 163 164 
128 137 140 162 164 
113 128 139 140 162 
113 128 139 140 162 
113 114 128 140 162 
114 128 137 140 162 
113 114 128 140 162 
114 137 140 162 164 
114 128 137 140 162 
114 115 137 140 162 
113 114 137 140 162 
114 137 138 162 164 
114 115 137 138 162 
115 137 138 162 164 
128 139 152 156 163 
152 156 159 160 163 
142 152 156 159 163 
152 156 159 160 163 
158 159 160 163 167 
152 156 159 160 163 
131 152 156 159 163 
152 153 156 159 163 
131 142 152 156 163 
152 156 159 160 163 
152 156 159 160 163 
152 158 159 160 163 
152 153 158 159 163 
131 152 153 159 163 
152 158 159 160 163 
152 156 159 160 163 
132 152 153 159 166 
132 153 158 159 166 
119 132 133 153 166 
119 132 133 150 153 
119 132 133 153 166 
10 139 142 152 156 
10 139 142 152 156 
10 139 142 152 156 
131 142 152 156 163 
131 142 152 155 156 
11 131 142 152 155 
131 142 152 153 155 
10 131 142 152 156 
131 142 152 153 156 
131 142 152 153 156 
131 142 152 153 156 
9 10 139 142 156 
128 160 162 163 164 
137 160 162 164 167 
128 137 160 162 164 
128 140 160 162 164 
113 128 139 140 162 
128 137 140 162 164 
114 128 137 162 164 
126 137 160 162 164 
128 137 160 162 164 
126 137 138 162 164 
128 137 160 162 164 
128 137 160 162 164 
137 160 162 164 167 
128 137 160 162 164 
128 160 162 164 167 
114 115 137 138 162 
128 152 156 160 163 
128 160 163 164 167 
158 159 160 163 167 
158 160 164 165 167 
158 159 160 163 167 
158 160 163 164 167 
158 159 160 163 167 
158 159 160 163 167 
158 160 163 164 167 
158 159 160 163 167 
158 159 160 165 167 
158 159 160 163 167 
158 159 160 163 167 
153 158 159 163 166 
158 160 163 164 167 
157 160 164 165 167 
157 158 160 164 167 
158 161 165 167 168 
158 159 160 163 167 
153 158 159 163 166 
158 159 163 166 167 
158 159 161 165 166 
158 159 163 165 166 
158 159 165 166 167 
158 159 161 165 166 
158 161 165 166 167 
119 158 161 166 170 
158 159 161 165 167 
119 158 159 161 166 
158 160 161 165 167 
158 159 161 165 166 
132 153 158 159 166 
158 159 160 165 167 
158 160 164 165 167 
158 159 161 165 166 
158 161 165 166 167 
119 158 159 161 166 
158 159 161 165 166 
158 161 165 166 169 
119 158 161 165 166 
158 161 165 166 169 
119 158 161 166 170 
158 161 165 166 167 
119 129 161 166 170 
158 161 165 166 167 
119 129 161 166 170 
119 132 153 159 166 
158 160 164 165 167 
157 158 161 165 167 
158 161 165 166 169 
125 161 165 168 169 
119 132 153 159 166 
132 150 153 159 166 
132 150 152 153 159 
11 131 142 152 156 
131 142 152 156 163 
128 160 162 163 164 
128 139 140 160 162 
128 137 160 162 164 
126 137 157 162 164 
126 137 157 164 167 
137 157 160 164 167 
126 137 157 164 167 
126 137 154 157 164 
126 154 157 164 167 
126 154 157 164 167 
160 162 163 164 167 
128 137 160 162 164 
137 160 162 164 167 
137 157 160 164 167 
126 157 160 164 167 
157 158 160 164 167 
129 161 166 169 170 
158 161 165 167 168 
119 149 161 166 170 
157 158 161 165 167 
154 157 165 167 168 
125 134 161 165 168 
125 134 154 168 171 
125 134 146 168 171 
125 134 154 168 171 
125 134 165 168 169 
125 134 154 157 168 
125 134 154 168 171 
94 125 134 168 171 
93 94 134 168 171 
125 161 165 168 169 
125 134 165 168 171 
125 134 165 168 171 
125 134 168 169 171 
125 154 157 165 168 
125 134 154 168 171 
125 161 165 168 169 
125 158 161 165 168 
125 134 168 169 171 
119 132 153 159 166 
119 132 159 161 166 
119 132 161 166 170 
128 160 162 163 164 
125 129 161 166 169 
125 129 135 161 169 
129 161 166 169 170 
125 129 135 161 169 
125 129 135 161 169 
129 161 169 170 172 
129 161 166 169 170 
158 161 165 166 169 
129 161 166 169 170 
119 129 161 166 170 
129 161 169 170 172 
119 129 161 166 169 
129 135 169 170 172 
119 129 141 149 170 
119 129 141 169 170 
119 129 161 166 170 
157 158 165 167 168 
94 134 154 168 171 
94 95 134 154 171 
93 94 134 168 171 
93 125 134 146 171 
125 157 161 165 168 
134 154 157 165 168 
125 161 165 168 169 
158 161 165 167 168 
158 161 165 167 168 
119 132 161 166 170 
119 132 149 166 170 
119 132 133 149 166 
125 129 135 161 169 
119 141 149 166 170 
129 141 147 170 172 
27 28 129 147 172 
119 129 141 166 170 
119 129 161 169 170 
119 129 161 166 170 
157 158 161 165 167 
157 158 165 167 168 
93 94 134 146 171 
93 125 134 146 171 
93 125 134 168 171 
125 134 157 165 168 
125 161 165 168 169 
157 161 165 167 168 
134 154 157 165 168 
134 154 157 165 168 
126 134 154 157 168 
119 132 133 149 166 
119 121 132 133 149 
119 132 133 149 166 
119 132 133 149 166 
119 132 133 153 166 
119 132 133 153 166 
119 141 149 166 170 
119 129 149 166 170 
129 147 169 170 172 
129 147 169 170 172 
119 129 141 147 170 
129 141 147 170 172 
119 129 141 147 170 
129 141 147 151 170 
119 141 147 149 170 
129 141 147 170 172 
119 129 141 147 170 
141 145 147 149 170 
27 129 141 147 170 
27 129 141 147 170 
26 27 141 147 170 
26 27 141 147 151 
141 145 147 151 170 
119 129 141 166 170 
119 129 141 166 170 
119 129 141 149 170 
157 158 165 167 168 
157 158 160 165 167 
126 157 164 165 167 
126 154 157 164 167 
154 157 165 167 168 
126 154 157 164 167 
126 134 154 157 168 
119 132 133 166 170 
129 135 169 170 172 
28 129 135 169 172 
28 29 129 135 172 
28 129 147 170 172 
119 141 145 149 170 
119 141 145 149 170 
119 141 145 149 170 
119 141 149 166 170 
119 141 145 149 170 
119 121 149 166 170 
119 132 149 166 170 
129 135 169 170 172 
119 141 149 166 170 
119 141 145 149 170 
112 120 122 130 143 
111 112 120 122 143 
120 122 130 143 155 
154 157 165 167 168 
6 7 113 173 180 
7 173 174 179 180 
7 173 174 179 180 
173 174 177 179 180 
173 174 179 180 187 
173 174 175 180 187 
173 174 175 180 187 
174 175 176 180 187 
174 175 176 186 187 
175 176 177 186 187 
175 176 177 186 187 
175 176 177 185 186 
175 176 177 185 186 
176 177 179 185 186 
176 177 179 185 186 
173 176 177 179 185 
173 174 177 179 185 
173 174 177 179 185 
3 116 117 138 178 
3 115 116 117 178 
2 3 4 116 178 
2 3 4 116 178 
3 115 116 178 184 
3 4 115 116 178 
3 115 116 117 178 
3 115 116 117 178 
113 173 179 182 185 
7 173 174 179 180 
6 173 174 180 187 
181 182 183 184 186 
3 4 5 178 183 
3 115 116 178 184 
115 116 117 138 178 
115 116 138 178 184 
7 113 173 179 182 
114 179 182 184 185 
6 7 173 174 180 
6 7 173 174 180 
5 6 180 183 187 
4 5 181 183 187 
2 3 4 5 178 
2 3 4 116 178 
3 4 5 178 183 
2 3 4 116 178 
115 116 138 178 184 
115 116 138 178 184 
115 116 117 138 178 
7 113 140 179 182 
113 114 140 179 182 
114 115 181 182 184 
6 7 173 174 180 
6 7 173 174 180 
6 7 173 180 187 
5 6 7 180 183 
4 5 6 180 183 
5 6 7 173 180 
4 5 6 181 183 
2 3 4 5 178 
3 4 5 178 183 
3 4 5 178 183 
2 3 4 116 178 
115 116 138 178 184 
114 115 116 178 184 
113 114 140 179 182 
113 114 179 182 184 
4 5 6 180 183 
4 5 6 180 183 
4 5 6 59 183 
4 178 181 183 184 
114 115 178 181 184 
4 5 178 181 183 
114 115 116 178 184 
114 115 178 182 184 
3 4 5 178 183 
114 115 178 182 184 
173 174 177 179 180 
173 177 179 182 185 
173 174 177 179 185 
177 179 182 185 186 
173 174 175 180 187 
176 181 185 186 187 
3 115 116 178 184 
3 4 115 116 178 
3 4 115 116 178 
3 4 116 178 183 
4 115 178 183 184 
3 4 5 178 183 
3 4 115 178 184 
3 115 116 178 184 
2 3 4 116 178 
4 178 181 183 184 
3 4 5 178 183 
115 116 178 181 184 
115 178 181 183 184 
115 178 181 183 184 
115 178 181 183 184 
115 178 181 182 184 
181 182 184 185 186 
115 178 181 183 184 
114 115 181 182 184 
114 115 181 182 184 
178 181 182 183 184 
114 115 181 182 184 
115 178 181 182 184 
181 182 183 184 186 
178 181 183 184 186 
181 182 184 185 186 
178 181 182 183 184 
181 182 183 184 186 
181 182 184 185 186 
181 182 184 185 186 
181 182 185 186 187 
181 182 184 185 186 
179 181 182 185 186 
181 182 183 185 186 
181 182 184 185 186 
179 181 182 184 185 
180 181 183 186 187 
114 181 182 184 185 
181 183 184 186 187 
181 183 184 186 187 
175 181 183 186 187 
4 5 181 183 184 
180 181 183 186 187 
180 181 183 186 187 
180 181 183 186 187 
181 183 185 186 187 
5 181 183 186 187 
4 5 178 181 183 
4 5 178 181 183 
4 5 178 181 183 
5 180 181 183 187 
4 178 181 183 184 
4 5 178 181 183 
4 5 59 178 183 
5 180 181 183 187 
4 5 6 181 183 
5 6 180 183 187 
5 6 180 183 187 
4 5 178 181 183 
4 178 181 183 184 
7 113 173 174 179 
6 173 174 180 187 
173 174 175 180 187 
113 114 179 182 185 
177 179 182 184 185 
113 114 179 182 184 
113 173 179 182 185 
113 179 182 184 185 
113 114 179 182 184 
179 181 182 184 185 
6 173 174 180 187 
6 7 174 180 187 
6 174 180 183 187 
113 114 115 182 184 
173 174 177 179 185 
173 177 179 182 185 
173 174 177 179 185 
173 177 179 182 185 
7 113 173 179 182 
7 113 173 174 179 
176 177 179 185 186 
173 174 175 180 187 
173 174 175 180 187 
174 175 180 186 187 
175 176 185 186 187 
3 115 116 117 178 
4 5 6 181 183 
5 6 180 183 187 
180 181 183 186 187 
5 180 181 183 187 
180 181 183 186 187 
180 181 183 186 187 
7 113 173 179 180 
7 113 173 174 179 
6 7 173 174 180 
173 174 175 180 187 
173 174 175 180 187 
5 6 180 183 187 
113 114 115 182 184 
114 115 181 182 184 
114 115 178 182 184 
113 114 115 182 184 
114 179 181 182 184 
173 177 179 182 185 
173 177 179 182 185 
177 179 182 185 186 
176 177 179 185 186 
177 179 182 185 186 
176 177 179 185 186 
7 113 173 179 182 
7 173 174 179 180 
7 173 174 177 179 
176 177 181 185 186 
174 175 176 180 187 
175 176 180 186 187 
175 176 177 186 187 
175 176 181 186 187 
175 176 177 185 186 
176 177 179 185 186 
176 181 185 186 187 
176 181 185 186 187 
175 180 181 186 187 
175 176 181 186 187 
174 175 180 186 187 
174 175 180 186 187 
175 176 181 186 187 
175 176 181 186 187 
175 176 180 186 187 
176 177 181 185 186 
175 176 177 185 186 
174 175 180 186 187 
177 181 182 185 186 
176 177 182 185 186 
177 181 182 185 186 
175 176 181 186 187 
