-0.007102 0.211682 0.061033
-0.058485 0.221718 0.046603
-0.081170 0.252540 0.005680
-0.133468 0.237246 0.033263
-0.176684 0.207244 0.047758
-0.209021 0.150819 0.036016
-0.239102 0.107043 -0.003229
-0.191395 0.079352 -0.005959
-0.162326 0.013868 0.006014
-0.154567 -0.056984 0.004364
-0.157922 -0.111559 0.002293
-0.169290 -0.166948 -0.000785
-0.177004 -0.223032 -0.004794
-0.186126 -0.277869 -0.010142
-0.191556 -0.332472 -0.016294
-0.185078 -0.335927 0.050317
-0.147952 -0.333489 0.104083
-0.079091 -0.335387 0.125639
-0.027579 -0.336291 0.137657
0.024840 -0.336960 0.146385
0.074935 -0.336279 0.134368
0.141513 -0.336961 0.109544
0.183102 -0.340039 0.061543
0.184842 -0.281465 0.038427
0.176857 -0.223609 0.035585
0.167359 -0.166887 0.035490
0.158042 -0.110858 0.039325
0.149690 -0.056324 0.045213
0.140445 -0.007118 0.044861
0.176336 0.057683 0.033601
0.222646 0.129250 0.005675
0.191142 0.165698 0.046801
0.147579 0.217063 0.046076
0.102019 0.251419 0.015227
0.050534 0.226027 0.048118
-0.068158 -0.095064 0.137661
-0.180871 -0.267600 0.044330
-0.070564 0.125592 0.118613
0.095609 -0.179469 0.127749
0.160055 -0.268052 0.085957
0.063071 0.148853 0.104032
-0.114439 -0.209865 0.111588
-0.010719 -0.201352 0.155759
-0.132102 0.149378 0.074611
-0.024016 0.166602 0.089628
0.079590 -0.256424 0.129686
0.123102 0.155813 0.078992
-0.103641 -0.270368 0.115294
-0.036670 -0.267304 0.142931
0.155205 0.112543 0.069178
0.012290 -0.280438 0.150903
-0.133418 -0.031081 0.098166
0.141920 -0.173331 0.088521
0.088230 -0.027921 0.134160
-0.148328 -0.146736 0.072507
0.140099 0.060465 0.095715
-0.151588 0.057247 0.064088
-0.148137 -0.250857 0.091374
-0.098832 0.189162 0.063800
0.133759 -0.033449 0.101574
0.097927 0.208418 0.053814
0.039177 -0.218960 0.150913
-0.170259 -0.215867 0.054211
0.102292 0.119255 0.115615
0.088912 0.061458 0.142213
0.124179 -0.231599 0.107175
-0.097605 -0.145480 0.121261
-0.127455 -0.106518 0.097483
0.033471 0.080717 0.140317
-0.153614 -0.078705 0.059068
-0.146091 0.003842 0.058767
0.125118 -0.104873 0.097311
-0.059179 -0.176379 0.146231
-0.111899 0.068671 0.127738
-0.159170 0.107778 0.061735
0.022357 -0.086212 0.148064
0.076607 -0.129299 0.134014
-0.011202 -0.042049 0.146095
-0.014541 -0.134840 0.154680
-0.085538 -0.035693 0.132274
-0.028222 0.082893 0.138204
0.093211 -0.077132 0.126503
-0.092267 0.014303 0.141449
0.025302 -0.001167 0.139566
-0.039314 0.028017 0.142865
0.003253 0.119152 0.123822
0.270719 0.144305 0.003323
0.327167 0.154546 -0.005142
0.329772 0.215323 0.019234
0.328471 0.253667 -0.013800
0.313210 0.260789 -0.062629
0.332840 0.207806 -0.065802
0.198165 0.110265 -0.057766
0.168447 0.161589 -0.094003
0.124027 0.215185 -0.088953
0.080848 0.247762 -0.080893
0.081963 0.275152 -0.031671
0.266513 0.194502 0.030489
0.215519 0.255168 -0.028560
0.265267 0.153062 -0.058190
0.198402 0.210174 -0.065611
0.179451 0.250757 0.010748
0.266366 0.244801 -0.034775
0.135751 0.260413 -0.043729
0.237148 0.235548 0.013077
0.195637 -0.334137 -0.002195
0.166700 -0.332488 -0.069407
0.104400 -0.334630 -0.100304
0.036210 -0.336114 -0.117783
-0.035440 -0.337005 -0.110981
-0.107946 -0.334412 -0.106530
-0.152815 -0.329500 -0.079087
-0.203399 0.135189 -0.061776
-0.166365 0.163574 -0.087812
-0.126596 0.220032 -0.086422
-0.071209 0.253623 -0.075207
-0.018694 0.258209 -0.079529
0.178224 -0.268248 -0.017816
0.068353 -0.133950 -0.093529
-0.122613 -0.229459 -0.089593
0.074779 -0.237720 -0.113425
-0.080673 -0.277710 -0.114309
0.084567 -0.287678 -0.113655
0.010168 -0.263707 -0.117288
0.130684 0.034856 -0.094790
0.004475 0.153067 -0.107410
-0.007947 0.211084 -0.096992
-0.143547 0.049676 -0.092457
0.136689 -0.070581 -0.050626
-0.157295 -0.216598 -0.050332
-0.118360 -0.123100 -0.078711
-0.017932 -0.155113 -0.104210
0.005155 -0.201686 -0.107799
0.115214 0.111806 -0.112514
0.148402 0.009541 -0.030879
0.057051 0.190216 -0.105798
-0.084455 0.138272 -0.116749
-0.059994 0.209298 -0.101023
-0.144112 0.027754 -0.045173
-0.177056 0.088625 -0.058929
0.144090 -0.159853 -0.049656
-0.146167 -0.085806 -0.043405
-0.162460 -0.284406 -0.056006
0.132906 -0.284716 -0.092730
0.139122 -0.218434 -0.073192
0.165709 0.055165 -0.017263
0.157562 -0.128526 -0.007474
-0.045717 -0.238091 -0.116876
0.097050 -0.191403 -0.094976
-0.068353 -0.188732 -0.103147
0.168075 -0.214794 -0.028015
-0.103782 -0.073951 -0.096494
-0.066328 -0.121663 -0.101757
0.054665 0.139381 -0.112968
-0.142477 -0.166223 -0.055869
-0.129305 -0.031196 -0.083443
0.019660 0.098606 -0.112242
-0.002777 -0.012816 -0.111193
-0.041485 -0.058481 -0.107345
-0.068846 0.026699 -0.109132
0.073345 -0.025695 -0.101226
-0.128357 0.092012 -0.115525
-0.082680 -0.025103 -0.107763
-0.066757 0.079536 -0.112547
0.037367 0.020503 -0.103882
0.046859 -0.082098 -0.095946
-0.016800 0.036070 -0.114126
0.091706 0.068999 -0.101774
0.131108 -0.023782 -0.072512
0.119031 -0.117995 -0.064799
0.147908 0.083799 -0.073033
0.147488 -0.040956 -0.006045
-0.300245 0.143475 -0.019223
-0.329372 0.172909 0.012532
-0.342076 0.238176 -0.007501
-0.344903 0.241723 -0.064747
-0.322067 0.174406 -0.066358
-0.127762 0.266483 -0.031701
-0.267071 0.162227 -0.066667
-0.270040 0.182448 0.026329
-0.224306 0.248710 -0.042398
-0.219046 0.194609 -0.081467
-0.200902 0.241766 0.009132
-0.175847 0.221547 -0.076008
-0.282084 0.208129 -0.089600
-0.283303 0.250912 -0.046480
-0.292899 0.231093 0.004134
