0
3
6
10
13
16
18
20
23
26
28
30
32
34
36
39
42
45
47
49
51
54
57
60
62
64
66
68
70
73
76
79
82
86
91
95
96
97
100
101
103
106
107
111
112
118
122
132
133
151
161
217
219
220
222
239
242
262
275
281
291
303
333
381
384
409
417
427
458
481
494
510
522
537
563
576
578
592
629
641
656
682
708
720
727
844
874
876
879
881
884
887
892
894
897
900
905
913
914
915
922
923
963
970
1065
1098
1101
1104
1107
1110
1113
1115
1119
1121
1124
1128
1131
1136
1137
1138
1146
1147
1152
1153
1174
1175
1176
1184
1186
1187
1188
1221
1222
1226
1228
1229
1230
1231
1241
1242
1243
1247
1253
1264
1267
1291
1305
1324
1339
1404
1527
1541
1544
1562
1595
1596
1612
1613
1614
1639
1659
1677
1695
1724
1756
1765
1786
1827
1841
1851
1877
1921
1939
1942
1945
1948
1951
1959
1963
1965
1966
1972
1976
1986
2015
2017
2141
