-0.007102 0.211682 0.061033
-0.025699 0.212830 0.059678
-0.042738 0.216053 0.054399
-0.058485 0.221718 0.046603
-0.070074 0.231579 0.034562
-0.079127 0.242231 0.020696
-0.081170 0.252540 0.005680
-0.095835 0.248632 0.010766
-0.109384 0.247846 0.017820
-0.121473 0.243929 0.025739
-0.133468 0.237246 0.033263
-0.146863 0.227070 0.037721
-0.160223 0.216830 0.041734
-0.176684 0.207244 0.047758
-0.193394 0.194066 0.052713
-0.206302 0.174822 0.050440
-0.209021 0.150819 0.036016
-0.225902 0.134664 0.017482
-0.239102 0.107043 -0.003229
-0.207007 0.106842 -0.016909
-0.191395 0.079352 -0.005959
-0.177164 0.057361 0.001516
-0.170195 0.036037 0.004686
-0.162326 0.013868 0.006014
-0.155895 -0.009049 0.006172
-0.153411 -0.032154 0.005749
-0.154567 -0.056984 0.004364
-0.156797 -0.084100 0.003001
-0.157922 -0.111559 0.002293
-0.162546 -0.139262 0.001021
-0.169290 -0.166948 -0.000785
-0.174345 -0.194817 -0.002577
-0.177004 -0.223032 -0.004794
-0.180066 -0.250945 -0.007086
-0.186126 -0.277869 -0.010142
-0.186842 -0.305443 -0.013193
-0.191556 -0.332472 -0.016294
-0.192404 -0.335237 0.007335
-0.194009 -0.335471 0.030136
-0.185078 -0.335927 0.050317
-0.175563 -0.335229 0.069737
-0.165692 -0.333934 0.089564
-0.147952 -0.333489 0.104083
-0.127379 -0.333516 0.115588
-0.104148 -0.334408 0.122765
-0.079091 -0.335387 0.125639
-0.053540 -0.335938 0.131364
-0.027579 -0.336291 0.137657
-0.001578 -0.336674 0.143506
0.024840 -0.336960 0.146385
0.050324 -0.336768 0.140613
0.074935 -0.336279 0.134368
0.098369 -0.336100 0.126916
0.120839 -0.336190 0.119859
0.141513 -0.336961 0.109544
0.159161 -0.338192 0.096152
0.169991 -0.339520 0.077584
0.183102 -0.340039 0.061543
0.188745 -0.340689 0.041656
0.188775 -0.310864 0.040432
0.184842 -0.281465 0.038427
0.180844 -0.252474 0.036675
0.176857 -0.223609 0.035585
0.173261 -0.194957 0.035418
0.167359 -0.166887 0.035490
0.160927 -0.138902 0.036339
0.158042 -0.110858 0.039325
0.152852 -0.083583 0.042886
0.149690 -0.056324 0.045213
0.145649 -0.031119 0.046026
0.140445 -0.007118 0.044861
0.148839 0.016310 0.042998
0.158423 0.038455 0.038935
0.176336 0.057683 0.033601
0.196174 0.078326 0.025996
0.196045 0.096771 0.015499
0.222646 0.129250 0.005675
0.227506 0.130234 0.042943
0.208634 0.148920 0.034704
0.191142 0.165698 0.046801
0.177288 0.185884 0.050773
0.160700 0.200664 0.049369
0.147579 0.217063 0.046076
0.136276 0.229468 0.042213
0.124414 0.239560 0.034489
0.113277 0.246353 0.025381
0.102019 0.251419 0.015227
0.091200 0.254596 0.006515
0.078069 0.260443 0.002972
0.072836 0.249177 0.019018
0.063326 0.237067 0.036276
0.050534 0.226027 0.048118
0.033479 0.218225 0.056646
0.013534 0.213091 0.060618
-0.188944 -0.320513 -0.002956
-0.068158 -0.095064 0.137661
-0.180871 -0.267600 0.044330
-0.070564 0.125592 0.118613
-0.094415 0.197797 0.058777
-0.095054 0.223621 0.038421
0.095609 -0.179469 0.127749
0.160055 -0.268052 0.085957
0.184349 -0.325680 0.050306
0.063071 0.148853 0.104032
0.083960 0.203276 0.058535
0.084595 0.238690 0.027447
-0.114439 -0.209865 0.111588
-0.010719 -0.201352 0.155759
-0.185264 -0.303263 0.041010
-0.192093 -0.309157 0.018847
-0.163921 -0.278823 0.082116
-0.132102 0.149378 0.074611
-0.024016 0.166602 0.089628
-0.067795 0.205058 0.055826
-0.117168 0.213859 0.046287
-0.088076 0.233261 0.028727
-0.106616 0.236017 0.028856
-0.075428 0.220239 0.042500
0.079590 -0.256424 0.129686
0.163580 -0.304953 0.086781
0.176337 -0.312879 0.068757
0.125495 -0.279745 0.112355
0.123102 0.155813 0.078992
0.109814 0.217489 0.047124
0.056801 0.210103 0.057629
0.090706 0.247575 0.017093
0.074224 0.241213 0.027919
0.098252 0.239539 0.027860
0.085812 0.220777 0.044288
0.089247 0.230757 0.035671
0.071187 0.226132 0.042369
0.101708 0.226511 0.039926
-0.103641 -0.270368 0.115294
-0.036670 -0.267304 0.142931
-0.186654 -0.322664 0.039952
-0.179513 -0.310191 0.061163
-0.152434 -0.300795 0.097553
-0.162943 0.165191 0.051512
-0.019775 0.191057 0.073094
-0.058065 0.212416 0.052908
-0.042672 0.200349 0.063771
-0.046613 0.208291 0.058292
-0.130039 0.224187 0.040656
-0.137193 0.208583 0.047582
-0.113785 0.226211 0.038364
-0.090052 0.240855 0.019420
-0.084582 0.211707 0.048606
0.083181 -0.297801 0.128425
0.165003 -0.325012 0.087269
0.148640 -0.311665 0.102539
0.150745 0.163955 0.061808
0.155205 0.112543 0.069178
0.121477 0.226773 0.041722
0.125449 0.211411 0.052113
0.048165 0.216819 0.054803
0.062907 0.218236 0.050568
0.031190 0.202838 0.066050
0.043620 0.208776 0.060690
0.110968 0.235854 0.034005
-0.110585 -0.303870 0.117240
-0.038802 -0.303492 0.138296
0.012290 -0.280438 0.150903
-0.155912 -0.320142 0.097803
-0.183105 0.177019 0.044505
-0.177837 0.116001 0.051073
-0.017602 0.202703 0.065813
-0.154801 0.203069 0.050367
-0.101732 0.214451 0.045961
-0.081463 0.202022 0.056595
-0.063410 0.177435 0.078094
-0.064589 0.191349 0.066448
0.085424 -0.319612 0.129864
0.107433 -0.308762 0.121429
0.060782 -0.309076 0.137362
0.168047 0.169202 0.053473
0.145721 0.185370 0.057342
0.176176 0.146003 0.051732
0.026897 0.210897 0.061641
-0.114135 -0.321994 0.119105
-0.087787 -0.310521 0.122015
-0.134638 -0.308840 0.110560
-0.039941 -0.322880 0.135351
-0.013934 -0.311118 0.143430
-0.192901 0.150933 0.041554
-0.031067 0.204676 0.063336
0.006508 0.196294 0.071283
0.014399 0.204854 0.065869
-0.166324 0.188983 0.047494
-0.124735 0.179905 0.062773
-0.105227 0.205554 0.052208
-0.112128 0.192449 0.059164
-0.181157 0.162721 0.044350
-0.206754 0.165191 0.037339
-0.206591 0.148139 0.018159
-0.002592 0.203658 0.066210
-0.136345 0.193537 0.054706
-0.148655 0.180355 0.061420
-0.123959 0.200512 0.052884
-0.160468 0.177719 0.051167
-0.134063 0.165999 0.067082
-0.152050 0.157706 0.067326
-0.155960 0.131441 0.070149
-0.149537 0.144390 0.072385
-0.164960 0.145732 0.052514
-0.093689 0.162082 0.083761
-0.178804 0.133473 0.042552
-0.112322 0.167312 0.074280
-0.195569 0.126791 0.033253
-0.198603 0.115923 0.008763
-0.167804 0.125269 0.057816
-0.110625 0.152509 0.083963
-0.093464 0.179792 0.071179
-0.226631 0.123251 0.001131
-0.086651 0.142159 0.100661
-0.108982 0.178671 0.068431
-0.099508 0.171043 0.075899
-0.095293 0.151162 0.090800
-0.133418 -0.031081 0.098166
-0.179727 -0.236296 0.025432
0.141920 -0.173331 0.088521
0.088230 -0.027921 0.134160
0.175190 -0.265092 0.062462
-0.148328 -0.146736 0.072507
-0.187565 -0.285498 0.028528
-0.183553 -0.261117 0.026191
-0.187682 -0.288951 0.007698
-0.182845 -0.251870 0.010664
-0.179900 -0.231056 0.009717
-0.185521 -0.270377 0.012108
0.180450 -0.295604 0.054487
0.179448 -0.277156 0.051532
0.173702 -0.287133 0.072032
-0.179252 -0.284791 0.057421
-0.172670 -0.292110 0.069942
-0.168723 -0.312173 0.080080
0.151243 -0.285633 0.097941
0.139367 -0.293132 0.107131
0.125216 -0.303301 0.115787
0.131158 -0.322710 0.116182
0.140099 0.060465 0.095715
0.164790 0.088114 0.048863
0.105732 0.200664 0.058399
-0.151588 0.057247 0.064088
-0.043552 0.185272 0.073839
-0.057233 0.199017 0.061837
0.099898 -0.277223 0.120498
0.062978 -0.277320 0.137940
0.139750 0.201752 0.053115
0.121075 0.188468 0.063867
0.125009 0.200183 0.057611
0.145986 0.144198 0.070080
-0.092143 -0.287649 0.119392
-0.064153 -0.286342 0.132176
-0.078382 -0.293593 0.124417
-0.063897 -0.313036 0.128878
-0.053428 -0.298455 0.133610
-0.121621 -0.286838 0.111699
-0.126067 -0.250191 0.104753
-0.119118 -0.265874 0.109858
-0.101902 -0.235400 0.119589
-0.140110 -0.275287 0.100749
-0.138422 -0.292580 0.105041
-0.148137 -0.250857 0.091374
-0.154507 -0.283200 0.093321
-0.138992 -0.258163 0.098282
-0.020369 -0.285537 0.144758
-0.003076 -0.293358 0.147243
0.019126 -0.308723 0.148705
0.011717 -0.325260 0.146614
0.037859 -0.319067 0.146437
0.040012 -0.287706 0.148778
-0.197572 0.095033 0.006227
-0.183238 0.093518 0.038316
-0.190177 0.109231 0.041128
-0.192445 0.099928 0.021798
-0.098832 0.189162 0.063800
-0.080818 0.188615 0.067769
-0.078442 0.177845 0.075831
-0.146814 -0.012088 0.056632
0.159979 -0.176853 0.062955
0.137799 -0.116801 0.077735
0.133759 -0.033449 0.101574
0.173005 -0.235983 0.056183
-0.164889 -0.149511 0.037334
-0.183568 -0.264613 -0.000581
0.164665 -0.286743 0.083322
0.155669 0.055091 0.066755
0.179831 0.078322 0.032167
0.211606 0.098552 0.031364
0.175038 0.073194 0.055108
0.112792 0.209560 0.052434
0.097927 0.208418 0.053814
0.095833 0.217051 0.047149
-0.163350 0.053532 0.032283
-0.184210 0.075308 0.026855
-0.186861 0.078546 0.010316
-0.056630 0.184660 0.072765
-0.043743 0.171255 0.084674
-0.033960 0.192865 0.070118
0.084248 -0.277128 0.127803
0.096989 -0.294298 0.123285
0.109433 -0.229389 0.116175
0.068801 -0.294323 0.134174
0.039177 -0.218960 0.150913
0.131963 0.174137 0.066648
0.136034 0.161396 0.070422
0.157083 0.151173 0.061893
0.121054 0.126535 0.097166
0.165616 0.128559 0.058633
0.182735 0.110609 0.048325
0.192115 0.125716 0.033633
-0.132368 -0.226570 0.099107
-0.167725 -0.247722 0.069727
-0.175823 -0.264033 0.059702
-0.168593 -0.266653 0.072785
0.047072 -0.304165 0.145121
0.024649 -0.291837 0.149742
-0.155180 -0.016163 0.030852
-0.151609 -0.063989 0.046416
0.167564 -0.179046 0.047603
0.156222 -0.149401 0.055744
0.149271 -0.091482 0.067269
0.146696 -0.037127 0.074697
0.144883 0.013349 0.089724
0.177280 -0.253728 0.051080
0.178020 -0.237096 0.043195
0.169410 -0.206719 0.055298
0.163783 -0.243334 0.075770
-0.166678 -0.151255 0.017254
-0.173253 -0.184130 0.025830
-0.177346 -0.210331 0.024391
-0.160029 -0.116581 0.028680
-0.168853 -0.164765 0.026636
-0.170259 -0.215867 0.054211
-0.175446 -0.242201 0.051444
-0.176520 -0.198175 0.012829
-0.173134 -0.178284 0.011113
-0.162173 -0.131499 0.016483
-0.176198 -0.219912 0.038229
-0.170670 -0.192498 0.045279
-0.166733 -0.170301 0.042903
-0.158567 -0.175019 0.063391
-0.157642 -0.150018 0.055213
-0.180572 -0.245931 0.037062
-0.164686 -0.195446 0.059327
-0.144837 -0.193948 0.086986
-0.154323 -0.189269 0.073800
-0.158407 -0.218531 0.075292
-0.141643 -0.165347 0.084762
-0.152746 -0.100704 0.065346
-0.168443 -0.229070 0.063725
-0.159368 -0.123697 0.049503
0.160832 0.051801 0.049841
0.145317 0.031720 0.062562
0.158480 0.080814 0.079862
0.185779 0.068450 0.040873
-0.174793 0.049911 0.017140
-0.156708 0.030109 0.026251
-0.160550 0.068051 0.044032
-0.176803 0.079961 0.039063
-0.029037 0.178526 0.080446
-0.064270 0.157701 0.094408
-0.080209 0.156056 0.092059
-0.070834 0.168050 0.084716
-0.056285 0.166088 0.087956
0.098900 -0.249918 0.121731
0.112195 -0.264819 0.117141
0.082177 -0.214092 0.132415
0.085256 -0.236166 0.128958
0.062455 -0.228752 0.141217
0.031687 -0.253190 0.152139
0.129485 0.139926 0.084749
0.139444 0.124021 0.082440
0.132883 0.096453 0.105401
0.149817 0.131463 0.071910
0.141572 0.108418 0.089736
0.124339 0.111258 0.105435
0.148982 0.093736 0.088390
0.079120 0.118127 0.125925
0.138798 0.078724 0.102944
0.156955 0.092432 0.068203
0.102292 0.119255 0.115615
0.144875 0.074155 0.090379
0.147967 0.064513 0.078865
0.088912 0.061458 0.142213
0.164156 0.071970 0.070279
0.115952 0.077106 0.128776
0.127951 0.083820 0.116094
0.113293 0.098127 0.123443
0.129166 0.057657 0.119145
0.111396 0.110066 0.116799
0.094949 0.086470 0.139642
0.135398 0.065622 0.107229
0.180199 0.098663 0.039239
-0.119729 -0.230092 0.107524
-0.152862 -0.018982 0.015776
-0.155276 -0.040735 0.024935
0.161335 -0.151863 0.042869
0.152612 -0.121315 0.056209
0.146977 -0.152769 0.075859
0.154405 -0.095010 0.052448
0.149032 -0.064882 0.064682
0.148978 -0.040530 0.058000
0.147186 -0.014009 0.066651
0.156440 -0.199106 0.077115
0.167550 -0.262368 0.074822
0.138431 -0.233055 0.097813
0.128436 -0.253448 0.106074
0.138162 -0.272436 0.104046
0.124179 -0.231599 0.107175
0.128426 -0.195715 0.103870
0.115237 -0.247798 0.113260
-0.156610 -0.095440 0.019633
-0.156587 -0.091591 0.041653
-0.155197 -0.067767 0.022803
-0.128749 -0.197748 0.100730
-0.141566 -0.213321 0.091596
-0.097605 -0.145480 0.121261
-0.132301 -0.176097 0.096595
-0.109942 -0.176150 0.114049
-0.121370 -0.131374 0.102268
-0.117054 -0.193114 0.109413
-0.129351 -0.152561 0.095777
-0.119203 -0.162650 0.105900
-0.136370 -0.130831 0.087767
-0.126524 -0.078268 0.099772
-0.144246 -0.119832 0.073057
-0.127455 -0.106518 0.097483
-0.138590 -0.091556 0.082406
-0.100017 -0.096155 0.120235
-0.113454 -0.108383 0.109914
-0.107545 -0.129895 0.113581
-0.109291 -0.149428 0.112815
-0.112849 -0.082410 0.112115
-0.116571 -0.046732 0.112503
-0.118519 -0.065236 0.108974
-0.130288 -0.053544 0.097479
-0.146189 -0.050007 0.075084
-0.135879 -0.071519 0.089119
-0.139264 -0.045058 0.089087
-0.155123 -0.236726 0.082212
-0.149776 -0.165033 0.073568
-0.162875 -0.130907 0.036065
0.150488 0.029325 0.049010
0.138092 0.039680 0.085063
0.138959 0.008308 0.063858
-0.164433 0.026753 0.013588
-0.152262 0.006488 0.025452
-0.154775 0.037228 0.050791
-0.152871 0.053389 0.048306
0.062237 -0.253046 0.139680
0.047801 -0.265042 0.146031
0.163563 0.103216 0.059492
0.094165 0.143421 0.100126
0.111021 0.139539 0.094645
0.100657 0.131282 0.106552
0.109155 0.052337 0.131487
0.102413 0.072240 0.138231
0.033471 0.080717 0.140317
-0.149921 -0.029084 0.042919
-0.151542 -0.048177 0.038440
-0.149571 -0.041262 0.058838
-0.145251 -0.022073 0.079682
-0.147483 -0.035570 0.072266
0.144376 -0.108313 0.067751
0.147197 -0.132236 0.066315
0.151365 -0.172528 0.076408
0.154984 -0.159813 0.064712
0.124574 -0.134297 0.099614
0.150638 -0.068195 0.051431
0.141661 -0.055557 0.087586
0.143748 -0.017545 0.053275
0.144236 -0.016829 0.089898
0.162579 -0.194203 0.065543
0.164659 -0.221227 0.070361
0.150517 -0.219399 0.086552
0.143858 -0.196233 0.090892
0.138103 -0.212542 0.096884
0.152393 -0.240905 0.088459
0.144535 -0.255482 0.096668
-0.158306 -0.109534 0.042485
-0.153614 -0.078705 0.059068
-0.147845 -0.075360 0.075851
-0.150245 -0.059978 0.061394
-0.154109 -0.081205 0.030903
-0.084381 -0.193015 0.131370
-0.152900 -0.130381 0.061357
-0.136164 -0.110641 0.085083
0.144422 0.042865 0.071089
0.138304 0.038442 0.109038
0.137601 0.025197 0.077955
0.145986 0.000562 0.077852
-0.154227 0.001078 0.044175
-0.141253 0.015381 0.069743
-0.146091 0.003842 0.058767
-0.141067 -0.003871 0.076945
-0.153320 0.018913 0.051545
-0.154300 0.040539 0.036304
0.119869 0.063294 0.128272
0.085992 0.013225 0.142412
0.063112 0.078174 0.145851
0.135670 -0.150609 0.089647
0.139577 -0.134165 0.083978
0.122896 -0.163469 0.105617
0.146286 -0.052137 0.076011
0.142034 -0.037719 0.089128
0.110586 -0.074328 0.111599
0.145914 -0.072536 0.076895
0.125857 -0.078115 0.090299
0.134172 -0.094807 0.079670
0.125118 -0.104873 0.097311
0.146327 -0.022633 0.077132
0.127619 -0.002904 0.114822
-0.092702 -0.170232 0.126589
-0.101186 -0.192900 0.121306
-0.055481 -0.148705 0.146714
-0.101052 -0.214198 0.119664
-0.077022 -0.143809 0.135239
-0.088021 -0.152321 0.128784
-0.076280 -0.169264 0.137240
-0.049547 -0.199164 0.147345
-0.068174 -0.154010 0.141727
-0.059179 -0.176379 0.146231
-0.068078 -0.199382 0.139725
-0.082831 -0.220880 0.129795
-0.085012 -0.250649 0.125498
-0.075462 -0.269712 0.126520
-0.056893 -0.261845 0.137869
-0.038846 -0.231404 0.146640
-0.060116 -0.225514 0.139061
-0.043432 -0.250480 0.143146
0.143043 0.027344 0.098347
0.134258 0.017017 0.115403
0.139449 0.005850 0.104566
0.122663 0.033666 0.126828
0.137800 0.046528 0.096148
-0.142316 0.037031 0.070212
-0.111899 0.068671 0.127738
-0.135353 0.056595 0.100396
-0.141402 0.051860 0.082668
-0.135640 0.016727 0.108659
-0.136884 0.035703 0.097566
-0.140519 0.011121 0.089660
-0.117986 0.040210 0.116727
-0.133508 -0.007578 0.104192
-0.133473 0.043949 0.111448
-0.126236 0.062033 0.116791
-0.130785 0.101848 0.100002
-0.148693 0.109841 0.075778
-0.136355 0.081023 0.100183
-0.142046 -0.003194 0.092467
-0.117897 0.127330 0.095330
-0.132188 0.135297 0.081323
-0.103816 0.138287 0.096101
-0.134224 0.119503 0.086064
-0.095572 0.120773 0.114149
-0.150409 0.076035 0.075492
-0.159571 0.083690 0.054486
-0.117766 0.141562 0.086690
-0.143051 0.064696 0.086839
-0.153699 0.071077 0.063404
-0.153001 0.094943 0.068346
-0.145284 0.086693 0.084314
-0.159170 0.107778 0.061735
-0.168345 0.098541 0.052410
-0.152270 0.019008 0.035892
0.088703 0.036710 0.134193
0.080564 0.076431 0.145261
0.132723 -0.179343 0.098989
0.095065 -0.131525 0.121973
0.112832 -0.180112 0.115569
0.106639 -0.154329 0.117493
0.105702 -0.202727 0.119727
0.115587 -0.143676 0.108754
0.090546 -0.153739 0.129106
0.091669 -0.199156 0.128596
0.022357 -0.086212 0.148064
0.058330 -0.114770 0.140806
0.076607 -0.129299 0.134014
0.125307 -0.053520 0.098044
0.107506 -0.032031 0.113579
0.117279 -0.067436 0.100588
0.112601 -0.048892 0.107288
0.120143 -0.034390 0.106401
0.127364 -0.019324 0.109920
0.131010 -0.122617 0.093582
-0.062191 -0.122550 0.141069
-0.019619 -0.106997 0.151391
-0.040268 -0.122051 0.148852
-0.051951 -0.130597 0.145970
-0.050681 -0.100375 0.144092
-0.034697 -0.099790 0.148331
-0.011202 -0.042049 0.146095
-0.018999 -0.073497 0.148081
-0.050646 -0.046786 0.141244
-0.042163 -0.072634 0.144822
-0.086157 -0.118175 0.128050
-0.075354 -0.123864 0.135099
-0.098770 -0.252362 0.118879
-0.047155 -0.217211 0.145322
-0.029133 -0.209689 0.152034
-0.073910 -0.235286 0.131959
-0.068296 -0.252124 0.132213
-0.055672 -0.242490 0.139011
-0.138595 -0.018302 0.093960
-0.115338 -0.020924 0.113862
-0.120929 0.087453 0.117239
-0.127219 0.076428 0.112926
-0.089410 0.094404 0.134900
-0.110564 0.106000 0.116172
-0.105555 0.085551 0.130446
-0.084226 0.130594 0.110801
-0.141453 0.098777 0.087082
0.059827 0.040045 0.142122
0.070241 0.057441 0.148505
0.076967 0.038930 0.148278
0.099704 0.018599 0.121570
0.116110 0.009592 0.121124
0.095753 -0.007366 0.120975
0.111091 -0.012532 0.113116
0.109273 -0.111181 0.113426
0.080896 -0.080028 0.129178
0.054297 -0.168189 0.150399
0.072636 -0.186149 0.141048
0.081604 -0.168847 0.136702
-0.024437 -0.160459 0.156800
-0.024990 -0.185251 0.156047
-0.042881 -0.164258 0.152403
-0.034815 -0.143209 0.152826
-0.014541 -0.134840 0.154680
-0.026647 -0.124501 0.152047
0.008870 -0.164781 0.159420
0.006072 -0.112581 0.152964
-0.007098 -0.155124 0.158100
-0.006018 -0.178586 0.158851
0.008206 -0.138390 0.156774
-0.007585 -0.117445 0.153267
0.031887 -0.150660 0.155665
0.018224 -0.151153 0.157832
0.003796 -0.067371 0.147825
-0.060264 -0.069832 0.139292
-0.085538 -0.035693 0.132274
-0.084084 -0.069941 0.130112
-0.101746 -0.060205 0.121976
-0.069127 -0.046771 0.136180
-0.072716 -0.076912 0.135062
-0.084028 -0.093939 0.129613
-0.081570 -0.051568 0.132057
-0.031162 -0.081362 0.147523
-0.029724 -0.050497 0.145340
-0.098356 -0.115932 0.120535
-0.127517 -0.019674 0.106078
-0.122190 -0.033085 0.107438
-0.112244 0.003261 0.117163
-0.081255 0.111456 0.127005
-0.095768 0.105796 0.125351
-0.028222 0.082893 0.138204
-0.048885 0.106380 0.133294
-0.063634 0.113414 0.129055
-0.066465 0.093262 0.139775
-0.110656 0.118006 0.107140
-0.123965 0.113656 0.099548
0.106130 0.035726 0.125538
0.090347 0.022051 0.130901
0.094394 0.004431 0.131652
0.076814 -0.009661 0.141526
0.096701 -0.023342 0.121599
0.106355 -0.128691 0.114449
0.120103 -0.116495 0.104425
0.114902 -0.094459 0.108803
0.072471 -0.102608 0.131942
0.091294 -0.103361 0.123864
0.102179 -0.087830 0.120574
0.050574 -0.069725 0.138791
0.085012 -0.118764 0.127070
0.058693 -0.090969 0.137579
0.065696 -0.072008 0.132520
0.040666 -0.090861 0.144684
0.080718 -0.052205 0.133209
0.097704 -0.061788 0.125001
0.102497 -0.047200 0.117926
0.029249 -0.117857 0.150779
0.093211 -0.077132 0.126503
0.016878 -0.123982 0.153544
0.061862 -0.143077 0.144356
0.045828 -0.130040 0.148715
0.067810 -0.162789 0.143831
0.045141 -0.110004 0.145584
0.053504 -0.197370 0.148300
0.034211 -0.181139 0.156524
0.013390 -0.196517 0.157446
0.052730 -0.215572 0.146602
0.067848 -0.206556 0.140703
0.039201 -0.199601 0.153200
-0.039959 -0.183418 0.152562
-0.004988 -0.089943 0.150530
0.009486 -0.093046 0.150123
-0.008828 -0.060496 0.147634
-0.104862 -0.032312 0.126084
-0.096383 -0.044305 0.127174
-0.092166 -0.006520 0.138035
-0.107405 -0.015700 0.130549
-0.064617 -0.014470 0.137555
-0.092749 -0.021110 0.133970
-0.077345 -0.021949 0.134566
-0.107221 -0.001036 0.133611
-0.082240 0.036336 0.142617
-0.111908 0.020882 0.131091
-0.092267 0.014303 0.141449
-0.086235 0.066241 0.141691
-0.060102 -0.031010 0.138658
-0.032828 -0.010935 0.142725
-0.048695 -0.017156 0.140588
-0.036785 -0.030311 0.143210
-0.020340 -0.024109 0.144562
-0.118349 0.021590 0.113397
-0.104383 0.045320 0.136310
-0.071952 0.005042 0.135944
-0.047726 0.008235 0.140684
-0.054380 -0.004405 0.139697
0.025302 -0.001167 0.139566
-0.097232 0.030313 0.140160
-0.075486 0.019701 0.139869
-0.045444 0.048051 0.143125
-0.062806 0.037993 0.137982
-0.005344 0.006769 0.140270
-0.058015 0.020747 0.136594
-0.039314 0.028017 0.142865
-0.062108 0.064270 0.143261
-0.017068 -0.006031 0.142947
0.004625 -0.015874 0.142768
-0.024712 0.013846 0.141760
-0.009680 0.051669 0.136638
-0.071682 0.049990 0.142487
-0.006758 -0.025211 0.144380
0.008503 -0.040549 0.145111
-0.027291 0.044619 0.139615
0.021997 -0.058455 0.145794
0.023040 -0.023048 0.142603
-0.012705 0.030554 0.137984
-0.023990 0.064516 0.138265
0.035533 -0.068947 0.143965
0.043475 -0.037821 0.138060
0.033860 -0.050049 0.142528
0.022938 0.036316 0.136774
0.002475 0.080550 0.136710
-0.042740 0.069044 0.141667
0.041997 -0.013089 0.135858
0.004259 0.039130 0.138204
-0.008194 0.067965 0.136444
0.012998 0.061226 0.136732
-0.046645 0.088209 0.140389
0.000987 0.022375 0.139401
0.011898 0.009086 0.140120
0.028986 0.017810 0.136746
-0.059538 0.080220 0.143724
0.015553 0.023306 0.138580
0.041904 0.032892 0.137694
0.042502 0.058161 0.140470
0.051658 0.010117 0.135597
0.065968 0.019451 0.145330
0.056590 0.063734 0.144343
0.037404 0.006370 0.135629
0.053588 0.024307 0.138388
0.065778 0.001978 0.142528
0.059825 -0.013609 0.136303
-0.095861 -0.077478 0.123776
-0.127015 0.003962 0.111843
0.089896 -0.012348 0.134887
0.092982 -0.043580 0.129081
0.046723 -0.150139 0.151455
0.019346 -0.178773 0.158939
0.005378 -0.232692 0.153204
-0.014676 -0.226523 0.152726
-0.012565 -0.256598 0.149202
-0.078894 0.082315 0.141841
-0.112220 0.052831 0.124364
-0.090528 0.050249 0.142330
-0.077749 -0.008564 0.134585
-0.035094 0.003391 0.141859
0.061684 -0.046131 0.133976
0.074206 -0.035477 0.137033
0.056435 -0.029601 0.134820
0.049948 -0.052096 0.137432
0.035136 -0.026326 0.139448
0.017709 0.076450 0.137940
0.028302 0.065027 0.139554
0.002810 -0.212409 0.155069
0.020691 -0.219145 0.154108
-0.025500 -0.243127 0.148488
0.007834 -0.256745 0.151664
0.075003 0.211389 0.053325
0.054632 0.184557 0.076015
0.049589 0.196958 0.067483
0.067290 0.195229 0.066486
0.087281 0.175136 0.078743
0.065272 0.203913 0.060157
0.085151 0.190187 0.068633
0.109206 0.173833 0.074809
0.070756 0.180521 0.077446
0.092465 0.198026 0.061788
0.102160 0.187510 0.067351
0.051823 0.165858 0.090765
0.071334 0.166686 0.088210
0.057803 0.175464 0.082962
0.061648 0.159163 0.096110
0.090440 0.159561 0.089167
0.079942 0.150700 0.099184
0.074634 0.134725 0.113135
0.106575 0.152993 0.088154
0.103710 0.164308 0.082364
0.026930 0.122626 0.123428
0.017920 0.101515 0.133155
0.086886 0.127710 0.115450
0.052985 0.122771 0.124896
0.067694 0.125315 0.122072
0.056098 0.136381 0.114428
0.040859 0.130425 0.119151
0.011322 0.151478 0.101803
0.022960 0.138971 0.111868
0.040335 0.150793 0.103013
-0.016550 0.128192 0.118147
-0.043504 0.128865 0.118624
-0.056557 0.123723 0.121802
0.037331 0.140697 0.111528
0.028179 0.164208 0.092485
0.039101 0.175823 0.083601
0.013116 0.178623 0.082223
0.024725 0.173839 0.085437
0.008262 0.165132 0.091646
-0.008053 0.177042 0.083013
-0.009549 0.155423 0.098476
0.002971 0.173126 0.085960
0.025503 0.149547 0.103640
0.001585 0.137168 0.111955
0.039992 0.160167 0.095461
0.031543 0.188753 0.075094
0.044190 0.188782 0.074110
0.001547 0.185931 0.077629
-0.017699 0.182693 0.078663
-0.035879 0.148792 0.103078
-0.042009 0.159903 0.094046
-0.008857 0.166200 0.090591
-0.001982 0.147241 0.104643
0.003253 0.119152 0.123822
0.021063 0.195050 0.071692
-0.024519 0.156118 0.097622
0.014306 0.128631 0.118359
-0.003538 0.127868 0.118623
-0.019052 0.106399 0.130597
-0.034011 0.099091 0.135115
0.015841 0.113788 0.127094
-0.011417 0.117355 0.124627
-0.064432 0.141726 0.106751
-0.051880 0.150068 0.101753
-0.049716 0.138912 0.110439
0.046986 -0.240599 0.147418
0.074410 0.099113 0.138923
0.094174 0.104492 0.130905
0.062174 0.110926 0.133031
0.039453 0.107384 0.133670
0.039191 0.118689 0.127123
0.030781 0.095107 0.137149
0.050487 0.093361 0.141497
-0.140945 0.027370 0.084639
0.119704 -0.209962 0.110143
0.138197 -0.010169 0.102916
-0.029326 0.137130 0.112600
-0.017900 0.145479 0.105816
-0.011340 0.137447 0.111573
-0.030854 0.118263 0.124979
-0.011832 0.091040 0.134795
0.003157 0.095227 0.133595
0.238605 0.139472 0.005891
0.270719 0.144305 0.003323
0.299523 0.150805 -0.002618
0.327167 0.154546 -0.005142
0.326327 0.170410 0.012967
0.327178 0.191980 0.021509
0.329772 0.215323 0.019234
0.330577 0.235494 0.004095
0.328471 0.253667 -0.013800
0.324388 0.270039 -0.032019
0.315293 0.278575 -0.049689
0.313210 0.260789 -0.062629
0.326767 0.252994 -0.044891
0.331125 0.233666 -0.060281
0.332840 0.207806 -0.065802
0.333271 0.180887 -0.064988
0.333395 0.159750 -0.049059
0.332135 0.150982 -0.027687
0.228903 0.119519 -0.028133
0.198165 0.110265 -0.057766
0.184024 0.135479 -0.082280
0.168447 0.161589 -0.094003
0.151646 0.181398 -0.086996
0.137829 0.199768 -0.089337
0.124027 0.215185 -0.088953
0.110488 0.227762 -0.087839
0.095860 0.239081 -0.084786
0.080848 0.247762 -0.080893
0.065191 0.255552 -0.077410
0.048442 0.261918 -0.074919
0.064691 0.267714 -0.066130
0.076794 0.273832 -0.049879
0.081963 0.275152 -0.031671
0.081873 0.270050 -0.013142
0.121186 0.269930 -0.034006
0.099673 0.270878 -0.037643
0.088958 0.272664 -0.042056
0.087448 0.262978 -0.063657
0.078111 0.268410 -0.061180
0.313698 0.159974 0.004869
0.266513 0.194502 0.030489
0.215519 0.255168 -0.028560
0.265267 0.153062 -0.058190
0.121535 0.265065 0.001799
0.142072 0.245481 -0.057666
0.101004 0.254279 -0.068505
0.078014 0.256991 -0.073836
0.242205 0.165694 0.046764
0.231231 0.221794 0.029587
0.198402 0.210174 -0.065611
0.179451 0.250757 0.010748
0.240753 0.135037 -0.042373
0.106944 0.263921 -0.004175
0.098519 0.268189 -0.021350
0.116367 0.257802 0.013549
0.133823 0.257931 0.019771
0.129667 0.233725 -0.075400
0.093356 0.247524 -0.077867
0.223301 0.149974 0.047000
0.262594 0.161832 0.026980
0.239992 0.155493 0.029937
0.289510 0.162840 0.015743
0.225202 0.179977 0.040663
0.198246 0.217304 0.041545
0.174281 0.186482 -0.074905
0.162443 0.239893 0.033647
0.223069 0.111629 -0.041339
0.207009 0.143459 -0.055942
0.100795 0.257055 0.005042
0.095732 0.262721 -0.006610
0.124384 0.249279 0.026895
0.145074 0.248300 0.032063
0.122177 0.226322 -0.083988
0.257947 0.149310 0.014433
0.180930 0.202201 0.046005
0.206640 0.195031 0.044639
0.173572 0.222224 0.039765
0.168627 0.181040 -0.089970
0.158170 0.205717 -0.081838
0.150628 0.229907 0.040721
0.200680 0.130171 -0.066364
0.180577 0.158549 -0.072124
0.156147 0.262636 0.005601
0.161331 0.213846 0.045311
0.149636 0.195928 -0.084405
0.146270 0.257865 0.019440
0.162265 0.252286 0.020394
0.314398 0.148473 -0.016300
0.297492 0.197634 0.025501
0.286311 0.239313 0.013468
0.266366 0.244801 -0.034775
0.294038 0.186730 -0.069341
0.101863 0.264629 -0.053012
0.110441 0.269010 -0.039413
0.113595 0.268718 -0.016550
0.116323 0.260653 -0.054488
0.105607 0.268258 -0.023482
0.135751 0.260413 -0.043729
0.115963 0.246901 -0.071257
0.108681 0.238466 -0.081412
0.257715 0.126258 -0.015437
0.287112 0.138719 -0.019386
0.308696 0.177493 0.019452
0.249268 0.191691 0.045869
0.260631 0.218642 0.024238
0.236007 0.204803 0.044703
0.246740 0.206982 0.033827
0.222184 0.212253 0.042715
0.236675 0.151872 -0.061251
0.254426 0.191352 -0.070677
0.253283 0.169248 -0.067950
0.272117 0.182287 -0.069775
0.208165 0.179551 0.044106
0.195713 0.237590 0.021975
0.142718 0.218680 -0.077565
0.173918 0.211009 -0.067185
0.201546 0.182437 -0.071065
0.228332 0.179290 -0.070970
0.218686 0.159481 -0.065883
0.137794 0.268404 -0.000980
0.127096 0.269347 -0.014559
0.141782 0.267337 -0.024831
0.315637 0.201154 0.023284
0.306054 0.222432 0.020135
0.282652 0.177582 0.027617
0.279444 0.191059 0.028217
0.309182 0.239196 0.000952
0.295846 0.250671 -0.017939
0.297851 0.232033 0.015826
0.283999 0.213525 0.024187
0.296260 0.242695 -0.004111
0.296058 0.255857 -0.034111
0.316227 0.191188 -0.068735
0.305617 0.163518 -0.058710
0.305051 0.215305 -0.063488
0.277413 0.209926 -0.066941
0.127339 0.254078 -0.058760
0.131287 0.244354 -0.065969
0.255080 0.134778 -0.001420
0.266483 0.136899 -0.038551
0.286117 0.149592 -0.050500
0.308416 0.148529 -0.037729
0.285233 0.166521 -0.064115
0.284214 0.139217 -0.034855
0.257802 0.245482 0.007008
0.278570 0.249711 0.002967
0.266550 0.236195 0.014346
0.248158 0.227771 0.019331
0.272197 0.247720 -0.020270
0.280966 0.246902 -0.011990
0.178835 0.237024 0.028417
0.189975 0.227756 0.034844
0.143300 0.232424 -0.067928
0.163584 0.236170 -0.050944
0.157748 0.221328 -0.066785
0.152662 0.237273 -0.057106
0.156992 0.254299 -0.036522
0.168719 0.223759 -0.059935
0.146276 0.260202 -0.035420
0.185297 0.198384 -0.070039
0.167839 0.200278 -0.074388
0.184897 0.174276 -0.071254
0.223227 0.205472 -0.068466
0.201615 0.166352 -0.068358
0.130228 0.263757 0.008466
0.313219 0.259581 -0.016774
0.300750 0.273444 -0.028474
0.307791 0.266570 -0.038031
0.276495 0.224446 0.018966
0.304583 0.238376 -0.042639
0.323392 0.167638 -0.058808
0.322218 0.219263 -0.068261
0.307307 0.241107 -0.064749
0.291453 0.203147 -0.068716
0.277182 0.261594 -0.033810
0.241898 0.259203 -0.014942
0.237880 0.197703 -0.070505
0.218180 0.189308 -0.070992
0.218845 0.232126 -0.049951
0.188544 0.236103 -0.046531
0.302753 0.253274 -0.048155
0.282514 0.242773 -0.046913
0.252521 0.239937 -0.043048
0.244249 0.222309 -0.060585
0.265523 0.255818 -0.047882
0.281169 0.237535 -0.048830
0.241643 0.259795 -0.037997
0.292642 0.251270 -0.050181
0.286128 0.260944 -0.023356
0.254583 0.247049 -0.020889
0.254903 0.257962 -0.004813
0.227213 0.242098 0.007598
0.237148 0.235548 0.013077
0.267697 0.254969 -0.004433
0.239462 0.254169 -0.000497
0.219880 0.256099 -0.007564
0.214031 0.219456 -0.061291
0.197981 0.225955 -0.056466
0.229034 0.226544 -0.057886
0.182871 0.224924 -0.056482
0.257391 0.211750 -0.066402
0.262796 0.228399 -0.055977
0.291027 0.225278 -0.057266
0.232725 0.240895 -0.038757
0.217494 0.241286 -0.037253
0.198764 0.245343 -0.031513
0.227429 0.254298 -0.036518
0.177806 0.248326 -0.029741
0.189096 0.241983 -0.034415
0.210665 0.243765 0.008362
0.196742 0.254561 -0.009126
0.187226 0.250424 -0.019786
0.173925 0.256850 -0.009248
0.203245 0.252927 -0.021391
0.197585 0.245873 0.007357
0.228257 0.259529 -0.022536
0.184411 0.252638 -0.003963
0.166994 0.255599 -0.023598
0.168284 0.257184 0.004832
0.263789 0.173575 0.040160
0.212347 0.231428 0.024764
0.214411 0.221815 0.037791
0.166552 0.246077 -0.038910
0.154419 0.264852 -0.014969
0.195309 -0.337134 0.020650
0.195637 -0.334137 -0.002195
0.183461 -0.333524 -0.023099
0.177566 -0.332131 -0.047051
0.166700 -0.332488 -0.069407
0.145445 -0.335074 -0.082554
0.129086 -0.334160 -0.101359
0.104400 -0.334630 -0.100304
0.084682 -0.335014 -0.114483
0.060436 -0.335542 -0.117314
0.036210 -0.336114 -0.117783
0.011894 -0.336449 -0.117684
-0.011775 -0.336689 -0.113611
-0.035440 -0.337005 -0.110981
-0.059474 -0.336979 -0.109726
-0.083807 -0.336873 -0.112377
-0.107946 -0.334412 -0.106530
-0.127275 -0.332288 -0.089212
-0.152815 -0.329500 -0.079087
-0.169035 -0.329928 -0.055614
-0.192367 -0.328661 -0.042181
-0.218776 0.122182 -0.030514
-0.203399 0.135189 -0.061776
-0.190551 0.145727 -0.088200
-0.166365 0.163574 -0.087812
-0.152038 0.185245 -0.091161
-0.139983 0.205263 -0.089784
-0.126596 0.220032 -0.086422
-0.114008 0.231707 -0.083895
-0.100991 0.241159 -0.080211
-0.086974 0.247920 -0.077719
-0.071209 0.253623 -0.075207
-0.053725 0.259478 -0.075011
-0.036194 0.258847 -0.078635
-0.018694 0.258209 -0.079529
-0.000844 0.259776 -0.079141
0.014821 0.258485 -0.079761
0.032228 0.257765 -0.079341
0.191976 -0.324582 0.030717
0.178224 -0.268248 -0.017816
0.068353 -0.133950 -0.093529
-0.122613 -0.229459 -0.089593
-0.180063 -0.293156 -0.046522
-0.191768 -0.317943 -0.026416
-0.187847 -0.299007 -0.030023
-0.185719 -0.311864 -0.046000
0.182999 -0.302101 -0.014373
0.194321 -0.308821 0.008518
0.159739 -0.280962 -0.059740
0.074779 -0.237720 -0.113425
-0.080673 -0.277710 -0.114309
-0.159826 -0.307838 -0.061984
0.185828 -0.321119 -0.012679
0.178456 -0.308120 -0.037908
0.146759 -0.304401 -0.075182
0.084567 -0.287678 -0.113655
0.010168 -0.263707 -0.117288
-0.032330 -0.291248 -0.116555
-0.077428 -0.309385 -0.113734
-0.123505 -0.289498 -0.094534
-0.145488 -0.313420 -0.083715
-0.159455 -0.322288 -0.064120
0.151633 -0.322010 -0.074176
0.136111 -0.311798 -0.096301
0.091065 -0.312429 -0.112080
0.039960 -0.297347 -0.116577
-0.027756 -0.315331 -0.113766
-0.074012 -0.325416 -0.113380
-0.100927 -0.316727 -0.109288
0.044545 -0.318486 -0.116623
0.014209 -0.308266 -0.116593
0.065047 -0.307350 -0.116032
0.030367 -0.308079 -0.116390
0.021734 -0.324353 -0.117000
-0.003275 -0.318652 -0.115597
0.069777 -0.323554 -0.115328
-0.008187 -0.295788 -0.115912
0.130684 0.034856 -0.094790
0.004475 0.153067 -0.107410
-0.007947 0.211084 -0.096992
-0.008691 0.236895 -0.088926
-0.009143 0.249527 -0.083716
0.019210 0.239102 -0.087823
-0.031182 0.243040 -0.086462
0.005119 0.244096 -0.086124
0.021674 0.249857 -0.083349
0.043428 0.245519 -0.085715
-0.143547 0.049676 -0.092457
0.178336 -0.238276 0.003124
0.136689 -0.070581 -0.050626
-0.157295 -0.216598 -0.050332
-0.118360 -0.123100 -0.078711
-0.176384 -0.265986 -0.032452
0.188475 -0.285218 -0.002054
0.183714 -0.261948 0.001046
0.186679 -0.290049 0.019383
0.181727 -0.253770 0.017892
0.179266 -0.233140 0.019921
0.184092 -0.271551 0.015303
0.189614 -0.308149 0.022215
0.175249 -0.284937 -0.032715
0.174169 -0.290517 -0.049269
0.169821 -0.310697 -0.060972
-0.149112 -0.280745 -0.072636
0.119423 -0.260106 -0.095801
0.108925 -0.298785 -0.101213
0.112995 -0.318273 -0.098349
-0.052480 -0.303998 -0.114241
-0.056321 -0.320404 -0.112303
-0.120946 -0.317059 -0.093278
-0.134362 -0.302025 -0.089359
-0.112522 -0.304375 -0.100208
-0.102342 -0.283320 -0.105866
0.057566 -0.281191 -0.117454
0.078015 -0.300532 -0.114387
-0.015761 -0.307577 -0.115084
-0.017807 -0.267433 -0.117976
0.010573 -0.286394 -0.116715
-0.005731 -0.280218 -0.117056
0.028297 -0.277430 -0.117001
0.038672 -0.240918 -0.116199
0.043220 -0.283646 -0.117034
0.040922 -0.262522 -0.117473
0.023978 -0.251633 -0.117006
-0.017932 -0.155113 -0.104210
0.005155 -0.201686 -0.107799
0.017581 -0.225446 -0.113653
0.059361 -0.251912 -0.118077
0.082405 -0.263133 -0.113708
0.115214 0.111806 -0.112514
0.163614 0.077303 -0.059085
0.148402 0.009541 -0.030879
0.057051 0.190216 -0.105798
-0.084455 0.138272 -0.116749
-0.059994 0.209298 -0.101023
-0.026541 0.224463 -0.093376
-0.051672 0.247179 -0.083572
-0.040272 0.250994 -0.083164
-0.044288 0.233648 -0.090482
-0.043733 0.217710 -0.096249
-0.066629 0.238099 -0.088221
-0.064605 0.246461 -0.082705
0.052182 0.254307 -0.080203
0.061575 0.240354 -0.088188
-0.144112 0.027754 -0.045173
-0.177056 0.088625 -0.058929
0.144090 -0.159853 -0.049656
0.148153 -0.055607 -0.002350
-0.169520 -0.212588 -0.026396
-0.152120 -0.162884 -0.041623
-0.146167 -0.085806 -0.043405
-0.183387 -0.280977 -0.027129
-0.180814 -0.265016 -0.017835
0.183260 -0.266731 0.028817
0.157190 -0.297034 -0.064379
-0.152499 -0.297885 -0.073415
-0.162460 -0.284406 -0.056006
-0.174625 -0.276832 -0.046599
-0.160473 -0.249707 -0.051486
-0.157073 -0.267463 -0.059722
-0.141300 -0.248176 -0.075005
-0.151224 -0.254003 -0.064796
-0.150748 -0.233627 -0.062444
-0.139500 -0.205316 -0.070502
-0.138777 -0.227171 -0.075002
-0.148132 -0.216306 -0.063681
-0.153095 -0.190763 -0.051064
0.132906 -0.284716 -0.092730
0.144963 -0.280525 -0.075958
0.133648 -0.266795 -0.085717
0.139122 -0.218434 -0.073192
0.131790 -0.238504 -0.084297
0.148857 -0.253796 -0.067350
0.167122 -0.255100 -0.043902
0.170004 -0.272260 -0.048876
0.172294 -0.267922 -0.033001
0.095935 -0.299603 -0.109858
-0.069572 -0.293602 -0.114518
-0.087780 -0.293845 -0.113019
-0.054109 -0.272300 -0.118811
-0.037601 -0.303617 -0.114846
-0.040302 -0.322453 -0.112554
-0.120468 -0.260572 -0.094640
-0.014142 -0.232359 -0.115175
0.004759 -0.242423 -0.116072
-0.005800 -0.255914 -0.117322
0.050615 -0.184443 -0.103340
0.071572 -0.274100 -0.115536
0.098507 -0.245961 -0.106541
0.100830 -0.277422 -0.106041
0.096950 -0.261658 -0.108247
0.117339 -0.285087 -0.101435
0.136048 0.135189 -0.095494
0.194103 0.101412 -0.050398
0.165709 0.055165 -0.017263
0.153052 0.019978 0.006342
0.080604 0.213978 -0.100162
-0.119215 0.173240 -0.112835
-0.095644 0.202694 -0.103037
-0.021998 0.234371 -0.089854
-0.026541 0.208246 -0.098466
-0.010485 0.182157 -0.103587
-0.014572 0.197437 -0.100610
-0.056272 0.227339 -0.093694
-0.083421 0.235488 -0.087807
-0.151439 0.014037 -0.022531
-0.174684 0.051927 -0.030454
-0.207368 0.109228 -0.059105
0.157562 -0.128526 -0.007474
0.147901 -0.048405 0.022913
-0.174902 -0.210248 -0.012485
-0.168010 -0.184544 -0.021662
-0.172214 -0.239527 -0.025911
-0.154679 -0.131717 -0.023705
-0.152507 -0.077749 -0.018752
-0.146738 -0.034604 -0.037904
0.139787 -0.299358 -0.089231
0.138267 -0.253224 -0.078980
0.144162 -0.231971 -0.069598
0.163138 -0.202541 -0.037660
0.155873 -0.240258 -0.055192
0.152582 -0.213835 -0.056433
0.166308 -0.230802 -0.034574
0.144898 -0.188732 -0.061287
0.160631 -0.218845 -0.044383
0.154210 -0.194674 -0.049619
-0.035380 -0.272670 -0.118347
-0.045717 -0.238091 -0.116876
-0.032114 -0.253050 -0.118034
-0.048175 -0.256051 -0.119006
-0.030040 -0.235170 -0.115991
-0.042625 -0.192247 -0.106624
-0.025427 -0.208732 -0.110443
-0.049293 -0.288766 -0.117151
-0.115926 -0.276710 -0.098517
-0.098258 -0.258077 -0.107596
-0.074784 -0.240548 -0.114260
0.000399 -0.221563 -0.112751
-0.009886 -0.207638 -0.109609
-0.018007 -0.182441 -0.105370
0.029867 -0.199753 -0.107374
0.085838 -0.248758 -0.112242
0.097050 -0.191403 -0.094976
0.115271 -0.238294 -0.096745
0.099065 -0.218548 -0.101827
0.158262 0.142908 -0.097528
0.165889 0.118546 -0.078703
0.139292 0.163356 -0.104623
0.167303 0.134579 -0.079361
0.150062 0.158097 -0.089753
0.202309 0.117905 -0.044120
0.185802 0.122649 -0.061093
0.193993 0.081062 -0.007222
0.181005 0.062816 0.008281
0.153404 0.024526 0.025799
0.149446 -0.001962 0.020303
0.161137 0.042411 0.010494
0.093779 0.225349 -0.093806
0.102584 0.207163 -0.099638
0.074064 0.229107 -0.093807
-0.132569 0.185647 -0.097750
-0.141810 0.139224 -0.096264
-0.108948 0.216005 -0.094693
-0.095694 0.226621 -0.091688
-0.115616 0.198706 -0.102668
-0.077038 0.219998 -0.097172
-0.070126 0.228735 -0.093541
-0.119741 0.210333 -0.094369
-0.076420 0.202599 -0.104639
-0.089152 0.215026 -0.098853
-0.049062 0.169291 -0.109399
-0.035598 0.188677 -0.103549
-0.022332 0.188071 -0.102939
-0.026190 0.166180 -0.106879
-0.084006 0.173344 -0.112757
-0.058981 0.188951 -0.107099
-0.040618 0.203553 -0.100387
-0.084779 0.190271 -0.108412
-0.071363 0.181546 -0.110987
-0.101691 0.181664 -0.109190
-0.052109 0.198868 -0.103103
-0.162927 0.020428 -0.007640
-0.160090 0.038134 -0.015558
-0.157433 -0.004891 -0.016281
-0.179364 0.061833 -0.013990
-0.193913 0.076376 -0.031426
-0.207162 0.120184 -0.048703
0.159523 -0.127828 0.016462
0.147554 -0.045201 0.037090
0.151129 -0.073836 0.024850
-0.160639 -0.178740 -0.036054
-0.165080 -0.230049 -0.040085
-0.168398 -0.252616 -0.038179
-0.158328 -0.127848 -0.008626
-0.153999 -0.072910 -0.004751
-0.152600 -0.050283 -0.014833
-0.149294 -0.106756 -0.031363
-0.156515 -0.108812 -0.015273
-0.152869 -0.094637 -0.019626
0.172301 -0.182517 -0.002099
0.176116 -0.209592 0.004932
-0.018609 -0.247230 -0.117134
-0.044374 -0.215241 -0.112322
-0.060983 -0.225160 -0.114532
-0.093636 -0.199294 -0.098943
-0.080737 -0.217351 -0.108261
-0.094627 -0.235160 -0.107266
-0.068353 -0.188732 -0.103147
-0.110013 -0.242431 -0.100683
-0.057372 -0.202995 -0.108359
-0.079415 -0.200515 -0.103533
-0.094090 -0.273089 -0.109749
-0.070792 -0.261087 -0.116874
-0.084518 -0.253210 -0.113191
-0.029144 -0.193033 -0.106606
-0.034408 -0.169673 -0.104489
-0.053214 -0.173965 -0.103437
-0.084468 -0.145868 -0.095743
-0.071875 -0.164845 -0.099476
-0.084402 -0.180547 -0.097049
-0.048594 -0.126189 -0.103944
-0.118162 -0.168301 -0.077549
-0.036707 -0.145432 -0.104350
-0.064450 -0.141901 -0.101291
-0.103425 -0.180557 -0.088937
-0.050493 -0.142250 -0.103390
-0.058354 -0.157737 -0.102175
-0.116083 -0.203347 -0.089222
-0.108162 -0.221547 -0.098332
-0.102423 -0.154425 -0.086224
-0.044692 -0.159249 -0.103800
-0.117018 -0.185871 -0.083811
-0.134043 -0.178494 -0.068301
-0.095082 -0.216075 -0.103237
-0.093641 -0.167532 -0.091905
0.007482 -0.167074 -0.103207
0.017875 -0.208782 -0.109504
0.053932 -0.215769 -0.111349
0.058405 -0.233726 -0.115861
0.035421 -0.220335 -0.112380
0.123087 -0.170723 -0.073970
0.089111 -0.231269 -0.108963
0.076733 -0.205837 -0.105386
0.119953 -0.205790 -0.086923
0.126004 -0.226451 -0.086799
0.113231 -0.218943 -0.094997
0.135075 0.182890 -0.099866
0.096529 0.169224 -0.111432
0.118701 0.195780 -0.098344
0.117533 0.170169 -0.105676
0.100476 0.188465 -0.105803
0.121465 0.144231 -0.114214
0.113784 0.183933 -0.103472
0.077836 0.182968 -0.109699
0.086439 0.198921 -0.104820
0.069775 0.201311 -0.104304
0.124468 0.156584 -0.107119
0.201572 0.087788 0.009782
0.202898 0.109501 -0.011127
0.179827 0.066398 -0.007748
0.171916 0.070811 -0.032799
0.147473 0.002727 0.035175
0.144250 -0.023153 0.026984
0.148486 -0.025028 -0.000913
0.147876 -0.017479 0.013769
0.147326 -0.036923 0.011281
0.156397 0.032617 -0.016540
0.166866 0.050664 -0.001731
0.170441 0.053528 0.018233
0.111832 0.216504 -0.093574
0.041711 0.215498 -0.097068
0.053289 0.205546 -0.101236
0.058876 0.219898 -0.096909
0.048627 0.229346 -0.092874
0.027485 0.225494 -0.093252
0.032319 0.236541 -0.089206
0.016810 0.204704 -0.099151
0.035137 0.199872 -0.101182
0.003718 0.193005 -0.101431
0.006447 0.225159 -0.092903
0.027358 0.213531 -0.097012
0.003166 0.204840 -0.098692
0.009873 0.173629 -0.105021
0.082942 0.238217 -0.087360
-0.142318 0.194213 -0.096946
-0.148369 0.170082 -0.103884
-0.130875 0.168927 -0.101140
-0.142313 0.156866 -0.097352
-0.164489 0.145024 -0.101779
-0.168522 0.114512 -0.087632
-0.175976 0.132769 -0.082825
-0.191056 0.117472 -0.074089
-0.159177 0.129042 -0.098440
-0.121955 0.186483 -0.106955
-0.128564 0.199674 -0.095270
-0.037150 0.175213 -0.106306
-0.008529 0.165448 -0.106139
-0.040183 0.125707 -0.113172
-0.103681 0.194173 -0.104741
-0.169005 0.043633 -0.003324
-0.161472 0.035885 -0.032328
-0.147477 0.023732 -0.030414
-0.159295 -0.000175 -0.001858
-0.143812 -0.010113 -0.040082
-0.141681 0.006493 -0.049393
-0.195994 0.087817 -0.018314
-0.230832 0.097857 -0.029486
-0.174967 0.063334 -0.047807
-0.152913 0.046401 -0.047967
-0.176601 0.050620 -0.044037
-0.150612 0.055885 -0.067721
0.160483 -0.125587 0.029963
0.165897 -0.154811 0.015823
0.150394 -0.066880 0.009608
0.160247 -0.099833 0.002227
0.155660 -0.083250 0.010785
0.153671 -0.100338 0.022026
-0.163420 -0.199861 -0.037591
-0.161741 -0.157112 -0.018370
-0.167756 -0.264156 -0.049623
-0.154793 -0.026919 -0.014284
-0.148914 -0.066226 -0.030430
-0.149257 -0.046820 -0.029423
-0.138854 -0.062699 -0.054246
-0.143834 -0.069704 -0.044221
-0.136919 -0.117893 -0.056604
0.173496 -0.181641 0.018700
0.176584 -0.200458 0.019537
0.173459 -0.221784 -0.014841
0.175516 -0.245423 -0.015869
0.168075 -0.214794 -0.028015
0.168813 -0.193567 -0.019846
0.170392 -0.247821 -0.030643
0.160917 -0.160547 -0.021149
0.160837 -0.178693 -0.034672
0.173842 -0.205069 -0.009691
0.167014 -0.175904 -0.015779
0.166042 -0.158739 -0.003099
0.151621 -0.176056 -0.047098
-0.128197 -0.211509 -0.082914
-0.118076 -0.144400 -0.076229
-0.126525 -0.129693 -0.067537
-0.133674 -0.153242 -0.062575
-0.100603 -0.131141 -0.089356
-0.103782 -0.073951 -0.096494
-0.078759 -0.106405 -0.100180
-0.106990 -0.101609 -0.089995
-0.066328 -0.121663 -0.101757
-0.085033 -0.124744 -0.097335
-0.108412 -0.116283 -0.086649
-0.093410 -0.109950 -0.096238
-0.091992 -0.091256 -0.099101
-0.144050 -0.189629 -0.063016
0.016619 -0.185287 -0.104935
0.032714 -0.160511 -0.102285
0.032219 -0.180138 -0.103973
-0.007651 -0.167963 -0.103866
0.045186 -0.200718 -0.107171
0.061154 -0.199437 -0.106101
0.074543 -0.173638 -0.096350
0.133819 -0.171810 -0.065404
0.132250 -0.193880 -0.074643
0.122074 -0.188724 -0.083780
0.069244 -0.220819 -0.110950
0.090880 -0.204761 -0.101812
0.054665 0.139381 -0.112968
0.224004 0.112801 -0.010390
0.147486 0.042801 -0.056741
0.180996 0.087885 -0.041313
0.204418 0.098456 -0.029461
0.150288 -0.001610 -0.003048
0.146425 -0.019956 -0.028494
0.151876 0.013457 -0.011933
0.147949 -0.015803 -0.012682
0.148282 -0.001684 -0.019978
0.157279 0.032127 -0.000854
-0.009085 0.224587 -0.093119
0.021734 0.187557 -0.103141
0.039520 0.183808 -0.105212
0.057162 0.165383 -0.110645
0.051746 0.177818 -0.107505
-0.039172 0.148486 -0.110510
-0.016332 0.144722 -0.109117
-0.148991 -0.000769 -0.026362
-0.138289 0.013642 -0.086046
-0.141598 0.031631 -0.067608
-0.220795 0.109883 -0.041039
-0.206993 0.082772 -0.049312
-0.201616 0.067786 -0.042546
-0.163436 0.070972 -0.060489
0.157465 -0.114527 0.006360
-0.155370 -0.149892 -0.029366
-0.145619 -0.136526 -0.045022
-0.151660 -0.020278 -0.026487
-0.145765 -0.104647 -0.045629
0.162150 -0.140430 0.002951
-0.128870 -0.193664 -0.078708
-0.129157 -0.168317 -0.069543
-0.142477 -0.166223 -0.055869
-0.129305 -0.031196 -0.083443
0.156723 0.060096 -0.050241
0.160781 0.056792 -0.034211
0.144699 0.060343 -0.084200
0.145753 0.066060 -0.066472
0.135119 0.089188 -0.096273
0.138764 0.074340 -0.084913
0.194204 0.081786 -0.024223
0.031334 0.157234 -0.108505
0.026521 0.172685 -0.106016
0.076823 0.164419 -0.113123
0.093701 0.144319 -0.112736
0.066484 0.151063 -0.113588
-0.038220 0.161632 -0.108622
-0.060236 0.139138 -0.115526
-0.026854 0.153113 -0.108650
0.019660 0.098606 -0.112242
-0.002777 -0.012816 -0.111193
-0.041485 -0.058481 -0.107345
-0.064076 -0.079765 -0.103526
-0.075977 -0.090403 -0.101517
-0.052984 -0.101816 -0.104379
-0.029152 0.136451 -0.110862
-0.006058 0.116963 -0.111548
-0.015215 0.129789 -0.110782
0.004640 0.133220 -0.108783
0.020828 0.142281 -0.109470
0.012862 0.116160 -0.110758
0.037650 0.142069 -0.110751
0.047002 0.154027 -0.110428
0.044050 0.113271 -0.114303
0.030176 0.126509 -0.111812
0.045887 0.127631 -0.113015
0.078687 0.114303 -0.112958
0.063234 0.124470 -0.114722
0.079837 0.132045 -0.114580
0.099546 0.125799 -0.109900
0.028523 0.110223 -0.113432
0.117959 0.128450 -0.114613
-0.140656 0.013535 -0.065877
-0.136733 -0.008060 -0.081676
-0.147698 0.044766 -0.063157
-0.140375 0.032081 -0.087896
-0.068846 0.026699 -0.109132
-0.107665 0.015561 -0.111824
-0.127415 0.018791 -0.102074
-0.120160 0.040633 -0.109796
-0.113947 -0.010490 -0.103131
-0.132617 0.034071 -0.102244
-0.126774 0.002981 -0.098088
-0.149552 -0.123906 -0.033417
-0.137269 -0.135080 -0.057055
0.152957 0.039445 -0.035457
0.150141 0.024993 -0.033982
0.139616 0.007013 -0.071632
0.147747 0.012462 -0.051517
0.145411 -0.008108 -0.046408
0.146662 0.026120 -0.065946
0.148266 0.029914 -0.048878
0.138557 -0.038687 -0.054976
0.136172 0.020233 -0.084872
0.144149 0.039689 -0.078201
0.143574 -0.024798 -0.045065
0.073345 -0.025695 -0.101226
0.089676 0.010987 -0.092498
0.112213 0.019475 -0.092248
0.112953 -0.012110 -0.085744
0.106226 0.003172 -0.090009
0.125640 0.002345 -0.085724
0.088408 -0.012840 -0.088695
0.016518 0.161009 -0.107057
0.106559 0.155372 -0.114514
-0.046782 0.137648 -0.112924
-0.073018 0.155726 -0.115963
-0.057053 0.155321 -0.113236
-0.041831 -0.081423 -0.105947
-0.009355 -0.109169 -0.105299
-0.018868 -0.131002 -0.104727
-0.033726 -0.128427 -0.104803
-0.140387 -0.017879 -0.063608
-0.094595 0.034234 -0.112234
-0.128357 0.092012 -0.115525
-0.151544 0.082278 -0.092662
-0.159369 0.080891 -0.074688
-0.158744 0.100263 -0.075744
-0.146964 0.105303 -0.101198
-0.141494 0.119978 -0.094564
-0.123312 0.127161 -0.119478
-0.138737 0.118783 -0.112180
-0.131181 0.149235 -0.114414
-0.138043 0.134981 -0.109984
-0.107499 0.146317 -0.118611
-0.103771 0.164634 -0.114503
-0.089372 0.155488 -0.115516
-0.123828 -0.019935 -0.093624
-0.091438 -0.042285 -0.104828
-0.112567 -0.039720 -0.097460
-0.104209 -0.027140 -0.103962
-0.065728 -0.013104 -0.107130
-0.082680 -0.025103 -0.107763
-0.100760 -0.056524 -0.100547
-0.078285 -0.061196 -0.103584
-0.121543 -0.055886 -0.085728
-0.089149 -0.002491 -0.109317
-0.097438 -0.014883 -0.107824
-0.057988 -0.037769 -0.106306
-0.059548 -0.061860 -0.104727
-0.087260 -0.075128 -0.101244
-0.067619 -0.026474 -0.105737
-0.073043 -0.045550 -0.104873
-0.030459 -0.101923 -0.105675
-0.007114 -0.070384 -0.107494
0.010425 -0.133010 -0.103640
0.000010 -0.149007 -0.103799
-0.004138 -0.133237 -0.104257
-0.142076 -0.028011 -0.051651
-0.140650 -0.044592 -0.052385
-0.134328 -0.040798 -0.069476
-0.130346 -0.061740 -0.071051
-0.128398 -0.093036 -0.068663
-0.136197 -0.099334 -0.056477
-0.126870 -0.110797 -0.067984
-0.132251 -0.075909 -0.065250
-0.120035 -0.082159 -0.083142
-0.119991 -0.098480 -0.081512
-0.108189 -0.086636 -0.091871
-0.141850 -0.006982 -0.052019
-0.108735 0.029611 -0.114291
-0.066757 0.079536 -0.112547
-0.104375 0.064957 -0.118096
-0.133423 0.064878 -0.109976
-0.152800 0.064788 -0.083020
-0.141435 0.089057 -0.105119
-0.100180 0.123415 -0.119740
-0.070692 0.109407 -0.115361
-0.112890 0.106716 -0.120820
-0.083356 0.121027 -0.115513
-0.090662 0.101713 -0.115802
-0.106578 0.085315 -0.119162
-0.074576 0.093814 -0.114090
-0.086651 0.080034 -0.113343
-0.074670 0.053450 -0.110494
-0.118446 0.158888 -0.117837
-0.106347 0.000305 -0.109614
-0.086113 0.016055 -0.110272
-0.065076 0.006673 -0.107807
-0.026199 0.021166 -0.113984
-0.036419 -0.006103 -0.111896
-0.048283 0.018662 -0.113201
-0.052886 -0.004251 -0.110566
-0.045340 -0.022971 -0.109735
-0.050373 0.042989 -0.114750
-0.035115 0.008992 -0.113226
-0.014360 0.004083 -0.112777
-0.022343 -0.023244 -0.111788
-0.038939 -0.040490 -0.108966
-0.020190 -0.052599 -0.109519
-0.039098 0.031089 -0.114913
-0.008875 0.065456 -0.112997
-0.027058 0.051114 -0.115511
0.037367 0.020503 -0.103882
-0.020913 -0.008959 -0.112441
-0.025840 -0.070962 -0.107615
-0.023662 -0.038147 -0.110347
0.011200 -0.042795 -0.106323
-0.006107 -0.041829 -0.109443
0.002956 -0.028317 -0.109004
0.001996 -0.056170 -0.107805
0.030120 -0.011437 -0.099964
0.046859 -0.082098 -0.095946
0.013947 -0.016032 -0.104938
0.019857 -0.080044 -0.103982
0.012766 0.010584 -0.105468
0.020507 -0.059976 -0.103527
-0.016448 -0.088078 -0.106503
0.001480 0.001589 -0.109906
-0.004803 0.021882 -0.111729
0.037652 -0.039365 -0.097694
0.026191 -0.026909 -0.100113
0.032997 -0.071249 -0.097934
0.034354 -0.054914 -0.097816
0.064761 -0.055547 -0.099661
0.049322 -0.050824 -0.097583
0.055161 -0.033411 -0.101845
0.053873 -0.067111 -0.096165
0.041934 -0.023629 -0.098835
0.090400 -0.092081 -0.089232
0.052759 -0.001659 -0.105960
0.069463 -0.084892 -0.094136
0.002393 -0.087788 -0.105783
-0.016800 0.036070 -0.114126
0.015049 0.034000 -0.106520
0.058329 -0.017529 -0.104331
0.074395 -0.004823 -0.103812
0.019314 -0.107453 -0.103383
-0.023045 -0.115563 -0.105293
-0.042199 -0.111787 -0.104810
-0.137151 -0.082316 -0.054883
-0.115655 -0.070517 -0.088576
-0.106763 0.048279 -0.116744
-0.133275 0.050957 -0.105695
-0.121042 0.074909 -0.116162
-0.057197 0.121296 -0.116144
-0.039076 0.094929 -0.116171
-0.056520 0.093538 -0.113603
-0.044512 0.110442 -0.115442
-0.024819 0.112698 -0.113599
-0.008097 0.091155 -0.112884
-0.012224 0.104951 -0.113209
-0.079139 0.039591 -0.109674
-0.087442 0.064556 -0.112606
-0.055786 0.062165 -0.114480
-0.046287 0.077995 -0.116691
-0.025080 0.079569 -0.115270
-0.038807 0.063198 -0.117152
0.096277 -0.048565 -0.079943
0.036046 0.003732 -0.101504
0.073638 -0.108933 -0.092414
0.022394 0.020876 -0.104298
0.045800 0.060339 -0.114174
0.086870 0.052065 -0.100537
0.116191 0.071431 -0.103742
0.136830 0.076418 -0.105880
0.117721 0.091236 -0.108093
0.105306 0.038974 -0.095487
0.082289 0.084772 -0.106272
0.095957 0.101623 -0.107247
0.133619 0.102272 -0.112507
0.136734 0.110874 -0.091487
0.082608 0.031373 -0.099378
0.107207 0.056115 -0.099358
0.091706 0.068999 -0.101774
0.130309 0.056417 -0.101969
0.068691 0.065666 -0.111670
0.101389 0.082880 -0.104375
0.096112 0.024514 -0.093224
0.065048 0.017288 -0.108948
0.119597 0.045942 -0.097790
0.005278 -0.116198 -0.104344
0.032889 -0.094099 -0.099999
0.051936 -0.106281 -0.095887
-0.090959 0.050449 -0.112649
0.087070 -0.032254 -0.087268
0.106782 -0.030723 -0.079936
0.081689 -0.049841 -0.093336
0.131108 -0.023782 -0.072512
0.133081 -0.008027 -0.076001
0.120776 -0.048579 -0.072910
0.090157 -0.068937 -0.087104
0.070740 -0.041104 -0.100478
0.105269 -0.065624 -0.072898
0.082645 -0.080324 -0.093230
0.124537 -0.067817 -0.066123
0.076995 -0.065001 -0.096411
0.130012 -0.052014 -0.061666
0.119031 -0.117995 -0.064799
0.125131 -0.093257 -0.061347
0.077852 -0.095422 -0.092373
0.035699 0.043217 -0.106739
0.137245 0.120617 -0.111331
0.135903 0.135972 -0.111934
0.149944 0.121783 -0.092520
0.159883 0.096129 -0.075317
0.064975 0.044031 -0.111580
0.047583 0.086380 -0.116455
0.077992 0.017819 -0.100594
0.050720 0.012831 -0.108554
0.050509 0.030459 -0.111363
0.057323 -0.092400 -0.094980
0.061471 -0.118947 -0.094446
0.045888 -0.137961 -0.099335
0.120805 -0.034767 -0.076949
0.096747 -0.127474 -0.084455
0.145994 -0.104900 -0.033414
0.149114 -0.085236 -0.013074
0.106407 -0.100289 -0.074664
0.110843 -0.082425 -0.068458
0.099142 -0.081253 -0.079550
0.029228 0.032393 -0.104290
0.014064 0.056949 -0.107508
0.173798 0.107247 -0.064060
0.147908 0.083799 -0.073033
0.140408 0.097679 -0.084977
0.073428 0.053363 -0.107229
0.069619 0.030526 -0.108526
0.049056 0.045881 -0.113016
0.053289 0.071761 -0.116266
0.064922 0.082514 -0.112943
0.069979 0.099069 -0.112387
0.060175 -0.155365 -0.097356
0.060405 -0.172379 -0.099494
0.046017 -0.154958 -0.100322
0.027666 -0.139484 -0.102265
0.015403 -0.150707 -0.103237
0.022980 -0.123629 -0.102647
0.081817 -0.124078 -0.090006
0.092965 -0.109588 -0.087343
0.138908 -0.092188 -0.046775
0.144950 -0.071175 -0.029384
0.135603 -0.116936 -0.050646
0.144454 -0.088507 -0.033580
0.127952 -0.107296 -0.057863
0.147755 -0.138808 -0.037091
0.128369 -0.144271 -0.060866
0.144564 -0.122155 -0.040299
0.127663 -0.127830 -0.058814
0.139835 -0.159711 -0.054726
0.152242 -0.109690 -0.015623
0.156188 -0.111124 -0.009492
0.151456 -0.126404 -0.024056
0.156667 -0.142249 -0.019984
0.151628 -0.152933 -0.034437
0.115537 -0.103986 -0.065254
0.107620 -0.117494 -0.075884
0.111314 -0.142550 -0.075210
0.021463 0.045042 -0.106001
-0.000775 0.046075 -0.111425
0.008078 0.076632 -0.109680
0.007460 0.091063 -0.111296
0.027386 0.069183 -0.108149
0.004345 0.105522 -0.112444
0.059664 0.111106 -0.115905
0.036668 -0.112882 -0.100072
0.143557 -0.048069 -0.036261
0.146532 -0.035984 -0.018895
0.147488 -0.040956 -0.006045
0.147458 -0.068747 -0.014868
0.119925 -0.154141 -0.070387
0.091810 -0.155484 -0.087138
0.106912 -0.165556 -0.081092
0.081858 -0.142008 -0.090068
0.094744 -0.173567 -0.089405
0.074438 -0.156352 -0.093748
0.048029 -0.122200 -0.097886
0.138485 -0.054063 -0.049852
0.099614 -0.142618 -0.082871
0.108124 -0.183057 -0.087651
-0.134986 -0.271241 -0.084083
-0.138394 -0.286227 -0.084942
-0.129258 -0.245446 -0.086649
0.030812 0.084723 -0.109947
-0.243204 0.127611 -0.004283
-0.272673 0.137665 -0.013158
-0.300245 0.143475 -0.019223
-0.327652 0.148656 -0.023751
-0.327585 0.156039 -0.003668
-0.329372 0.172909 0.012532
-0.332717 0.196754 0.018128
-0.337012 0.219960 0.011050
-0.342076 0.238176 -0.007501
-0.346371 0.250952 -0.028603
-0.346991 0.257591 -0.050007
-0.344903 0.241723 -0.064747
-0.343193 0.219829 -0.064036
-0.333805 0.197109 -0.070279
-0.322067 0.174406 -0.066358
-0.330637 0.169150 -0.089313
-0.332093 0.161673 -0.066356
-0.330863 0.153100 -0.043949
-0.068500 0.265328 -0.063217
-0.080178 0.268911 -0.047898
-0.084023 0.268871 -0.026678
-0.084501 0.262253 -0.009341
-0.127762 0.266483 -0.031701
-0.105184 0.267707 -0.035420
-0.092794 0.267862 -0.037706
-0.090968 0.260681 -0.059994
-0.267071 0.162227 -0.066667
-0.314918 0.149736 -0.012351
-0.270040 0.182448 0.026329
-0.224306 0.248710 -0.042398
-0.127588 0.263935 0.003017
-0.124926 0.253100 -0.059333
-0.083623 0.255312 -0.069922
-0.106484 0.255495 -0.064643
-0.238658 0.135550 -0.056445
-0.219046 0.194609 -0.081467
-0.264617 0.154256 0.010655
-0.291324 0.152046 0.001951
-0.234495 0.183929 0.033731
-0.200902 0.241766 0.009132
-0.120631 0.254752 0.014438
-0.109036 0.260831 -0.001781
-0.141447 0.255355 0.017731
-0.100091 0.263669 -0.018823
-0.116649 0.243720 -0.073253
-0.134565 0.236219 -0.070665
-0.098701 0.248690 -0.073457
-0.221368 0.130902 -0.048021
-0.214916 0.148143 -0.076462
-0.175847 0.221547 -0.076008
-0.262779 0.134061 0.004375
-0.247043 0.133426 0.020559
-0.247648 0.164770 0.024161
-0.217621 0.170553 0.037206
-0.211493 0.197045 0.034765
-0.230971 0.157859 0.035460
-0.183812 0.226029 0.028873
-0.105443 0.253448 0.008172
-0.132856 0.247907 0.026651
-0.153467 0.244536 0.027159
-0.096861 0.257141 -0.003415
-0.125907 0.230688 -0.079673
-0.144018 0.220701 -0.077903
-0.204351 0.137127 -0.075017
-0.190992 0.165469 -0.075864
-0.200084 0.187424 0.043059
-0.194983 0.208622 0.033812
-0.175336 0.219295 0.039830
-0.172872 0.253799 -0.023208
-0.155110 0.233858 -0.061027
-0.163598 0.256920 0.003540
-0.145561 0.231192 -0.068601
-0.158615 0.219883 -0.072085
-0.154494 0.253355 0.016738
-0.157372 0.203422 -0.083127
-0.313930 0.146146 -0.033435
-0.301663 0.171782 -0.068009
-0.306758 0.152533 -0.052514
-0.282084 0.208129 -0.089600
-0.301776 0.205563 0.020581
-0.283303 0.250912 -0.046480
-0.119160 0.261369 -0.049221
-0.114731 0.266266 -0.039738
-0.117648 0.266301 -0.017903
-0.129957 0.266728 -0.014135
-0.151108 0.262213 -0.024880
-0.146426 0.264517 -0.005090
-0.139964 0.266437 -0.023603
-0.134772 0.260259 -0.041800
-0.118083 0.265710 -0.003447
-0.156691 0.261891 -0.010497
-0.139018 0.262301 0.007303
-0.141190 0.247492 -0.055106
-0.149205 0.255123 -0.041559
-0.161704 0.254318 -0.032444
-0.160980 0.243515 -0.047795
-0.173196 0.231423 -0.059023
-0.208799 0.224416 -0.064668
-0.179540 0.243155 -0.043027
-0.189516 0.224097 -0.066208
-0.198680 0.210300 -0.085453
-0.195871 0.236180 -0.052418
-0.202219 0.218534 -0.074488
-0.183090 0.234368 -0.053916
-0.213731 0.237005 -0.052597
-0.198474 0.248485 -0.027952
-0.254058 0.230278 -0.067575
-0.191621 0.245318 -0.040385
-0.208983 0.246868 -0.041086
-0.237010 0.236401 -0.055237
-0.230791 0.221205 -0.068918
-0.260756 0.238755 -0.047448
-0.223876 0.230248 -0.060270
-0.248650 0.212247 -0.090317
-0.244230 0.250108 -0.045086
-0.244815 0.218715 -0.076571
-0.226527 0.214432 -0.087006
-0.234335 0.242847 -0.008833
-0.218147 0.219601 -0.075942
-0.234231 0.246112 -0.027860
-0.214832 0.247365 -0.023141
-0.261169 0.246977 -0.028963
-0.203210 0.247320 -0.009174
-0.245542 0.244159 -0.021192
-0.266282 0.228020 0.009651
-0.260914 0.239408 -0.007931
-0.260553 0.252550 -0.042571
-0.216473 0.243353 -0.004090
-0.181000 0.248566 0.006727
-0.167127 0.247931 0.016223
-0.174909 0.237451 0.022709
-0.222960 0.228807 0.019178
-0.188172 0.252125 -0.012024
-0.187295 0.241688 0.013776
-0.161799 0.229994 0.033186
-0.214549 0.236208 0.011843
-0.205908 0.223356 0.023910
-0.213898 0.213848 0.027636
-0.239754 0.213297 0.026976
-0.176234 0.253165 -0.003739
-0.184447 0.250592 -0.027595
-0.253959 0.132345 -0.031428
-0.292068 0.173454 0.017823
-0.310773 0.162040 0.007305
-0.240808 0.158946 -0.069202
-0.257291 0.190929 -0.074984
-0.223753 0.171434 -0.079760
-0.255584 0.171965 -0.072215
-0.237201 0.190785 -0.076487
-0.206340 0.178647 -0.081150
-0.235193 0.204140 -0.083143
-0.266589 0.169490 0.020737
-0.251107 0.179691 0.029592
-0.265281 0.206121 0.024216
-0.175188 0.186649 -0.085045
-0.320410 0.171578 -0.072788
-0.308451 0.184533 -0.092262
-0.323110 0.157493 -0.053528
-0.284415 0.152097 -0.058586
-0.262280 0.141906 -0.055963
-0.283163 0.138209 -0.038333
-0.303024 0.214178 -0.068438
-0.320993 0.208848 0.018312
-0.311034 0.188418 0.019996
-0.313550 0.228080 0.007466
-0.314749 0.250745 -0.051791
-0.103512 0.261455 -0.053489
-0.195681 0.232039 0.020216
-0.228131 0.198211 0.031738
-0.242861 0.230550 0.009493
-0.230890 0.235767 0.005362
-0.245584 0.239564 -0.003614
-0.250813 0.223438 0.016427
-0.240728 0.130105 -0.020504
-0.258351 0.131517 -0.017943
-0.282487 0.161534 0.011245
-0.289508 0.187689 0.022934
-0.282340 0.202766 0.022775
-0.247479 0.199608 0.029641
-0.177489 0.172212 -0.083771
-0.181651 0.202040 -0.077097
-0.167706 0.208759 -0.076481
-0.192958 0.189411 -0.078118
-0.204413 0.197128 -0.085061
-0.284889 0.184936 -0.075641
-0.284434 0.169641 -0.068514
-0.291624 0.193888 -0.094468
-0.294122 0.196350 -0.072030
-0.272652 0.192087 -0.087293
-0.314351 0.202585 -0.070633
-0.268412 0.137870 -0.043187
-0.286391 0.138692 -0.025144
-0.300991 0.145000 -0.039992
-0.286123 0.230670 -0.056562
-0.330535 0.229485 0.003918
-0.298042 0.240261 -0.015751
-0.334008 0.251517 -0.056856
-0.321566 0.254702 -0.032387
-0.319791 0.229715 -0.055248
-0.304906 0.182847 -0.073506
-0.277754 0.237972 -0.047461
-0.298982 0.239664 -0.046476
-0.278219 0.237696 -0.005594
-0.282422 0.244624 -0.025399
-0.292899 0.231093 0.004134
-0.280739 0.218727 0.015881
-0.276366 0.252588 -0.033644
-0.301442 0.249995 -0.028884
-0.322547 0.240065 -0.015585
-0.301824 0.225136 -0.060011
-0.322616 0.218857 -0.064078
-0.297531 0.218330 0.015252
-0.269622 0.222460 -0.079621
-0.281585 0.211104 -0.071367
-0.271259 0.231096 -0.066756
-0.299186 0.257066 -0.041362
