5271
293
211
502
84
356
117
52
333
251
118
2077
2106
2163
55
23
2650
2724
146
144
13
8
59
187
126
268
89
125
269
129
270
190
197
206
73
133
71
207
300
262
412
41
151
305
78
48
353
340
349
38
172
172
158
27
146
774
64
61
61
468
65
546
376
55
46
1105
1066
526
107
160
453
127
203
85
728
299
561
4504
137
8
150
14
409
698
27
171
175
980
828
4516
84
312
185
59
125
63
190
132
369
202
1003
379
143
10
398
10
11
227
20
26
155
233
66
163
162
171
242
249
258
186
186
267
611
89
60
193
273
134
198
133
198
278
207
4673
209
1000
500
4966
212
499
386
4510
1969
226
410
872
840
156
37
37
421
56
2520
328
330
248
434
250
251
252
325
175
2283
47
344
43
341
120
378
359
50
126
63
191
272
549
4804
377
377
1153
381
292
730
297
215
498
143
223
15
1162
1501
678
409
82
233
322
246
33
2544
329
249
709
460
654
244
336
178
47
48
591
43
258
538
458
352
356
50
717
358
670
476
475
369
279
263
81
4962
216
482
495
293
283
957
395
147
583
646
1058
520
1079
228
416
421
421
168
240
326
432
434
533
437
119
442
450
446
442
387
451
539
448
454
456
458
843
360
189
88
545
467
675
364
471
70
952
988
732
501
849
288
630
572
11
574
400
633
639
510
2452
402
2596
185
40
324
257
335
337
591
484
540
827
68
547
1134
481
1051
556
733
627
566
955
561
483
384
498
567
804
307
631
405
634
851
775
796
963
597
599
598
602
669
611
675
621
552
481
681
988
1006
628
404
1155
806
405
312
88
228
412
794
523
588
913
657
705
437
890
665
720
380
827
689
639
742
818
696
746
725
1184
704
754
320
1119
762
821
765
601
1148
1934
1127
676
680
771
140
736
634
688
1346
643
746
812
748
837
650
787
788
715
788
419
755
424
895
716
1137
737
810
741
1417
693
750
750
698
756
838
755
796
355
360
288
828
1346
807
813
780
821
703
846
823
866
570
859
681
832
814
585
841
788
306
829
853
713
798
877
672
14
868
866
1189
311
786
784
879
855
873
842
863
854
894
823
766
863
876
896
897
901
905
851
909
915
656
914
708
947
949
69
926
274
919
917
373
928
927
621
944
723
937
944
926
1258
948
1261
1265
294
562
956
593
593
962
380
899
965
672
880
970
969
601
889
1450
139
982
987
1003
999
494
999
988
987
1004
986
1010
1381
1008
1022
1016
684
624
1024
1028
1022
991
1026
733
1032
1032
1020
1020
1030
98
1373
1027
1033
1327
1328
1049
1047
1050
644
694
1152
747
1367
1056
12
1501
1067
1077
1061
520
1073
1067
1081
1060
1078
1101
1095
1122
1095
1094
1092
1101
1113
1933
1112
1112
1111
1098
657
1098
1102
1098
1085
1122
608
1934
1125
1631
1132
1123
1130
1292
1144
1288
1128
1143
1595
607
1053
772
656
679
1309
1320
732
577
578
800
226
97
831
1494
1830
802
1650
1182
1418
641
830
1500
1065
1499
1661
905
1214
1192
1338
1337
1200
1200
1216
1197
1212
1215
1219
1202
1081
1422
1228
1233
1229
1222
1232
1448
723
1240
1242
945
1251
1249
1243
1462
1453
1466
370
1263
1268
1260
1262
1469
1475
1496
1273
1307
1385
1498
1306
1044
1302
864
705
777
1570
1295
1141
1587
1568
1315
1308
588
1160
1301
1300
1427
1311
1084
1314
1327
1326
1317
1166
905
1332
1220
1347
1337
1168
1759
1351
1356
1358
1359
1544
1363
1362
1793
1364
833
1534
1371
1392
1493
1374
1379
1383
1012
1378
1389
1385
1402
1394
1541
1382
1381
1693
1401
1403
1404
1412
1403
1322
1414
1281
1235
1425
1424
1427
1430
1426
1688
1406
1435
1435
1442
1429
1442
1212
1243
1243
1250
1451
1459
1467
1452
1467
1461
1461
1464
1472
1477
1829
1483
1481
1741
1481
1476
1653
1140
1142
930
1490
1709
1494
1277
1065
1072
1319
724
1592
1149
1302
1225
785
1316
1040
1164
1519
1525
1521
1334
1522
1518
1529
1525
1932
1761
833
1534
1535
1353
1348
1536
1692
1542
1237
1677
1552
1554
1554
1551
1558
1416
1877
1563
1419
1296
1586
1587
1578
1639
1582
1590
1295
1574
1601
1600
1614
1711
1611
1618
1614
1606
1606
1486
1623
1610
1628
1626
1603
1583
1628
1619
1629
1588
1632
1582
1631
1576
1637
1642
1642
1640
781
1643
1831
1655
1643
861
1655
835
1224
1227
1670
1671
1443
1732
1544
1681
1665
1678
1682
1681
1860
1678
1676
1697
1895
1900
1691
1808
1531
1666
1484
1608
1487
1865
1727
1716
1514
1842
1720
1724
773
852
1561
1416
1567
1738
1739
1624
1745
1657
1746
1751
1770
811
1480
1762
1760
1743
1762
1767
1771
97
1767
1767
1778
1769
1847
1763
1789
1768
1365
1792
1791
1635
1636
1800
1365
1527
1912
1905
1811
1808
1669
1824
1456
1820
1825
1458
1471
1826
1829
1803
1649
1465
1802
1704
1834
1831
1825
1713
1620
1710
1840
1524
1841
1590
869
1797
1776
1850
1848
1916
1852
1638
1938
1906
1232
1727
1869
1867
1915
1930
1915
1878
1875
1904
1570
1910
1910
1881
1888
1696
1897
1916
1898
1900
1917
1700
1808
1885
1914
1843
1918
1900
1879
1928
1883
1882
1920
1932
544
1851
4444
4389
4396
1954
4642
1960
1962
4393
1980
4741
2185
4995
2415
5001
5158
2667
4733
5006
2551
2890
5134
2226
2733
4785
2610
2603
2603
5044
4436
1999
2146
4662
2622
4669
2250
4420
2256
2378
3331
2262
2548
2548
2156
1949
2029
2217
2222
2137
2449
2210
2132
2048
2048
2173
1941
2049
2113
2004
2011
2014
2233
2505
2941
2026
2487
2644
2521
2397
2090
2090
2379
2759
1979
2594
2210
2133
2134
3343
2118
2446
2284
2581
2075
2110
2018
1957
1950
2367
3303
2079
2163
3429
2169
2013
2052
2075
2007
2110
2169
2045
2916
2219
2230
2097
2638
2778
2085
2076
2175
2200
2113
2117
2117
1947
2309
2041
2299
2040
2131
2208
2212
2214
1971
3136
2204
2014
2242
4320
4442
2243
2370
2033
3049
2766
2516
2647
4420
2273
2272
2408
2092
2166
2170
2108
2172
2130
2192
2176
2179
2575
2118
2898
2701
2188
1960
2189
2041
2308
1962
2192
2587
1978
2211
2037
1970
2213
2216
2257
2451
1973
2461
2460
2067
3288
2065
2354
2148
2467
2015
2362
2859
2019
2366
2249
2377
2156
2524
2157
2058
2523
18
2650
2270
2532
2281
2270
2283
2120
2289
2446
2425
3349
2718
2304
2194
2193
2311
2719
2338
2345
2431
2313
2590
2320
2122
2328
2335
2334
2335
1989
2584
1965
2198
3211
2921
2353
2358
2455
2236
2466
2464
2485
2490
2365
2248
2024
2019
2377
2028
2267
2512
2261
2159
4656
426
241
2399
109
3304
2103
2060
2535
2405
2877
2883
2178
2888
2665
1985
2290
2294
2567
2578
2296
2434
2432
2328
2325
2917
1967
2824
2978
2599
3329
2843
1994
2730
3750
3750
2455
2359
2471
2473
2641
2478
2250
2863
4782
2370
2757
2977
3296
2373
2977
2072
2379
17
2259
2276
2515
3290
2518
2636
2879
2547
3163
2056
109
3306
2397
2401
2023
2274
2528
2654
2933
2539
2403
2553
2413
2790
2688
1985
1977
2565
1982
2570
2585
3745
2576
3307
3741
1975
3347
2428
2296
2996
3041
2574
2720
1999
2601
2606
2605
2604
3580
2461
2466
2352
2467
2237
2737
2618
2481
2485
2488
2641
2621
3157
2099
503
2039
2630
2382
2259
2383
2518
17
2522
2529
3435
2772
2655
2027
2786
1987
2789
2661
2287
2992
2660
2685
2671
2679
2681
2563
1977
2675
2682
2684
2688
2562
2963
2566
2824
2705
2696
2181
3010
2135
1986
3524
2816
2825
2714
2437
2344
2588
2594
2593
1974
2506
2837
3309
2609
2456
2850
3133
2738
2488
2862
2747
2749
2251
2926
2100
3049
2835
2503
2638
2931
2764
2517
3112
2648
2767
2769
2986
3429
2780
2949
2953
2953
2666
2991
2798
2557
2809
2691
2801
2680
2960
3090
2571
2570
2896
2912
2909
2332
2825
2444
2438
2440
2831
2321
2312
3526
2721
2451
2837
2838
1994
3384
2846
3330
2730
2612
2458
2857
2618
2748
2477
3360
2257
2929
2931
2875
2763
2933
2526
2776
2884
2734
2550
1988
2955
4853
2666
2688
2423
2820
2961
2819
2712
2915
2908
2813
2911
2969
2918
2927
2971
2851
2854
3201
2743
2494
2493
2864
2927
3238
3363
2539
3808
3166
2981
2281
2652
2882
2884
3171
2949
2949
3171
2957
2958
2902
2901
2680
3526
2998
2968
2833
2831
2632
3011
2974
3053
2740
3433
2984
3500
3052
3022
3022
2995
2821
2709
3033
3005
2323
2970
3543
3080
2951
2798
3024
3025
3026
2993
3028
3028
2559
3090
3063
3000
2583
2897
3004
3064
2326
2632
2922
3297
3078
3870
2873
2541
2261
3679
3023
3063
3037
3066
2972
3157
3072
2745
2748
2036
3078
3051
3426
3023
3059
2686
3124
3094
3099
3094
3567
3128
3714
3070
3046
2928
4029
3112
3426
2981
3117
3685
2686
2043
2043
3123
2119
3124
2840
2620
3787
3209
3036
3152
3137
3206
3204
3163
2946
3168
2780
2886
3174
3224
3182
3187
3197
3181
3698
3200
3073
3142
3544
3166
2886
3367
3224
3196
3185
3196
3222
3160
3204
3250
3252
3195
3061
3321
3321
2508
3710
3204
3141
3177
3184
3229
3225
3219
3061
3246
3234
4258
3711
3247
4257
3245
3249
3245
3220
3776
3251
2047
3748
3257
3258
3544
3259
3257
3552
3267
3267
3268
3390
2736
3283
3274
3284
3275
3286
3278
3589
3285
3286
3476
2496
3296
3294
2625
3297
3299
3106
2262
3079
4036
3323
3760
3762
3315
3324
3326
3264
2454
2648
3332
3357
2133
3355
2139
3351
3357
3360
2482
3371
3367
2845
3366
3378
3374
3381
3379
3670
3365
3756
3391
3790
3377
3756
3392
3410
3402
3795
3398
3408
3298
3405
3410
3413
3418
3801
3396
3425
3423
3423
2481
2937
3134
2773
3431
2768
3439
3428
3438
3442
3471
3444
3448
3456
2771
3455
3443
3449
3445
3456
3463
2098
3482
3335
3467
3465
3467
3468
3461
3465
3473
3484
3409
3484
3487
3483
3339
3486
3486
3489
3421
3415
2500
2482
3510
3994
3512
3504
3074
3513
3507
3560
3167
3518
2984
2999
3092
2221
2449
3539
3043
4237
3543
3083
3547
3543
3547
3326
3831
3082
3733
3013
3569
3575
3575
3571
3574
3577
3840
2101
3069
3595
3583
3587
3586
3596
3600
3612
3616
3611
3591
3602
3603
3617
3604
3623
3615
3620
3642
3623
3636
3626
3620
3625
3613
3647
3626
3878
3632
3902
3638
3652
3652
3647
4145
4145
3659
3663
4150
3668
3668
3645
3666
3786
3675
3681
3170
3681
3677
3692
3692
3691
3697
3696
3707
3694
3688
3701
4224
4296
4297
3700
4295
3711
3716
3716
3253
3723
3713
3728
4001
3910
4001
3713
3734
3731
3743
3568
3530
3734
4015
3014
2474
2474
3283
4047
3921
3310
3769
3265
3318
3778
3775
3311
3760
3347
3816
3814
3784
3742
3173
3674
3901
3791
3795
3797
2500
3799
3494
3481
3805
3407
3509
3562
3810
3814
3818
3820
3823
3528
3827
3827
3829
3558
3870
3848
3834
3833
3851
3838
3138
3570
3848
4048
4047
3853
3855
4044
3869
3138
4042
3920
3865
4053
4036
2928
3436
3879
3873
3153
3880
3878
3892
3877
3874
3889
3892
3885
3897
4083
4059
3900
3642
3654
3913
3098
3009
3062
3912
3930
3926
4114
3925
3922
3922
3766
4088
4138
3944
4051
3928
3942
3940
3947
3919
4083
3949
3947
3950
3986
3951
3983
3944
3966
3964
3977
3954
3975
3896
4092
3968
3962
4164
3988
3636
3985
3627
3887
3988
3969
3958
3991
3516
3996
3813
3783
3783
4000
4079
4079
4203
4240
4011
4008
4276
3995
4022
3822
4019
3818
4302
3590
3860
4035
3323
4042
4049
3865
4056
4103
3894
4058
4057
4068
4062
4063
4071
3193
3188
4069
4072
4060
4221
4078
3062
4265
4077
4242
4143
4085
3934
4084
4141
4096
4097
4125
4087
3865
4229
4110
4196
4100
4115
4103
4128
4190
3839
4128
4124
4135
4104
4116
4190
4131
3540
3965
4164
4146
4148
3979
4155
4155
4157
4157
4174
4175
4171
4159
4215
4217
4162
4188
4267
4180
4174
4264
4177
4176
4225
4239
4193
4189
4133
4095
4200
4193
4004
4007
4246
4307
4208
4246
3663
4209
4212
4150
4169
4263
4120
4232
4132
4231
4233
4235
4235
4094
4188
4286
4204
4245
4246
4248
4277
3541
3864
3235
4223
4225
4272
4280
4263
4277
4276
4274
4269
4284
4289
3823
4221
4299
4296
4302
4236
4306
4290
4020
4332
4437
4491
4585
4683
7637
4492
4686
4495
4601
4818
4572
4576
4486
4352
4484
4484
4571
6
4988
4841
4841
4850
4848
5023
4900
4911
4321
4558
4657
4475
4381
4565
4537
4324
4631
4534
4725
4530
4375
5149
4374
4721
4526
5520
4613
4457
6093
4417
5021
4770
6116
5078
5899
4485
4400
5796
4483
4327
4523
6120
4369
5130
4637
4568
4367
4350
4577
4594
5912
4517
4546
5422
5055
2006
4472
4349
4477
4388
4326
4488
4486
5635
4592
4340
5392
6327
6277
4451
4833
4450
6237
4460
4889
4473
4476
4808
5749
4327
4438
4335
5283
4335
4588
4816
4346
6150
5670
4503
4353
4353
4511
4506
6161
4980
4708
4519
4719
4521
4364
4457
5585
5321
4617
4374
4373
4530
5145
4534
4537
4633
4753
5984
4645
4396
4552
5025
5694
5226
4779
4556
5651
6310
4663
4554
4562
4793
4566
4354
4578
4578
4679
4315
4574
4586
5078
4588
4590
4492
5278
6111
6953
4601
4600
4599
5099
487
4959
4832
4971
5310
4522
4525
4720
4385
6168
4621
4536
4638
4535
4537
4638
4461
4567
4376
4750
4755
4888
4549
5857
4776
5359
4780
4439
4418
5041
4423
4446
4487
5847
4581
4584
4489
4340
5093
4954
6681
553
5118
6030
4697
4694
383
4505
4607
4609
4512
4361
4363
5017
6033
4333
4897
4455
4521
6196
4385
6181
5472
5163
4861
4735
5974
4739
4868
4384
4536
4391
4737
4879
4648
4876
4648
4876
4761
4754
4649
4548
5215
6557
4907
4913
4557
4914
5361
5247
5368
5529
5051
4427
4562
4798
4774
5373
1963
5061
4479
4811
4806
4577
4438
4803
5798
4687
4594
4598
5509
4347
4347
4693
4699
6261
4963
4962
85
5307
5122
4835
4363
5315
5401
4847
4843
5129
4852
4717
4720
6925
4722
2418
5156
5154
5004
4535
4639
4868
4736
4542
4872
4737
4874
4882
4395
4881
4550
4761
4766
4881
4886
5209
4889
5213
4768
5419
4414
4899
4908
4408
5436
6179
4914
5033
4915
5235
5242
4659
4428
4924
4411
4435
4661
4560
4411
5498
5869
4937
5271
5848
4677
5725
4583
6523
6129
5084
6153
4345
4952
5081
4957
5397
5396
6392
5450
4959
4961
4606
4708
5129
4950
4839
4972
6035
6240
4362
4405
4982
5138
4620
5146
6486
4994
5335
5002
4731
4386
4542
5206
2700
4876
5127
5128
4769
5786
5443
5027
6358
5225
5030
5216
5034
4786
4918
5364
4919
4424
4435
5251
5047
4927
6087
5252
6081
4330
5375
4943
5077
5080
5082
5811
4437
4448
5105
5288
6104
5098
5290
5102
5294
5105
4699
5295
4950
6276
5120
5123
5124
6234
5131
4372
5136
6553
5143
5144
5326
6173
4527
4857
5157
5332
5160
4732
5162
5164
5162
5170
5172
5332
5173
5179
4386
5006
4534
5345
5347
4865
5192
5191
5193
5997
5196
5199
5202
5205
5346
5207
4407
5214
4896
5217
4652
4409
5629
5236
5246
5246
4924
5250
4926
4674
5265
5438
6270
4811
4813
4419
5535
5277
5279
5848
5284
6973
5210
4344
4828
4825
5300
5614
4835
4830
5545
5310
5703
5703
5690
5546
5728
5584
5663
4985
5322
5142
5182
5143
6937
6642
5180
5338
5174
5404
5346
5014
5413
5211
5705
4901
5552
5485
5233
5363
5241
5529
5052
5557
5435
5058
5437
4796
5495
6538
5867
5830
5073
4817
5383
5281
5388
5571
4499
6390
5294
6159
4356
5582
6242
5548
4991
5521
5472
5180
5587
5408
5409
6219
5415
4532
5677
5350
5591
5665
5429
5227
5035
5433
6101
5594
6258
5354
2020
5496
2479
5262
4805
5065
6678
5449
5808
5577
6238
4978
5412
5348
5476
5246
5487
4559
5627
5630
6288
5494
5448
5502
4357
6147
5639
5637
4490
4694
5655
5512
4706
5672
5461
6038
6559
5470
6293
6294
5426
5523
5523
5033
5524
5530
5268
5264
5389
6539
5541
5113
6282
5611
5165
5471
5524
5527
6287
5437
6338
5559
5053
5791
6347
5771
5378
5094
5639
6383
5574
6346
4975
5647
5624
5366
5650
5597
5601
6573
4690
5605
5532
5727
5095
5090
5611
5454
6344
5459
4847
5418
4406
6360
5627
6752
5479
5532
5604
5699
6352
5714
5076
5607
5386
5638
4449
5578
6355
5578
6163
5680
5554
5720
5651
6211
5811
5274
5896
4313
5655
5581
5717
5680
5665
6329
5684
6768
5645
5673
5660
6405
5621
6361
6796
5771
5700
7225
5420
5695
6791
5809
5478
5729
4771
5753
5563
5854
5717
4652
5695
5068
5729
5729
5664
5679
5721
5739
5377
5745
5745
5071
5774
5685
5770
5685
5723
5833
5888
5669
6549
5772
6283
5706
5795
5766
5789
5754
5070
5763
5772
6371
5776
5654
5020
5272
5777
6793
5790
5795
6798
6376
5807
5773
5796
6399
5835
5817
5810
5128
5841
5843
5824
5776
6373
6393
5834
5853
5821
5843
5869
5956
5881
5871
5817
5858
5827
5422
4338
5861
5854
5865
5726
6347
5875
5882
5026
5897
5841
6814
5936
5889
5894
5887
5885
5875
5880
5851
5851
5936
5900
5861
5910
5910
5902
5911
5920
5914
5919
5922
6862
5929
5931
5939
5962
5903
5930
5939
6456
5950
6790
7113
5945
5920
5940
5953
6864
5949
5944
5968
5970
5968
4443
5059
6095
5999
5975
5975
5987
6014
5989
6004
5992
5186
6008
6476
6010
6882
4462
6013
6012
6012
6001
5983
5991
6015
6480
6020
5985
4757
5985
5983
7638
6001
6277
5539
5541
4453
6033
6035
6046
5418
6037
6048
6049
6052
6482
5663
6052
6055
5972
6055
6165
6045
5183
6074
5184
6069
4763
5344
5329
6068
6486
6066
6077
6078
5256
4467
6529
6081
6530
4467
5652
6187
5249
6090
6315
6316
6110
4893
6094
4702
6234
6100
4790
6528
6100
6103
4688
6140
6107
6106
6127
6128
6113
6125
6123
6126
6125
7185
6130
6134
6544
6119
6137
7185
6143
6915
6147
6151
6145
6547
7239
6157
4845
6162
4401
6172
6176
6178
6177
6519
6290
5155
5023
5136
5602
6184
4402
6324
6308
4901
4891
4702
6345
6565
4722
6269
6197
4723
6571
6204
6567
6202
6578
5631
5598
6213
5155
5414
4777
6227
5394
5395
6957
5513
5614
6233
6238
6236
6097
5614
6241
5917
6244
5703
6247
4989
5320
6250
6250
5465
6932
6268
6265
6273
6273
6278
6281
5464
6289
6968
5737
6300
5085
6302
6296
6304
5557
6317
6318
6689
6311
6891
6979
4689
6323
6694
6308
5588
6330
5670
6337
5479
6359
5657
6341
6351
6350
5220
5429
5719
6368
6368
6372
6367
5778
6365
6376
6385
6805
6389
5293
6388
6810
5452
6423
6403
6395
6400
6401
6400
6402
6404
5620
6352
5957
5834
6418
6824
6416
6424
6430
6422
6798
6821
6431
6425
6862
6442
6444
6444
6452
6449
6435
6453
6448
6469
6463
6464
6447
6438
6466
6878
6027
6041
4968
6883
6076
6491
6491
6495
6489
6495
6496
6499
6498
6502
6515
6510
6867
6507
6517
7258
6515
7494
6943
7576
6917
6185
6905
5440
6270
5507
7172
6131
6915
7317
6547
6154
5139
6561
6560
6168
6205
6569
6572
6755
6212
6585
6583
6588
6610
6641
5477
6228
7274
6224
6226
6223
6908
7245
5585
6629
6608
6570
6609
6604
6583
6626
6630
6611
6629
5589
6614
6635
6627
6656
5165
6605
6632
6942
6872
6638
6654
6626
6657
6658
7490
7259
6663
6666
6590
6670
6673
6948
6950
6673
7096
7110
6679
6683
7111
6525
6699
6326
6725
6986
6700
6701
6700
6707
6711
7505
7291
6718
6914
6730
6730
6721
6739
6146
7016
6731
6746
6753
6575
6574
6535
6750
6750
6757
6537
6760
6763
6780
6768
6773
6853
7436
5591
6782
6784
6802
6803
7213
7455
6386
6810
7535
6395
6407
6819
5675
7119
7117
6820
6831
6833
6828
6828
6825
7119
6837
6860
6849
6857
7121
6851
6859
7148
7122
6850
6854
6844
5950
6449
6878
6874
4625
6506
6879
5994
6077
6494
6499
6656
6522
6887
7070
6687
6306
6897
6892
6903
6550
6546
6912
6586
6599
6254
6921
6932
7568
6565
7617
7256
6641
6656
6946
6663
6681
6684
6956
6957
6959
6967
6963
6930
6977
6899
6977
6985
6975
6696
6992
6705
6736
6714
7290
6697
6714
6717
7514
7008
7019
6741
7015
7007
7027
7043
7014
7013
7026
7022
7023
7014
7041
7302
7021
7040
7039
7352
7055
7362
7366
7352
7052
7053
7029
7057
7046
7056
7372
7354
7409
7412
7058
7405
7075
7093
7099
7415
7419
7085
7421
6949
7089
6895
6897
6895
7072
7082
6982
7097
7499
6989
7424
7090
7545
7102
6563
6912
7110
6966
5948
7113
6865
5958
6408
6821
6474
6853
6762
6780
6773
7125
6860
6772
7151
7134
6471
7133
7435
6848
7141
7139
7150
7444
6845
6845
7142
7136
6800
6868
6511
6872
7156
7157
6901
6901
6917
6133
6543
6933
7159
7164
7460
7174
7169
7170
7178
7212
7279
7192
7187
7178
7058
7190
7200
7191
7170
7169
7468
7163
7063
7566
7061
7208
7194
7206
6804
7217
7221
7476
7229
7471
7308
6909
7229
7234
7237
7317
6727
7477
7239
7242
7243
7458
7248
7171
7255
7459
7259
6785
7107
7264
6961
7271
7363
6908
7268
7270
7281
7283
7279
7357
7278
7286
7507
6991
7292
7418
7003
6719
7000
6735
7304
7314
7305
7308
7313
7314
7319
7315
7526
7325
7033
7056
7345
7336
7034
7034
7345
7350
7533
7333
7334
7367
7036
7358
7287
7355
7271
7271
7361
7348
7396
7397
7377
7347
7378
7378
7392
7382
7398
6436
7528
7395
7379
6435
7381
7398
6719
7062
7181
7571
7409
7295
7072
6981
7074
7428
7432
6776
7106
6778
7540
7563
7546
7448
7135
7445
7454
7529
7561
7456
7469
7465
7467
7472
7472
7475
7243
7246
7479
6121
7249
7486
7595
7493
6178
7495
7490
7579
7492
7578
7421
6715
7295
7293
7520
7512
7512
7516
7424
7005
7519
7515
7567
7614
7519
7530
7532
7529
7263
7534
6386
7537
6781
7539
7536
7543
7536
7538
7548
7556
7554
7602
7101
7496
7553
7500
7553
7546
7471
7561
7152
7198
7203
7573
7604
7587
7590
7618
7598
7589
7589
7597
7598
7594
7473
7459
7566
7005
7573
7411
7614
7617
7427
7584
6929
7605
7614
7624
7522
7627
7624
7632
7628
7629
7619
6794
7254
