1 24 31 147 156 
2 3 22 29 143 
2 3 19 29 172 
3 19 20 140 172 
4 5 19 38 116 
4 5 6 21 38 
5 6 7 27 38 
5 6 7 27 38 
5 6 7 21 27 
5 6 7 8 27 
5 6 7 27 79 
5 6 7 8 79 
6 7 8 27 79 
8 27 35 79 83 
8 27 35 79 83 
8 27 35 79 83 
9 18 35 81 82 
10 33 34 46 93 
11 12 26 32 77 
11 12 26 32 77 
11 12 23 32 54 
12 13 23 32 43 
13 14 23 36 43 
13 14 15 23 36 
13 14 15 23 36 
13 14 15 23 36 
13 14 15 36 40 
13 14 15 36 40 
13 14 15 36 40 
14 15 16 37 40 
14 15 16 37 40 
14 15 16 37 40 
15 16 28 37 40 
15 16 24 28 37 
15 16 24 28 37 
15 16 24 28 37 
15 16 24 28 37 
15 16 24 28 37 
2 3 22 29 41 
17 18 29 41 44 
17 18 35 39 44 
9 17 18 35 39 
9 18 39 81 82 
3 19 20 38 140 
19 20 21 29 38 
5 20 21 27 38 
17 20 21 27 38 
17 20 21 27 35 
17 20 21 27 35 
8 20 21 27 35 
8 21 27 35 83 
8 21 27 35 83 
8 27 35 79 83 
8 27 35 79 83 
11 12 26 32 77 
12 13 23 32 43 
14 15 16 37 40 
14 15 16 37 40 
14 15 16 37 40 
14 15 16 37 40 
14 15 16 37 40 
15 16 24 28 37 
15 16 24 28 37 
8 27 35 79 83 
8 27 35 79 83 
5 6 21 27 38 
9 18 39 81 82 
8 9 27 35 83 
8 27 35 79 83 
8 9 27 35 83 
5 20 21 27 38 
13 14 15 36 40 
15 16 24 28 37 
4 19 20 38 140 
2 3 19 29 143 
2 3 22 29 41 
2 22 25 49 152 
3 19 20 140 172 
16 28 37 115 146 
12 23 32 43 54 
12 13 23 32 43 
12 13 14 23 43 
17 18 39 41 44 
17 18 35 39 44 
8 27 35 79 83 
8 27 35 79 83 
5 6 7 8 27 
5 6 21 27 35 
19 20 21 29 38 
4 5 19 38 116 
4 5 19 38 116 
12 13 14 23 43 
12 13 14 23 36 
13 14 23 36 43 
13 14 15 36 40 
14 15 16 37 40 
14 15 16 37 40 
14 15 16 37 40 
1 24 37 146 156 
15 16 24 28 37 
22 25 42 133 147 
4 19 20 38 140 
2 3 22 29 143 
11 12 26 32 54 
11 26 32 34 54 
11 12 26 32 77 
11 12 23 32 54 
11 12 13 23 32 
9 18 39 81 82 
8 9 27 35 83 
8 9 27 35 83 
8 9 27 35 83 
8 9 27 35 83 
8 9 27 35 83 
8 9 27 35 83 
8 27 35 79 83 
8 21 27 35 83 
6 8 21 27 35 
17 20 21 27 35 
13 14 23 36 43 
13 14 15 23 36 
13 14 15 36 40 
13 14 15 36 40 
13 14 15 36 40 
14 15 16 37 40 
14 15 16 37 40 
15 16 24 28 37 
15 16 24 28 37 
15 16 24 28 37 
15 16 24 28 37 
15 16 24 28 37 
15 16 24 28 37 
15 16 28 37 115 
16 28 37 115 146 
16 24 28 37 146 
22 25 42 133 152 
5 19 20 21 38 
4 19 20 38 140 
3 19 20 21 38 
3 19 20 38 140 
3 19 20 21 38 
3 19 20 38 140 
11 26 32 34 77 
11 12 26 32 77 
9 17 18 39 44 
9 18 35 39 81 
8 9 18 27 35 
8 21 27 35 83 
8 18 21 27 35 
8 18 21 27 35 
8 18 21 27 35 
8 27 35 79 83 
6 7 8 27 79 
8 21 27 35 83 
6 8 21 27 35 
6 8 21 27 35 
5 6 7 21 27 
5 6 7 21 27 
5 6 7 8 27 
5 6 7 8 27 
6 7 8 27 79 
5 6 7 27 79 
6 7 8 68 79 
17 20 21 27 38 
19 20 21 27 38 
17 20 21 27 35 
17 20 21 27 35 
4 5 6 20 38 
4 19 20 38 116 
4 5 19 38 116 
4 5 6 38 116 
13 14 15 23 36 
14 15 16 36 40 
14 15 16 37 40 
15 16 28 37 40 
14 15 16 37 40 
1 24 37 146 156 
15 16 24 28 37 
15 16 24 28 37 
25 31 42 133 147 
2 3 17 29 41 
2 17 22 29 41 
2 3 22 29 143 
2 3 22 29 143 
2 3 22 29 41 
2 3 22 29 152 
2 3 22 29 143 
11 12 26 32 54 
11 12 23 32 54 
10 33 34 46 50 
30 33 39 82 90 
17 18 29 41 44 
17 18 35 39 44 
9 18 30 39 44 
8 21 27 35 83 
8 18 21 27 35 
6 8 21 27 35 
6 8 21 27 35 
6 7 8 27 79 
6 8 21 27 35 
6 8 21 27 35 
6 8 21 27 35 
6 8 21 27 35 
6 8 21 27 35 
6 8 21 27 35 
5 6 7 8 27 
17 20 21 27 35 
17 20 21 27 38 
17 20 21 27 38 
17 20 21 27 29 
17 20 21 27 35 
17 20 21 27 35 
6 20 21 27 35 
6 8 21 27 35 
8 20 21 27 35 
4 5 6 7 38 
4 5 6 38 116 
19 20 21 29 38 
17 21 29 41 44 
4 19 20 38 116 
16 24 28 37 146 
1 16 24 28 37 
1 24 28 37 156 
15 16 24 28 37 
17 29 41 44 49 
19 20 21 29 38 
2 3 19 29 172 
2 3 29 143 172 
2 22 25 133 152 
2 22 29 143 152 
2 3 22 29 143 
3 19 20 21 38 
4 19 20 21 38 
19 20 21 38 140 
11 26 32 54 77 
12 23 32 43 54 
1 24 31 42 147 
9 30 39 45 82 
18 30 39 44 45 
17 18 39 44 45 
17 18 35 39 44 
8 18 21 27 35 
8 18 21 27 35 
8 20 21 27 35 
8 27 35 79 83 
7 8 27 35 79 
6 8 27 35 79 
5 6 7 27 38 
5 6 7 21 27 
6 7 8 27 79 
17 20 21 27 35 
17 20 21 27 35 
19 20 21 27 38 
5 20 21 27 38 
5 20 21 27 38 
5 20 21 27 38 
5 19 20 21 38 
5 6 20 21 38 
5 20 21 27 38 
5 20 21 27 38 
5 20 21 27 38 
8 20 21 27 35 
6 8 21 27 35 
4 5 6 20 38 
14 15 16 36 40 
13 14 15 36 40 
1 24 31 147 156 
1 24 31 42 147 
14 15 16 37 40 
14 15 16 37 40 
14 15 16 37 40 
14 15 16 37 40 
15 16 24 28 37 
2 22 25 143 152 
2 22 25 49 152 
2 22 29 49 152 
5 19 20 21 38 
3 19 20 29 38 
2 3 19 20 29 
10 26 34 50 54 
11 12 26 32 54 
11 12 26 32 54 
11 26 32 54 77 
10 33 34 46 50 
10 33 46 89 93 
10 33 34 46 50 
10 30 33 46 89 
10 33 34 50 93 
10 26 34 50 93 
10 26 34 54 93 
13 14 23 36 43 
17 18 39 41 44 
8 18 21 27 35 
8 20 21 27 35 
5 6 7 21 27 
6 7 8 27 79 
17 20 21 27 29 
5 19 20 21 38 
6 20 21 27 35 
17 21 29 41 44 
15 16 24 37 40 
14 15 16 37 40 
14 15 16 37 40 
25 31 42 133 147 
2 22 29 41 49 
2 22 29 41 49 
2 22 29 41 49 
2 22 25 49 152 
2 22 25 49 152 
2 22 25 49 152 
2 22 25 49 152 
2 22 25 133 152 
2 3 22 29 152 
2 22 29 143 152 
2 22 29 49 152 
2 3 19 20 29 
11 26 32 34 54 
10 33 34 46 50 
30 33 45 46 90 
10 30 33 46 89 
10 30 33 46 50 
12 13 23 32 43 
5 6 7 21 27 
4 5 19 20 38 
6 8 21 27 35 
6 8 21 27 35 
6 8 21 27 35 
6 8 21 27 35 
4 5 19 20 38 
13 14 15 36 40 
14 15 16 37 40 
15 16 24 28 37 
25 31 42 133 147 
22 25 42 133 147 
3 17 20 21 29 
2 22 25 49 152 
2 22 25 49 152 
2 22 29 49 152 
10 26 34 50 54 
10 26 34 50 54 
26 32 34 50 54 
30 33 45 46 90 
12 13 14 23 43 
1 25 31 42 147 
17 18 39 41 44 
9 17 18 35 39 
9 17 18 35 39 
8 9 18 27 35 
6 7 8 27 35 
6 8 21 27 35 
5 6 7 21 27 
5 6 7 21 27 
17 20 21 27 35 
5 20 21 27 38 
6 8 21 27 35 
4 5 19 38 116 
4 5 19 20 38 
17 20 21 29 41 
10 26 34 50 54 
10 26 34 50 54 
1 25 31 42 147 
1 31 42 51 147 
1 31 42 51 147 
1 25 31 42 51 
17 18 29 41 44 
9 17 18 35 39 
8 18 21 27 35 
8 18 21 27 35 
8 18 21 27 35 
6 8 21 27 35 
17 20 21 27 35 
17 20 21 27 35 
17 20 21 27 29 
6 8 21 27 35 
14 15 36 40 53 
13 14 36 40 55 
13 14 15 36 40 
14 15 16 37 40 
3 17 20 29 41 
2 3 19 20 29 
2 3 20 29 41 
2 22 25 49 152 
10 33 46 50 89 
10 30 33 46 89 
10 33 34 50 54 
13 14 36 43 55 
25 31 42 51 147 
25 31 42 51 147 
1 25 31 42 51 
1 25 31 42 147 
17 18 39 41 44 
17 18 35 41 44 
17 18 21 27 29 
17 18 21 27 35 
17 18 21 29 41 
8 18 21 27 35 
8 18 21 27 35 
6 7 8 27 79 
4 5 20 21 38 
17 19 20 21 29 
13 14 36 40 55 
11 26 32 34 54 
13 14 23 43 56 
13 14 23 36 43 
13 14 36 43 56 
1 25 31 42 147 
17 18 21 29 41 
17 18 21 27 35 
17 18 21 27 35 
17 18 21 27 35 
17 18 21 27 35 
17 18 21 27 35 
5 6 7 21 38 
5 6 20 21 38 
14 15 36 40 53 
2 3 19 20 29 
3 19 20 21 29 
10 26 34 50 54 
10 30 33 46 50 
25 31 42 51 147 
1 25 31 42 51 
17 20 21 27 35 
9 17 18 27 35 
4 5 6 20 38 
5 20 21 27 38 
17 20 21 29 41 
3 19 20 29 38 
3 19 20 21 29 
2 3 19 20 29 
25 31 42 51 53 
25 31 42 51 53 
17 18 39 41 44 
5 6 20 21 38 
3 17 20 21 29 
3 19 20 21 38 
11 26 32 34 54 
17 18 21 27 35 
17 18 21 27 35 
5 6 20 21 38 
4 5 20 21 38 
4 5 19 20 38 
12 23 32 43 54 
12 23 32 43 54 
3 19 20 21 29 
30 33 39 45 46 
12 26 32 43 54 
17 18 39 41 44 
17 18 39 41 44 
9 18 35 81 82 
4 5 20 21 38 
4 5 6 20 38 
5 6 20 21 38 
5 20 21 27 38 
5 20 21 27 38 
5 6 21 27 38 
5 6 20 21 38 
4 5 20 21 38 
5 20 21 27 38 
5 6 20 21 38 
4 5 20 21 38 
4 5 20 21 38 
4 5 20 21 38 
30 33 39 45 46 
10 30 33 45 46 
6 8 21 27 35 
6 8 21 27 35 
6 7 8 27 35 
6 8 21 27 35 
5 6 7 8 27 
15 16 24 28 37 
15 16 24 37 40 
15 16 24 28 37 
15 16 24 28 37 
15 16 24 28 37 
15 16 24 28 37 
15 16 24 37 40 
15 16 24 28 37 
15 16 24 28 37 
15 16 24 28 37 
16 24 28 37 146 
15 16 24 28 37 
1 16 24 28 37 
1 16 24 28 37 
15 16 24 28 37 
15 16 24 28 37 
15 16 24 28 37 
16 24 37 40 53 
15 16 24 37 40 
24 37 40 51 53 
2 22 29 143 152 
2 22 29 143 152 
2 22 25 49 152 
4 19 20 21 38 
4 5 19 20 38 
4 5 19 20 38 
4 5 19 20 38 
4 5 19 20 38 
4 5 19 20 38 
4 5 19 20 38 
4 5 19 20 38 
6 8 21 27 35 
6 20 21 27 35 
6 8 21 27 35 
5 6 21 27 35 
1 24 31 37 156 
22 25 42 133 152 
22 25 42 133 147 
22 25 42 133 152 
22 25 42 49 152 
2 22 25 49 152 
2 22 25 49 152 
22 25 42 49 152 
22 25 49 133 152 
22 25 42 49 152 
22 25 42 133 147 
22 25 42 49 152 
22 25 42 49 52 
22 25 41 49 52 
22 25 42 49 152 
22 25 31 42 49 
2 22 25 49 152 
2 22 41 49 152 
2 22 25 41 49 
22 25 41 49 152 
22 25 41 49 52 
22 25 42 49 133 
22 25 42 49 152 
22 25 41 49 52 
2 22 29 41 49 
2 22 25 41 49 
2 22 25 41 49 
22 25 42 49 52 
22 25 41 49 52 
2 22 25 41 49 
22 25 42 49 52 
22 25 42 49 52 
22 25 41 49 52 
2 22 25 41 49 
22 25 41 49 52 
22 25 29 41 49 
2 22 29 41 49 
2 22 29 41 49 
2 22 29 41 49 
1 25 31 42 147 
1 25 31 42 147 
25 31 42 51 147 
25 31 42 51 147 
25 31 42 51 147 
1 25 31 42 147 
30 33 39 82 90 
18 30 39 45 82 
9 18 30 39 45 
18 30 39 44 45 
18 30 39 44 45 
17 18 39 44 45 
18 30 39 44 45 
18 30 39 45 82 
17 18 39 44 45 
18 30 39 45 82 
18 30 39 44 45 
5 6 20 21 27 
5 6 21 27 38 
5 6 20 21 27 
5 6 21 27 38 
5 20 21 27 38 
5 6 21 27 38 
5 6 21 27 38 
5 6 8 21 27 
5 6 21 27 38 
5 6 21 27 38 
5 6 21 27 38 
5 6 21 27 38 
5 6 21 27 38 
5 6 7 21 27 
5 6 8 21 27 
5 6 8 21 27 
5 6 8 21 27 
5 6 20 21 27 
5 6 20 21 27 
13 14 15 36 40 
13 14 36 40 55 
13 14 36 40 55 
14 36 40 53 55 
13 14 36 40 55 
13 14 36 40 55 
13 14 15 36 40 
14 15 36 40 55 
15 36 37 40 53 
13 14 36 40 55 
13 14 36 40 55 
14 15 36 37 40 
15 36 37 40 53 
14 15 16 36 40 
25 31 42 133 147 
10 26 34 50 54 
6 7 8 27 35 
17 18 29 41 44 
17 18 29 41 44 
17 29 41 44 49 
2 22 29 41 49 
10 33 34 46 50 
10 33 34 46 50 
17 20 21 27 29 
11 12 26 32 54 
25 31 42 51 52 
25 31 42 51 147 
25 31 42 51 147 
1 24 31 42 53 
1 24 31 42 53 
1 31 42 51 53 
1 31 42 51 53 
13 23 43 54 56 
12 13 23 43 56 
13 23 36 43 56 
30 33 39 45 46 
30 33 39 45 46 
18 30 39 45 46 
17 18 41 44 48 
30 33 39 45 46 
30 39 45 46 47 
30 39 45 46 47 
39 45 46 47 50 
10 30 33 46 50 
30 39 45 46 47 
30 39 45 46 47 
39 44 45 46 48 
30 33 45 46 50 
39 45 46 47 48 
30 39 44 45 46 
39 44 45 47 48 
45 46 47 48 50 
18 39 44 45 48 
41 44 45 48 52 
46 47 48 52 56 
44 47 48 52 57 
41 44 45 47 48 
47 48 52 56 57 
44 45 47 48 52 
45 46 47 48 56 
1 16 24 28 37 
1 16 24 28 37 
1 16 24 28 37 
1 16 24 37 53 
1 16 24 37 53 
1 24 31 37 53 
1 16 24 37 53 
1 24 31 37 53 
1 24 37 40 53 
1 24 37 40 53 
1 24 31 37 53 
1 24 37 40 53 
16 24 37 40 53 
1 16 24 37 53 
16 24 37 40 53 
24 31 37 40 53 
24 37 40 51 53 
22 25 31 42 147 
22 25 31 42 147 
22 25 31 42 147 
22 25 42 49 52 
22 25 31 42 49 
22 25 31 42 51 
22 41 48 49 52 
25 31 42 51 147 
5 6 21 27 35 
5 6 7 21 27 
13 14 36 43 55 
13 36 43 55 56 
14 36 40 53 55 
14 36 40 53 55 
13 14 36 40 55 
36 40 43 55 56 
2 17 22 29 41 
5 6 7 8 27 
6 7 8 27 35 
17 29 41 44 49 
2 22 29 41 49 
17 22 29 41 49 
17 41 44 48 49 
22 41 44 48 49 
17 22 29 41 49 
17 22 29 41 49 
22 41 48 49 52 
22 41 48 49 52 
22 25 29 41 49 
10 33 34 46 50 
33 45 46 47 50 
33 45 46 47 50 
39 45 46 47 50 
10 33 46 50 54 
10 45 46 47 50 
10 26 34 50 54 
31 42 51 53 57 
25 31 42 51 53 
25 42 51 53 57 
42 51 52 53 57 
31 42 51 53 57 
42 51 52 53 57 
42 51 52 53 57 
31 42 51 53 57 
42 51 52 53 57 
42 51 52 53 57 
25 31 42 51 52 
25 42 49 51 52 
25 42 49 51 52 
25 42 49 51 52 
22 25 42 49 51 
22 25 42 49 52 
22 25 42 49 52 
22 25 42 49 52 
22 25 42 49 52 
22 25 42 49 52 
22 25 42 49 52 
22 25 42 49 52 
22 25 42 49 52 
22 25 42 49 52 
25 42 49 52 57 
22 25 42 49 52 
22 25 42 49 52 
42 49 51 52 57 
22 48 49 52 57 
22 41 48 49 52 
41 48 49 52 57 
22 41 48 49 52 
22 41 48 49 52 
22 41 48 49 52 
22 41 48 49 52 
22 41 48 49 52 
41 44 48 49 52 
41 44 48 49 52 
41 44 48 49 52 
41 44 48 49 52 
41 48 49 52 57 
47 48 49 52 57 
47 48 49 52 57 
41 48 49 52 57 
41 48 49 52 57 
41 48 49 52 57 
42 48 49 52 57 
47 48 49 52 57 
42 48 49 52 57 
45 46 47 48 56 
1 24 31 37 53 
1 24 31 37 53 
1 24 31 37 53 
1 24 31 37 53 
1 24 31 37 53 
1 24 31 37 53 
1 24 31 37 53 
1 24 31 37 53 
1 24 31 37 53 
1 24 31 37 53 
24 31 37 51 53 
24 37 40 51 53 
24 37 40 51 53 
24 31 40 51 53 
37 40 42 51 53 
37 40 42 51 53 
37 40 42 51 53 
37 40 42 51 53 
24 37 40 51 53 
31 40 42 51 53 
14 15 37 40 53 
14 15 37 40 53 
15 16 24 37 40 
15 16 37 40 53 
15 16 37 40 53 
22 25 31 42 147 
22 25 31 42 147 
30 39 45 46 82 
18 30 39 45 46 
2 17 22 29 41 
17 29 41 44 49 
14 15 36 40 53 
14 15 36 40 53 
25 31 42 133 147 
18 39 41 44 48 
17 18 39 41 44 
17 41 44 48 52 
2 22 29 41 49 
26 32 34 43 54 
45 46 47 48 50 
45 46 47 50 56 
45 46 47 48 50 
45 46 47 50 56 
10 46 50 54 56 
45 46 47 50 56 
45 46 47 50 56 
45 46 47 50 56 
46 47 50 55 56 
31 42 51 53 57 
25 42 51 52 57 
25 42 51 52 57 
25 42 51 52 57 
25 42 51 52 57 
42 51 52 53 57 
25 42 51 52 57 
42 49 51 52 57 
25 42 51 52 57 
25 42 51 52 57 
42 51 52 53 57 
25 42 51 52 57 
25 42 49 51 52 
25 42 49 51 52 
42 49 51 52 57 
42 49 51 52 57 
36 43 54 55 56 
36 53 55 56 57 
13 36 43 55 56 
13 36 43 55 56 
14 36 40 53 55 
14 36 40 55 56 
36 40 53 55 56 
36 40 53 55 56 
36 40 53 55 57 
14 15 36 40 53 
43 47 50 55 56 
14 36 40 53 55 
36 43 54 55 56 
14 15 37 40 53 
15 16 37 40 53 
15 37 40 51 53 
15 37 40 51 53 
15 37 40 51 53 
15 37 40 51 53 
15 37 40 51 53 
15 37 40 51 53 
15 37 40 51 53 
15 37 40 51 53 
15 36 40 51 53 
36 40 51 53 55 
37 40 51 53 55 
36 40 51 53 55 
36 37 40 51 53 
36 40 51 53 55 
15 37 40 51 53 
15 37 40 51 53 
24 37 40 51 53 
14 36 40 53 55 
36 40 51 53 55 
36 40 51 53 55 
36 40 51 53 55 
36 40 51 53 55 
36 40 51 53 55 
36 53 55 56 57 
36 51 53 55 57 
36 53 55 56 57 
1 31 42 51 53 
1 31 42 51 53 
1 31 42 51 53 
1 31 42 51 53 
1 31 42 51 53 
1 31 42 51 53 
25 31 42 51 53 
1 31 42 51 53 
39 44 45 47 48 
44 45 46 47 48 
48 51 52 55 57 
47 48 49 52 57 
48 49 51 52 57 
48 51 52 55 57 
42 51 52 53 57 
48 49 51 52 57 
47 48 49 52 57 
42 49 51 52 57 
42 49 51 52 57 
48 49 51 52 57 
42 49 51 52 57 
42 51 52 55 57 
48 49 51 52 57 
42 49 51 52 57 
42 51 52 55 57 
42 51 52 55 57 
42 49 51 52 57 
47 48 52 55 57 
47 48 49 52 57 
47 48 52 55 57 
24 37 40 51 53 
15 37 40 51 53 
15 37 40 51 53 
46 47 50 54 56 
10 34 50 54 56 
32 43 50 54 56 
12 23 32 43 54 
32 43 50 54 56 
12 32 43 54 56 
23 32 43 54 56 
12 23 32 43 54 
12 23 32 43 54 
23 32 43 54 56 
23 32 43 54 56 
13 36 43 55 56 
37 40 51 53 55 
37 40 51 53 55 
36 40 51 53 55 
31 40 42 51 53 
24 31 42 51 53 
40 42 51 53 57 
40 42 51 53 55 
31 40 42 51 53 
40 42 51 53 55 
31 40 42 51 53 
31 40 42 51 53 
31 42 51 53 57 
1 31 42 51 53 
31 40 42 51 53 
31 42 51 53 57 
40 42 51 53 57 
25 31 42 51 53 
40 42 51 53 57 
31 42 51 53 57 
40 42 51 53 57 
40 42 51 53 57 
40 42 51 53 55 
40 42 51 53 55 
40 51 53 55 57 
40 42 51 53 57 
42 51 52 53 57 
40 42 51 53 57 
36 40 51 53 55 
36 40 51 53 55 
36 40 53 55 57 
40 51 53 55 57 
42 51 52 53 57 
46 47 48 55 56 
47 48 52 55 56 
47 48 52 55 57 
48 51 52 55 57 
47 52 55 56 57 
47 48 49 52 57 
1 24 31 37 53 
1 24 31 37 53 
1 24 31 37 53 
1 24 31 51 53 
1 24 31 37 53 
1 24 31 37 53 
1 24 31 51 53 
1 24 31 51 53 
1 24 31 51 53 
1 24 31 42 53 
1 24 31 42 53 
1 31 42 51 53 
1 24 31 42 53 
1 24 31 51 53 
1 24 31 42 53 
1 24 31 51 53 
24 37 40 51 53 
24 37 40 51 53 
15 16 37 40 53 
43 47 50 54 56 
43 46 50 54 56 
32 43 50 54 56 
43 47 50 55 56 
26 32 43 50 54 
40 51 53 55 57 
42 51 53 55 57 
40 51 53 55 57 
51 52 53 55 57 
51 52 53 55 57 
36 51 53 55 57 
40 51 53 55 57 
40 51 53 55 57 
48 51 52 55 57 
47 48 52 56 57 
10 46 50 54 56 
43 47 50 54 56 
43 47 50 54 56 
43 46 47 50 56 
46 47 50 54 56 
43 46 47 50 56 
36 51 53 55 57 
36 51 53 55 57 
47 52 55 56 57 
36 43 55 56 57 
36 43 55 56 57 
43 47 55 56 57 
47 53 55 56 57 
36 51 53 55 57 
42 51 52 55 57 
42 51 52 53 57 
51 52 53 55 57 
42 51 52 53 57 
51 52 53 55 57 
51 52 53 55 57 
47 48 55 56 57 
47 52 55 56 57 
47 52 55 56 57 
43 47 55 56 57 
43 47 50 54 56 
51 52 53 55 57 
51 52 53 55 57 
36 51 53 55 57 
51 52 53 55 57 
51 52 53 55 57 
51 52 53 55 57 
51 52 53 55 57 
46 47 50 55 56 
1 24 31 42 156 
51 52 53 55 57 
58 59 72 97 120 
58 59 60 97 120 
58 59 60 97 120 
58 59 60 97 120 
58 59 60 97 176 
58 59 60 97 176 
58 59 60 97 176 
58 59 60 97 176 
59 60 61 86 176 
59 60 61 86 176 
60 61 62 86 88 
60 61 62 86 88 
60 61 62 86 88 
60 61 62 88 177 
60 61 62 88 177 
60 61 62 88 177 
61 62 63 88 177 
61 62 63 88 177 
61 62 63 169 177 
61 62 63 169 177 
61 62 63 169 177 
61 62 63 64 169 
61 62 63 64 169 
62 63 64 101 169 
62 63 64 101 169 
62 63 64 101 169 
62 63 64 101 169 
62 63 64 101 169 
63 64 91 101 168 
63 64 73 91 101 
63 64 73 91 168 
64 65 73 91 168 
65 73 75 78 155 
65 73 75 78 155 
66 67 75 78 119 
66 67 68 78 119 
66 67 68 75 92 
66 67 68 75 92 
66 67 68 79 92 
67 68 76 79 92 
7 67 68 79 92 
6 7 8 68 79 
11 26 69 77 85 
69 70 77 85 87 
69 70 85 87 99 
69 70 71 85 87 
69 70 71 85 87 
69 70 71 84 87 
69 70 71 84 87 
69 70 71 72 84 
70 71 72 84 97 
58 59 71 72 97 
58 59 71 72 97 
58 59 71 72 97 
58 59 72 86 97 
58 59 60 72 97 
58 59 72 97 120 
58 59 72 97 120 
58 59 72 97 120 
65 73 80 91 155 
65 73 80 91 155 
74 81 95 96 98 
74 81 95 96 98 
65 75 76 78 92 
75 76 92 95 96 
76 83 92 95 96 
8 76 79 83 96 
8 76 79 83 96 
8 35 76 79 83 
8 27 35 79 83 
11 26 32 69 77 
11 26 69 77 85 
69 70 71 84 87 
69 70 71 84 87 
70 71 72 84 103 
70 71 72 84 103 
70 71 72 84 97 
71 72 84 97 103 
58 71 72 86 97 
58 59 72 86 97 
58 59 72 86 97 
58 59 60 72 97 
58 59 60 72 97 
58 59 60 72 97 
58 59 72 97 120 
58 59 60 72 97 
58 59 60 97 120 
65 66 75 78 126 
66 67 68 75 92 
8 27 35 79 83 
8 35 76 79 83 
7 8 68 76 79 
58 59 72 97 120 
58 59 72 97 120 
58 59 72 97 120 
58 59 60 72 97 
58 59 60 72 97 
58 59 60 72 97 
58 59 60 72 97 
58 59 72 86 97 
59 60 86 88 97 
69 70 71 84 87 
64 65 73 80 91 
65 66 75 78 126 
74 81 95 96 98 
7 8 76 79 83 
8 35 76 79 83 
11 12 26 32 77 
58 59 72 86 97 
58 59 60 72 97 
58 59 60 72 97 
58 59 71 72 97 
58 59 72 86 97 
58 59 72 86 97 
58 59 60 72 97 
58 59 60 72 97 
58 59 60 72 97 
58 59 60 72 97 
69 70 71 72 84 
70 71 72 84 103 
70 71 72 84 97 
69 70 71 84 87 
69 70 71 84 87 
69 70 85 87 99 
69 70 71 84 87 
64 65 73 80 91 
65 73 80 91 155 
65 73 80 91 155 
65 73 80 91 155 
65 73 78 80 155 
65 66 67 75 78 
69 70 77 85 87 
69 70 85 87 99 
75 76 92 95 96 
76 83 92 95 96 
67 68 76 79 92 
66 67 78 92 119 
8 35 76 79 83 
8 76 79 83 96 
8 35 76 79 83 
8 27 35 79 83 
8 27 35 79 83 
58 59 60 72 97 
11 12 26 32 77 
58 59 60 72 97 
58 59 72 86 97 
58 59 60 72 97 
58 59 60 72 97 
58 59 71 72 97 
59 71 72 86 97 
58 71 72 86 97 
59 60 61 86 88 
59 60 61 86 97 
58 59 60 72 97 
58 59 60 97 176 
58 59 60 72 97 
58 59 60 72 97 
58 59 60 97 176 
58 59 60 97 176 
58 59 60 72 97 
58 59 60 72 97 
69 70 71 72 84 
70 71 72 84 97 
70 71 72 84 103 
70 71 72 84 97 
70 71 72 84 97 
69 70 71 84 87 
69 70 85 87 99 
69 70 71 85 87 
69 70 71 87 99 
73 80 91 95 100 
73 80 91 95 100 
63 64 73 91 101 
63 64 73 91 101 
64 65 73 80 91 
64 65 73 80 91 
64 65 73 80 91 
64 65 73 80 91 
65 73 80 91 155 
65 73 78 80 155 
75 76 78 92 95 
65 66 75 78 92 
65 66 75 78 155 
65 66 75 78 155 
65 66 75 78 92 
11 26 69 77 85 
9 74 81 96 98 
9 74 81 96 98 
76 83 92 95 96 
8 76 79 83 96 
9 35 81 83 96 
9 81 82 96 98 
8 35 76 79 83 
8 76 79 83 96 
8 35 76 79 83 
8 35 76 79 83 
7 8 68 79 92 
59 60 61 86 97 
59 60 61 86 176 
58 59 72 86 97 
58 71 72 86 97 
70 71 72 84 103 
58 59 60 72 97 
58 59 60 72 97 
58 59 60 86 97 
58 59 60 86 97 
58 59 60 72 97 
58 59 60 72 97 
58 59 60 86 97 
58 59 60 86 97 
58 59 60 72 97 
58 59 60 86 97 
58 59 60 72 97 
58 59 60 86 97 
58 59 60 86 97 
58 59 60 86 97 
58 59 60 86 97 
58 59 60 86 97 
58 59 60 86 97 
58 59 60 86 97 
59 60 86 88 97 
58 59 60 86 97 
58 59 60 72 97 
69 70 71 87 99 
62 63 64 101 169 
63 64 73 91 168 
63 64 73 91 168 
63 64 73 91 168 
65 73 80 91 100 
64 65 73 80 91 
64 65 73 80 91 
75 76 78 92 95 
65 66 75 78 92 
65 66 75 78 155 
65 66 75 78 155 
65 66 75 78 126 
65 66 75 78 92 
65 66 67 75 78 
11 26 32 34 77 
9 74 81 82 98 
76 83 92 95 96 
76 79 83 92 96 
7 67 68 79 92 
66 67 78 92 119 
7 8 27 35 79 
7 8 27 79 83 
8 76 79 83 96 
8 9 27 35 83 
8 9 35 83 96 
8 35 76 83 96 
8 76 79 83 96 
8 35 76 83 96 
8 76 79 83 96 
8 76 83 92 96 
6 7 8 68 79 
58 71 72 86 97 
61 62 63 88 169 
60 61 62 88 177 
60 61 62 86 88 
59 60 61 86 176 
59 60 61 86 176 
59 60 61 86 176 
59 71 72 86 97 
70 71 72 84 103 
58 59 60 72 97 
58 59 60 72 97 
58 59 60 86 97 
58 59 60 86 97 
58 59 60 86 97 
58 59 60 86 97 
58 59 60 86 97 
10 33 34 89 93 
63 64 73 91 101 
63 64 73 91 101 
62 63 64 101 169 
62 63 64 101 169 
62 63 64 101 169 
64 73 80 91 101 
63 64 73 91 101 
63 64 73 91 168 
63 64 73 91 101 
63 64 73 91 101 
63 64 73 91 101 
75 76 92 95 96 
65 73 75 78 155 
66 67 75 78 119 
66 67 75 78 92 
66 67 75 78 119 
65 66 67 75 78 
65 66 67 75 78 
66 75 76 78 92 
67 75 76 92 95 
75 76 78 92 95 
65 66 75 78 92 
66 67 68 75 92 
11 26 32 34 77 
30 39 82 90 98 
30 33 39 82 90 
76 83 92 95 96 
76 83 92 95 96 
75 76 92 95 96 
75 76 92 95 96 
9 74 81 96 98 
8 68 76 79 83 
7 8 68 79 83 
30 81 82 90 98 
9 81 83 96 98 
8 27 35 79 83 
8 27 35 76 83 
8 76 79 83 96 
8 76 79 83 96 
8 35 76 83 96 
8 35 76 83 96 
8 35 76 79 83 
8 35 76 83 96 
8 76 83 92 96 
8 76 79 83 96 
8 76 79 83 96 
61 62 63 88 177 
61 62 63 88 177 
61 62 63 88 177 
60 61 62 86 88 
60 61 62 86 88 
60 61 86 88 176 
59 60 61 86 176 
59 60 61 86 88 
59 60 61 86 97 
59 60 86 97 176 
58 59 72 86 97 
59 71 72 86 97 
71 72 86 97 103 
71 72 86 97 103 
71 72 84 86 97 
71 72 84 97 103 
71 72 84 97 103 
70 71 72 84 103 
70 71 84 87 103 
59 60 72 86 97 
58 59 60 86 97 
58 59 72 86 97 
63 64 73 91 101 
63 64 91 101 169 
62 63 64 91 101 
63 64 91 101 169 
62 63 64 101 169 
73 74 80 91 100 
74 80 91 95 100 
64 73 80 91 101 
64 73 80 91 101 
64 73 80 91 101 
64 73 80 91 101 
65 73 80 91 100 
65 73 80 91 95 
74 80 91 95 100 
75 76 92 95 96 
75 76 92 95 96 
75 76 92 95 96 
65 73 75 78 155 
65 73 75 78 80 
69 70 77 85 87 
10 26 34 54 77 
11 26 32 34 77 
74 81 82 96 98 
74 81 95 98 106 
30 33 46 89 90 
30 33 82 89 90 
76 83 92 95 96 
9 30 81 82 98 
8 76 79 83 96 
8 35 76 83 96 
6 7 8 68 79 
6 7 8 68 79 
61 62 63 64 169 
61 62 63 169 177 
61 62 63 169 177 
61 62 63 169 177 
61 62 63 88 169 
61 62 63 169 177 
60 61 62 88 177 
60 61 62 63 88 
61 62 63 88 177 
60 61 62 86 88 
60 61 62 88 177 
60 61 62 86 88 
60 61 86 88 176 
60 61 86 88 176 
60 61 86 88 176 
60 61 62 86 88 
60 61 62 86 88 
60 61 62 86 88 
60 61 62 86 88 
60 61 86 88 176 
59 60 61 86 88 
59 60 61 86 88 
59 60 61 86 97 
59 60 61 86 176 
59 60 61 86 88 
58 59 72 86 97 
58 59 72 86 97 
71 72 84 97 103 
70 71 72 84 103 
70 71 72 84 103 
59 60 61 86 97 
59 60 61 86 97 
59 60 61 86 97 
59 60 61 86 97 
58 59 60 86 97 
58 59 60 72 97 
69 70 71 84 87 
69 70 71 84 87 
69 70 71 87 99 
10 33 34 89 93 
10 26 33 34 93 
10 33 34 89 93 
62 63 64 101 169 
62 63 64 101 169 
61 62 63 64 169 
65 73 80 91 95 
65 73 80 91 100 
75 76 92 95 96 
75 76 92 95 96 
65 66 73 75 78 
65 73 75 78 80 
66 67 75 78 92 
66 67 78 92 119 
69 70 77 85 87 
69 70 85 87 99 
69 70 85 87 99 
10 11 26 34 77 
74 81 95 96 98 
74 81 82 96 98 
76 83 92 95 96 
76 83 92 95 96 
76 83 92 95 96 
7 68 76 79 92 
67 68 76 79 92 
7 68 76 79 92 
76 79 83 92 96 
6 7 8 68 79 
61 62 63 64 169 
61 62 63 169 177 
61 62 63 88 169 
61 62 63 88 169 
60 61 62 63 88 
61 62 63 88 177 
61 62 63 88 177 
60 61 62 86 88 
60 61 62 86 88 
60 61 62 86 88 
60 61 62 86 88 
60 61 62 86 88 
60 61 86 88 97 
60 61 62 86 88 
59 60 61 86 97 
59 60 61 86 97 
59 60 61 86 88 
59 60 61 86 88 
60 61 86 88 97 
58 59 60 86 97 
58 59 60 86 97 
58 59 60 86 97 
59 60 61 86 97 
59 60 61 86 97 
58 59 60 72 97 
58 59 60 72 97 
58 59 60 72 97 
70 71 84 87 99 
70 71 84 87 99 
69 70 85 87 99 
10 26 34 93 104 
10 26 33 34 93 
62 63 64 91 101 
62 63 64 91 101 
62 63 64 91 101 
62 63 64 91 101 
62 63 64 101 169 
62 63 64 101 169 
74 80 95 100 106 
73 80 91 100 101 
73 80 91 95 100 
65 73 75 78 155 
65 73 75 78 80 
66 67 75 78 92 
69 70 85 87 99 
11 26 34 77 104 
9 74 81 82 98 
76 83 92 95 96 
76 83 92 95 96 
8 76 83 92 96 
9 74 81 83 96 
7 8 68 76 79 
61 62 63 64 169 
61 62 63 64 169 
61 62 63 169 177 
61 62 63 169 177 
61 62 63 88 169 
61 62 63 169 177 
60 61 62 63 88 
60 61 62 86 88 
59 60 61 86 97 
60 61 86 88 97 
60 61 62 86 88 
59 60 61 86 88 
59 60 61 86 97 
59 60 61 86 97 
59 60 86 88 97 
59 60 61 86 97 
59 60 61 86 97 
58 59 72 86 97 
10 26 34 93 104 
10 26 34 93 104 
10 34 89 93 104 
74 80 95 100 106 
74 80 95 100 106 
65 73 75 80 95 
75 76 92 95 96 
66 67 75 78 92 
66 67 75 78 92 
66 67 75 78 92 
10 11 26 34 77 
11 26 34 77 85 
26 34 77 85 104 
8 76 83 92 96 
75 76 92 95 96 
74 76 83 95 96 
9 74 81 82 98 
8 35 76 79 83 
8 76 81 83 96 
7 8 68 76 79 
61 62 63 64 169 
61 62 63 88 169 
61 62 63 88 169 
61 62 63 88 169 
61 62 63 88 169 
60 61 62 86 88 
60 61 62 86 88 
59 60 61 86 88 
60 61 86 88 97 
59 60 61 86 88 
70 71 84 103 110 
59 60 86 88 97 
58 59 60 86 97 
58 59 72 86 97 
58 59 60 72 97 
74 80 95 98 100 
74 80 91 95 100 
66 67 75 78 92 
76 83 92 95 96 
75 76 92 95 96 
7 8 68 79 92 
74 81 83 95 96 
74 81 95 96 98 
8 76 81 83 96 
61 62 63 88 169 
61 62 63 88 169 
60 61 86 88 97 
60 61 86 88 97 
70 71 84 103 110 
59 60 86 88 97 
58 59 72 86 97 
58 59 60 86 97 
58 59 72 86 97 
74 81 82 98 106 
74 81 82 90 98 
61 62 63 88 169 
61 62 63 88 177 
61 62 63 88 177 
61 62 63 88 169 
61 62 63 88 177 
60 61 62 63 88 
60 61 62 86 88 
60 61 62 86 88 
60 61 62 86 88 
60 61 86 88 103 
59 60 86 88 97 
59 60 86 88 97 
59 60 86 88 97 
60 61 86 88 97 
58 59 60 72 97 
59 60 72 86 97 
59 60 72 86 97 
74 81 98 100 106 
74 80 91 95 100 
66 67 68 75 92 
69 77 85 87 104 
11 26 34 77 85 
30 39 82 90 98 
8 76 81 83 96 
76 79 83 92 96 
61 62 63 88 169 
61 62 63 88 169 
60 86 88 97 103 
60 61 86 88 97 
59 60 72 86 97 
80 91 100 105 106 
65 73 75 78 80 
65 73 75 80 95 
65 75 78 92 95 
65 75 78 80 95 
11 69 77 85 104 
11 69 77 85 87 
76 81 83 95 96 
76 81 83 95 96 
61 62 63 88 109 
60 61 62 86 88 
60 61 62 86 88 
60 61 62 86 88 
59 60 72 86 97 
59 60 72 86 97 
59 60 72 86 97 
59 60 72 86 97 
59 60 72 86 97 
59 60 86 88 97 
74 80 91 100 106 
65 75 78 80 95 
69 77 85 87 104 
69 77 85 87 104 
76 81 83 95 96 
8 76 81 83 96 
74 81 82 90 98 
60 61 62 63 88 
61 62 63 88 109 
60 61 62 86 88 
60 61 62 86 88 
60 61 62 86 88 
60 61 86 88 103 
60 61 62 86 88 
60 61 62 86 88 
10 26 34 93 104 
65 75 78 92 95 
62 63 64 101 102 
60 61 62 86 88 
59 60 86 88 97 
59 60 72 86 97 
69 70 85 87 99 
69 70 84 87 99 
70 84 87 99 110 
30 81 82 90 98 
61 62 63 64 169 
61 62 63 64 88 
61 62 63 64 169 
62 63 64 101 169 
62 63 64 101 169 
61 86 88 103 109 
61 86 88 103 109 
60 61 62 86 88 
61 86 88 103 109 
61 86 88 103 109 
61 62 86 88 109 
65 73 75 80 95 
65 73 75 80 95 
30 81 82 90 98 
30 81 82 90 98 
74 76 83 95 96 
62 63 64 101 169 
62 63 64 101 169 
60 61 86 88 103 
61 86 88 103 109 
61 86 88 103 109 
61 86 88 103 109 
65 73 75 80 95 
69 70 85 87 99 
69 70 87 99 110 
30 82 89 90 98 
30 33 82 89 90 
61 86 88 103 109 
60 61 86 88 103 
10 33 89 90 93 
10 33 89 90 93 
30 39 82 90 98 
69 70 84 87 99 
69 70 84 87 99 
30 82 89 90 98 
61 86 88 103 109 
61 62 86 88 109 
61 86 88 103 109 
61 86 88 103 109 
60 61 86 88 103 
60 86 88 97 103 
61 86 88 97 103 
70 84 87 99 110 
70 84 87 99 110 
69 70 84 87 99 
60 86 88 97 103 
70 84 87 99 110 
86 88 97 103 109 
86 88 97 103 109 
86 88 97 103 109 
60 86 88 97 103 
30 33 89 90 94 
30 33 89 90 94 
10 30 33 46 89 
60 86 88 97 103 
82 89 90 94 98 
89 90 94 98 106 
81 82 90 94 98 
82 89 90 94 98 
30 82 90 94 98 
82 90 94 98 106 
66 67 78 92 119 
66 67 68 92 119 
65 66 75 78 92 
63 64 73 91 101 
65 73 80 91 100 
64 73 80 91 101 
64 73 80 91 100 
64 73 91 100 101 
64 73 80 91 100 
73 80 91 100 101 
64 73 80 91 100 
64 80 91 100 101 
64 73 91 100 101 
80 91 100 101 105 
68 75 76 92 95 
75 76 92 95 96 
67 68 75 76 92 
67 68 75 76 92 
75 76 78 92 95 
66 67 75 78 92 
66 67 75 78 92 
66 67 75 78 92 
67 68 76 79 92 
10 33 34 89 93 
10 34 89 93 104 
10 33 89 93 104 
89 93 94 104 107 
89 93 94 104 107 
10 34 89 93 104 
89 93 94 107 108 
90 94 106 107 108 
89 90 94 98 106 
63 64 73 91 101 
67 68 76 79 92 
67 68 76 79 92 
71 72 84 97 103 
70 71 72 84 103 
71 72 84 97 103 
71 72 84 97 103 
71 72 84 97 103 
71 84 86 97 103 
65 66 67 75 78 
74 80 95 96 100 
62 63 64 91 101 
62 63 64 91 101 
62 63 64 91 101 
62 63 64 91 101 
63 64 91 101 102 
63 64 91 100 101 
63 64 91 100 101 
63 64 91 101 102 
63 64 91 101 102 
62 63 64 91 101 
63 64 73 91 101 
63 64 91 100 101 
63 64 91 100 101 
63 64 91 100 101 
63 64 73 91 101 
65 73 75 78 80 
67 68 75 76 92 
66 67 68 75 92 
67 68 75 76 92 
67 68 75 76 92 
67 68 75 76 92 
67 68 75 76 92 
67 68 75 76 92 
67 68 75 76 92 
67 68 75 76 92 
66 67 68 75 92 
67 68 75 76 92 
66 67 68 75 92 
67 68 75 79 92 
66 67 68 75 92 
66 67 68 75 92 
74 80 95 96 100 
75 76 80 92 95 
75 76 80 92 95 
7 8 68 76 79 
7 8 68 76 79 
8 68 76 79 92 
8 68 76 79 92 
7 8 68 76 79 
7 68 76 79 92 
8 68 76 79 92 
8 68 76 79 92 
8 68 76 79 92 
8 68 76 79 92 
8 68 76 79 92 
8 68 76 79 83 
8 68 76 79 92 
8 68 76 79 83 
8 68 76 79 92 
8 68 76 79 92 
68 76 79 83 92 
68 76 79 83 92 
67 68 76 79 92 
67 68 76 79 92 
67 68 76 79 92 
68 76 79 83 92 
68 76 79 83 92 
68 76 79 83 92 
68 76 79 83 92 
68 75 76 79 92 
68 75 76 79 92 
68 76 79 83 92 
67 68 75 76 92 
68 75 76 79 92 
68 75 76 79 92 
67 68 76 79 92 
68 75 76 79 92 
67 68 76 79 92 
67 68 76 79 92 
67 68 75 76 92 
67 68 76 79 92 
67 68 76 79 92 
67 68 76 79 92 
67 68 76 79 92 
74 80 81 95 96 
74 76 81 95 96 
74 76 80 95 96 
74 75 80 95 96 
74 75 80 95 96 
65 75 80 95 96 
74 76 80 95 96 
74 76 83 95 96 
8 9 81 83 96 
76 81 83 95 96 
74 76 83 95 96 
74 81 83 95 96 
71 84 86 97 103 
59 60 72 86 97 
70 71 84 87 99 
70 71 84 87 99 
70 84 87 99 110 
70 84 87 99 110 
70 84 87 99 110 
74 81 82 98 106 
74 81 82 90 98 
74 81 82 98 106 
74 81 82 98 106 
74 81 82 98 106 
90 94 98 105 106 
74 81 98 100 106 
9 74 81 83 96 
59 72 86 97 103 
69 70 85 87 99 
69 85 87 99 104 
85 87 99 104 110 
69 70 85 87 99 
85 87 99 104 110 
85 87 99 107 110 
69 77 85 99 104 
69 85 87 99 104 
69 70 87 99 110 
80 91 100 105 106 
80 91 100 101 105 
80 91 100 105 106 
80 91 100 105 106 
80 91 100 101 105 
64 80 91 100 101 
64 80 91 100 101 
80 91 100 101 105 
80 91 100 101 105 
80 91 100 101 105 
64 91 100 101 105 
64 91 101 102 105 
91 100 101 102 105 
64 91 100 101 105 
63 101 102 105 109 
91 100 101 102 105 
80 91 100 101 105 
91 100 101 102 105 
91 100 101 102 105 
91 100 101 102 105 
100 101 102 105 106 
91 100 101 102 105 
91 100 101 102 105 
100 101 102 105 106 
91 100 101 105 106 
91 101 102 105 109 
91 100 101 102 105 
100 101 102 105 106 
91 101 102 105 109 
91 100 101 102 105 
91 100 101 102 105 
100 101 102 105 109 
100 101 102 105 109 
91 101 102 105 109 
101 102 105 108 109 
101 102 105 108 109 
101 102 105 108 109 
101 102 105 108 109 
101 102 105 108 109 
62 63 64 101 102 
62 63 64 101 102 
63 64 101 102 109 
63 64 101 102 109 
62 63 64 101 102 
61 62 63 88 169 
61 62 63 88 169 
61 62 63 88 109 
61 62 63 88 109 
62 63 101 102 109 
62 63 88 102 109 
62 63 101 102 109 
61 62 63 88 109 
61 62 63 88 109 
61 62 63 88 109 
62 63 88 102 109 
62 63 101 102 109 
61 62 63 88 109 
61 62 63 88 109 
62 88 102 103 109 
62 63 88 102 109 
62 88 101 102 109 
62 63 88 102 109 
62 88 101 102 109 
69 70 84 87 99 
60 86 88 97 103 
60 86 88 97 103 
60 86 88 97 103 
60 86 88 97 103 
60 86 88 97 103 
72 86 88 97 103 
60 86 88 97 103 
60 86 88 97 103 
72 86 88 97 103 
72 86 88 97 103 
59 60 72 86 97 
72 86 88 97 103 
59 72 86 97 103 
72 86 88 97 103 
59 72 86 97 103 
59 60 72 86 97 
84 86 88 103 109 
10 33 89 90 93 
63 64 73 91 101 
63 64 73 91 101 
64 73 80 91 101 
89 93 94 104 107 
89 93 94 107 108 
33 89 93 94 104 
90 94 106 107 108 
89 93 94 107 108 
89 90 93 94 107 
33 89 90 93 94 
33 89 90 94 98 
33 89 90 93 94 
33 89 90 93 94 
71 72 84 97 103 
71 72 84 97 103 
71 84 86 97 103 
72 84 86 97 103 
72 84 86 97 103 
62 63 64 101 169 
62 63 64 101 102 
64 73 91 100 101 
64 73 91 100 101 
67 68 75 76 92 
66 67 68 75 92 
67 68 75 79 92 
67 68 75 79 92 
67 68 75 79 92 
68 76 79 83 92 
8 76 79 83 92 
67 68 75 76 92 
74 76 80 95 96 
9 76 81 83 96 
71 84 86 97 103 
71 84 86 97 103 
70 71 84 97 103 
70 71 84 103 110 
70 71 84 103 110 
70 71 84 103 110 
74 81 98 100 106 
74 98 100 105 106 
74 98 100 105 106 
90 94 98 105 106 
10 26 34 77 104 
85 87 93 99 104 
34 85 93 104 107 
34 85 93 99 104 
77 85 87 99 104 
77 85 87 99 104 
69 85 87 99 110 
69 85 87 99 104 
69 85 87 99 104 
85 93 99 104 107 
89 93 99 104 107 
87 99 104 107 110 
85 93 99 104 107 
85 87 99 104 107 
84 87 99 107 110 
70 87 99 107 110 
89 93 99 104 107 
93 99 104 107 110 
84 87 99 107 110 
87 99 104 107 110 
85 89 93 104 107 
11 34 77 85 104 
11 26 34 77 85 
80 91 100 105 106 
74 80 100 105 106 
80 91 100 105 106 
80 100 101 105 106 
91 100 101 105 106 
100 101 102 105 106 
80 100 101 105 106 
80 100 101 105 106 
100 101 102 105 106 
100 101 102 105 106 
74 80 100 105 106 
100 101 102 105 106 
94 100 105 106 108 
94 98 100 105 106 
64 73 91 100 101 
100 101 102 105 108 
101 102 105 108 109 
72 86 88 97 103 
59 60 72 86 97 
58 59 72 86 97 
61 86 88 103 109 
86 88 97 103 109 
94 99 107 108 110 
89 93 94 107 108 
94 99 107 108 110 
94 105 107 108 110 
94 99 104 107 108 
89 93 94 107 108 
89 93 94 104 107 
94 99 107 108 110 
94 105 107 108 110 
94 102 105 107 108 
99 104 107 108 110 
94 105 107 108 110 
94 102 107 108 110 
102 105 107 108 110 
94 102 105 107 108 
94 105 106 107 108 
94 105 106 107 108 
94 101 102 105 108 
102 105 107 108 110 
94 102 105 107 108 
101 102 105 108 109 
94 101 102 105 108 
102 105 108 109 110 
94 102 105 106 108 
100 102 105 106 108 
100 101 105 106 108 
102 105 107 108 110 
102 105 108 109 110 
100 102 105 106 108 
100 102 105 106 108 
102 105 107 108 110 
102 105 108 109 110 
100 102 105 106 108 
102 105 108 109 110 
101 102 105 108 109 
100 101 102 105 108 
101 102 105 108 109 
100 101 102 105 108 
100 101 102 105 108 
100 101 102 105 108 
101 102 105 106 108 
94 102 105 106 108 
101 102 105 106 108 
74 75 76 95 96 
71 84 86 97 103 
71 84 86 97 103 
72 86 88 97 103 
72 84 86 97 103 
86 88 97 103 109 
86 88 97 103 109 
84 86 88 103 109 
84 86 88 103 109 
84 88 103 109 110 
71 84 86 88 103 
71 84 103 109 110 
84 86 88 103 109 
71 84 86 97 103 
70 71 84 103 110 
71 84 86 103 110 
71 84 86 97 103 
71 84 86 97 103 
71 84 99 103 110 
74 80 98 100 106 
34 77 85 93 104 
34 77 85 93 104 
89 93 99 104 107 
85 93 99 104 107 
87 99 104 107 110 
84 87 99 107 110 
84 87 99 107 110 
84 87 99 107 110 
100 102 105 106 108 
94 98 100 105 106 
94 98 100 105 106 
62 86 88 103 109 
61 62 86 88 109 
61 62 88 103 109 
62 86 88 103 109 
62 86 88 103 109 
61 86 88 103 109 
62 86 88 103 109 
61 86 88 103 109 
86 88 102 103 109 
88 101 102 103 109 
88 101 102 103 109 
61 86 88 103 109 
86 88 102 103 109 
61 86 88 103 109 
84 86 88 103 109 
94 100 105 106 108 
94 102 107 108 110 
94 102 107 108 110 
94 99 107 108 110 
102 107 108 109 110 
87 99 107 108 110 
94 99 107 108 110 
99 107 108 109 110 
99 107 108 109 110 
84 87 99 107 110 
84 87 99 107 110 
87 99 107 108 110 
87 99 107 108 110 
87 99 107 108 110 
99 107 108 109 110 
87 99 107 108 110 
99 107 108 109 110 
99 107 108 109 110 
84 99 107 108 110 
87 99 107 108 110 
84 99 108 109 110 
99 103 108 109 110 
84 87 99 108 110 
84 99 108 109 110 
99 107 108 109 110 
99 107 108 109 110 
84 87 99 103 110 
100 102 105 106 108 
102 107 108 109 110 
101 102 105 108 109 
101 102 105 108 109 
101 102 105 108 109 
101 102 105 108 109 
88 101 102 108 109 
102 103 108 109 110 
102 103 108 109 110 
88 102 103 109 110 
88 102 103 109 110 
88 102 103 109 110 
101 102 103 108 109 
101 102 105 108 109 
88 101 102 103 109 
88 101 102 103 109 
102 103 108 109 110 
88 102 103 109 110 
88 102 103 109 110 
102 103 108 109 110 
88 102 103 109 110 
88 102 103 109 110 
88 102 103 109 110 
88 102 103 109 110 
99 103 108 109 110 
99 107 108 109 110 
102 103 108 109 110 
99 102 108 109 110 
99 107 108 109 110 
99 102 107 108 110 
102 107 108 109 110 
84 86 88 97 103 
71 84 103 109 110 
84 86 88 103 109 
84 88 103 109 110 
84 86 88 103 109 
84 86 88 103 109 
101 102 105 108 109 
63 88 101 102 109 
88 101 102 108 109 
88 101 102 108 109 
88 101 102 103 109 
88 102 103 109 110 
84 87 99 107 110 
84 87 99 107 110 
84 87 99 108 110 
84 87 99 107 110 
70 84 87 99 110 
70 84 87 99 110 
84 87 99 103 110 
102 107 108 109 110 
102 103 108 109 110 
88 102 103 109 110 
84 86 88 103 109 
84 86 88 103 109 
84 86 88 103 109 
84 86 88 103 109 
84 86 88 103 109 
70 84 87 99 110 
70 84 87 99 110 
70 84 87 99 110 
62 88 101 102 109 
88 102 103 109 110 
86 88 102 103 109 
88 102 103 109 110 
86 88 102 103 109 
86 88 103 109 110 
86 88 103 109 110 
88 102 103 109 110 
88 102 103 109 110 
84 88 103 109 110 
84 99 103 109 110 
71 84 99 103 110 
88 101 102 103 109 
62 63 101 102 109 
62 63 101 102 109 
84 99 103 109 110 
84 99 103 109 110 
84 88 103 109 110 
84 88 103 109 110 
71 84 103 109 110 
111 112 137 165 166 
111 112 137 166 188 
111 112 113 137 150 
112 113 137 150 158 
112 113 137 150 158 
112 113 137 150 158 
112 113 114 150 158 
112 113 114 150 158 
112 113 114 150 158 
112 113 114 131 158 
113 114 115 131 146 
113 114 115 131 146 
113 114 115 131 146 
113 114 115 131 146 
28 114 115 131 146 
28 114 115 146 156 
16 28 114 115 146 
16 28 114 115 146 
16 28 37 115 146 
4 38 116 140 149 
117 118 128 139 149 
117 118 128 139 149 
117 118 128 142 160 
117 118 128 142 160 
117 118 119 142 160 
118 119 127 142 160 
66 67 119 126 142 
66 67 119 126 142 
66 67 78 119 142 
66 67 78 119 142 
58 59 72 97 120 
58 59 72 97 120 
58 59 72 97 120 
58 59 60 120 145 
58 59 120 121 145 
58 59 120 121 145 
58 59 120 121 145 
120 121 145 167 176 
120 121 122 145 167 
120 121 122 145 167 
120 121 122 145 167 
120 121 122 145 167 
121 122 123 154 187 
122 123 124 144 187 
122 123 124 144 204 
122 123 124 144 204 
123 124 144 165 204 
125 129 130 171 175 
78 126 127 151 155 
126 127 148 160 161 
127 141 148 160 161 
111 137 165 166 188 
112 113 150 158 163 
113 114 131 158 162 
114 115 131 146 156 
114 115 131 146 156 
28 115 131 146 156 
28 114 115 146 156 
28 114 115 146 156 
123 124 144 165 204 
124 144 165 194 204 
123 124 144 165 204 
122 123 144 154 187 
58 59 60 120 145 
58 59 60 97 120 
58 59 60 97 120 
58 59 60 97 120 
113 114 115 131 158 
111 112 137 165 166 
117 118 128 141 149 
4 5 19 38 116 
58 59 60 97 120 
129 135 141 148 175 
64 65 73 91 155 
64 65 73 91 155 
65 73 80 91 155 
58 59 72 97 120 
58 59 60 97 120 
58 59 60 97 120 
16 28 115 146 156 
16 28 115 146 156 
28 114 115 131 146 
112 113 114 150 158 
112 113 114 150 158 
111 112 137 150 188 
111 112 137 150 188 
130 171 180 181 182 
2 143 152 153 172 
3 19 140 143 172 
3 19 140 143 172 
3 19 138 140 172 
4 19 38 116 140 
58 59 120 121 145 
58 59 60 97 120 
65 73 80 91 155 
58 59 72 97 120 
28 114 115 131 146 
114 115 131 159 162 
28 114 115 146 156 
113 114 115 131 146 
111 137 165 166 188 
111 124 137 165 166 
111 124 137 165 166 
111 112 137 150 188 
113 114 131 150 158 
111 112 137 166 188 
132 153 182 183 196 
133 147 152 193 203 
2 3 29 143 172 
3 19 138 140 172 
3 19 38 140 172 
19 38 138 140 172 
4 19 20 38 140 
134 138 153 164 172 
125 129 132 164 175 
4 19 38 116 140 
4 19 38 116 140 
111 124 165 166 204 
111 123 124 165 204 
111 124 165 166 204 
123 124 144 165 204 
122 123 124 144 187 
123 124 144 165 204 
121 122 123 145 154 
120 121 122 145 154 
120 121 122 145 154 
120 121 122 145 167 
120 121 145 167 176 
58 59 120 121 145 
58 59 120 121 145 
58 59 60 120 145 
58 59 120 145 176 
58 59 60 97 176 
58 59 60 120 145 
58 59 60 97 120 
58 59 60 97 120 
129 135 157 161 170 
127 135 151 157 161 
66 67 78 119 126 
66 67 78 92 119 
66 67 78 92 119 
62 63 64 168 169 
136 151 157 168 186 
64 65 73 91 155 
65 66 78 126 155 
65 66 78 126 155 
65 73 136 155 168 
58 59 60 97 120 
28 114 115 131 146 
113 114 115 131 146 
113 114 115 131 158 
113 114 115 131 158 
113 114 115 131 158 
113 114 115 131 146 
112 113 137 150 158 
112 113 150 158 163 
111 112 113 137 150 
111 112 113 137 150 
112 113 114 150 158 
112 113 114 150 158 
111 124 137 165 166 
111 112 137 188 199 
112 113 114 131 158 
113 114 131 150 158 
113 114 131 158 162 
25 31 133 147 193 
2 22 25 143 152 
134 138 143 153 172 
2 3 143 152 172 
134 138 140 164 172 
128 139 141 149 164 
111 123 124 165 204 
123 124 144 165 204 
122 123 124 144 187 
122 123 124 144 187 
122 123 154 187 206 
120 121 145 167 176 
58 59 120 145 176 
58 59 120 121 145 
58 59 120 121 145 
58 59 120 121 145 
58 59 60 120 145 
58 59 60 120 145 
58 59 60 120 145 
120 121 145 167 176 
58 59 60 120 176 
58 59 60 120 176 
58 59 60 97 120 
58 59 60 97 176 
129 139 141 148 160 
119 126 127 142 161 
66 67 78 119 126 
66 67 119 126 142 
66 67 78 119 126 
66 67 78 92 119 
63 64 91 168 169 
63 64 73 91 168 
65 73 136 155 168 
24 28 115 146 156 
16 24 28 37 146 
24 28 115 146 156 
112 113 137 150 158 
112 113 137 150 158 
111 112 137 166 188 
1 25 31 133 147 
112 113 137 150 158 
112 137 150 188 198 
22 25 133 147 152 
2 143 152 153 172 
2 3 143 152 172 
2 3 22 143 152 
2 3 22 143 152 
2 22 29 143 152 
3 19 138 140 172 
19 134 138 140 172 
138 139 140 149 164 
138 139 141 149 164 
117 118 128 139 149 
116 117 128 139 149 
128 129 139 141 148 
128 139 141 164 175 
125 129 164 171 175 
127 129 141 148 160 
4 38 116 140 149 
111 124 165 166 204 
122 123 144 154 187 
121 122 123 154 187 
61 62 63 169 177 
61 62 63 169 177 
60 61 62 88 177 
61 62 63 169 177 
59 60 61 86 176 
59 60 86 97 176 
59 60 61 86 176 
59 60 61 86 176 
59 60 61 86 176 
58 59 60 120 145 
58 59 60 97 176 
58 59 60 97 176 
58 59 60 97 120 
58 59 60 120 145 
58 59 60 120 176 
58 59 60 120 145 
58 59 60 120 176 
58 59 60 120 176 
58 59 60 120 145 
58 59 60 97 120 
58 59 60 97 120 
118 119 127 142 160 
135 151 157 161 170 
126 127 151 155 161 
66 67 75 78 119 
66 67 78 119 142 
66 67 78 119 126 
62 63 64 168 169 
63 64 91 168 169 
63 64 73 91 168 
136 151 155 157 186 
73 136 151 155 157 
63 64 73 91 168 
65 66 75 78 126 
65 66 75 78 126 
65 66 78 126 155 
65 73 78 136 155 
65 73 78 91 155 
1 31 147 156 159 
28 114 115 131 146 
114 115 131 146 156 
114 115 131 146 156 
113 114 115 131 158 
113 114 115 131 146 
1 24 28 146 156 
28 115 131 146 156 
111 137 165 166 188 
111 112 137 166 188 
113 114 115 131 158 
111 112 137 150 188 
2 22 25 133 152 
2 22 25 133 152 
2 134 143 153 172 
132 134 143 153 172 
2 3 19 143 172 
2 3 29 143 172 
2 3 19 143 172 
4 19 20 38 140 
19 116 138 140 172 
19 134 138 140 172 
134 138 139 140 149 
4 116 117 138 149 
117 118 128 139 149 
117 118 128 139 149 
117 118 128 149 160 
129 139 141 148 175 
4 38 116 140 149 
4 38 116 140 149 
4 38 116 140 149 
122 123 124 144 187 
123 144 187 197 204 
61 62 63 169 177 
60 61 86 88 176 
60 61 86 88 176 
60 61 62 88 176 
60 61 62 88 177 
58 59 120 121 145 
59 60 61 86 176 
59 60 61 86 176 
59 60 61 86 176 
59 60 61 86 176 
59 60 61 86 176 
58 59 60 97 176 
58 59 60 97 176 
58 59 60 97 176 
58 59 60 97 176 
58 59 60 97 176 
58 59 60 97 120 
58 59 60 120 176 
58 59 60 97 176 
58 59 60 97 176 
58 59 60 97 176 
58 59 60 120 176 
58 59 60 97 120 
125 129 135 161 175 
125 129 135 171 175 
125 129 135 171 175 
118 119 127 142 160 
118 119 127 142 160 
126 127 148 160 161 
126 127 148 160 161 
126 127 151 155 161 
78 119 126 127 155 
66 67 78 119 126 
66 67 78 119 126 
66 67 119 126 142 
62 63 64 169 177 
62 63 64 101 169 
63 64 91 101 169 
136 151 155 157 168 
65 73 136 151 155 
65 73 136 155 168 
63 64 73 91 168 
64 65 73 91 168 
63 64 73 91 168 
65 73 136 155 168 
65 73 136 151 155 
1 24 146 156 159 
1 24 146 156 159 
1 24 31 156 159 
1 24 28 146 156 
114 115 131 146 156 
113 114 131 158 162 
24 28 115 146 156 
111 124 165 166 204 
124 165 166 194 204 
124 165 166 194 204 
125 132 164 175 182 
25 31 42 133 147 
1 25 31 133 147 
112 113 137 150 158 
2 22 25 133 152 
2 22 133 152 203 
22 25 133 147 152 
22 25 133 152 203 
2 22 143 152 203 
2 134 143 153 172 
134 138 140 164 172 
2 3 29 143 172 
4 19 38 116 140 
4 38 116 140 149 
132 134 153 164 175 
134 138 139 140 164 
134 138 139 164 172 
138 139 141 164 175 
128 139 141 149 164 
117 118 128 139 149 
128 129 139 141 148 
128 139 141 148 160 
61 62 63 169 177 
61 62 63 169 177 
120 121 145 167 176 
120 121 145 167 176 
60 61 62 88 176 
60 61 62 88 176 
60 61 62 86 88 
60 61 62 88 177 
61 62 63 88 177 
59 60 61 86 176 
59 60 61 86 176 
59 60 61 86 176 
58 59 60 120 176 
128 129 139 141 148 
127 129 141 148 160 
127 129 141 148 160 
127 142 148 160 161 
135 151 157 161 170 
135 151 157 161 170 
126 127 151 155 161 
126 127 151 155 161 
126 127 142 160 161 
66 118 119 126 142 
62 63 64 101 169 
62 63 64 101 169 
62 63 64 101 169 
62 63 64 168 169 
63 64 91 101 168 
63 64 73 91 168 
63 64 73 91 168 
136 151 155 157 186 
73 136 151 155 168 
126 136 151 155 157 
65 73 136 155 168 
65 73 136 155 168 
64 65 73 91 168 
1 24 31 147 159 
114 115 131 146 156 
113 114 131 150 158 
112 113 150 158 163 
112 113 150 158 163 
24 28 37 146 156 
24 28 115 146 156 
111 112 137 166 188 
111 124 165 166 204 
22 25 133 147 152 
22 25 133 147 152 
1 25 31 133 147 
31 133 147 184 193 
111 112 137 150 188 
2 22 25 133 152 
22 25 133 152 203 
22 25 133 147 152 
132 134 143 153 172 
134 143 153 172 183 
132 134 153 164 183 
2 134 143 153 172 
2 3 143 152 172 
4 19 38 116 140 
4 19 116 138 140 
116 117 128 139 149 
121 122 123 154 187 
121 122 123 154 187 
61 62 63 169 177 
61 62 63 169 177 
62 63 64 169 177 
61 62 63 169 177 
120 121 145 167 176 
120 121 145 167 206 
121 122 154 167 206 
60 61 62 88 176 
60 61 62 88 177 
60 61 62 88 177 
60 61 62 88 177 
60 61 62 88 177 
60 61 62 176 177 
60 61 62 176 177 
60 61 62 176 177 
60 61 62 88 176 
60 61 62 88 177 
60 61 62 88 177 
60 61 62 88 177 
60 61 62 169 177 
60 61 62 88 177 
61 62 63 88 177 
120 121 145 167 176 
120 121 145 167 176 
59 60 61 86 176 
59 60 61 86 176 
59 60 61 86 176 
59 60 61 86 176 
59 60 61 86 176 
59 60 61 86 176 
59 60 61 86 176 
59 60 61 86 176 
59 60 61 86 176 
59 60 61 86 176 
59 60 61 86 176 
59 60 61 86 176 
127 141 148 160 161 
127 129 141 148 160 
127 129 141 148 160 
118 119 127 142 160 
118 128 142 148 160 
126 127 148 160 161 
62 63 64 169 177 
62 63 64 169 177 
62 63 64 168 169 
62 63 64 101 169 
73 136 151 155 168 
136 151 155 157 168 
126 136 151 155 157 
1 31 147 156 159 
1 24 31 156 159 
1 31 147 156 159 
1 31 147 159 184 
114 115 131 146 156 
114 115 131 146 156 
114 115 131 146 156 
113 114 115 131 162 
112 113 150 158 163 
112 113 150 158 163 
24 28 115 146 156 
123 124 144 165 204 
124 144 165 194 204 
125 129 135 171 175 
112 113 137 150 158 
2 134 143 153 172 
2 22 143 152 203 
2 3 19 143 172 
19 116 138 140 172 
134 138 140 149 172 
134 143 153 164 172 
134 138 139 164 172 
138 139 141 149 164 
128 138 139 149 164 
128 139 141 149 164 
117 128 138 139 149 
117 118 128 139 149 
117 128 139 141 149 
129 139 141 148 175 
125 129 141 164 175 
128 139 141 148 160 
123 124 144 194 204 
61 62 63 169 177 
61 62 63 169 177 
62 63 64 169 177 
60 61 62 176 177 
60 61 62 88 176 
60 61 62 169 177 
60 61 62 88 177 
60 61 62 88 177 
61 62 63 169 177 
59 60 61 86 176 
59 60 61 86 176 
59 60 61 86 176 
125 129 135 171 175 
125 129 135 148 161 
129 135 161 170 171 
66 119 126 127 142 
66 67 119 126 142 
62 63 64 169 177 
62 63 64 101 169 
62 63 64 168 169 
136 151 157 168 186 
135 136 151 157 161 
136 151 157 170 186 
65 78 126 151 155 
65 78 126 151 155 
65 73 78 126 155 
65 66 78 126 155 
65 73 78 151 155 
1 31 147 159 184 
1 24 146 156 159 
1 24 28 146 156 
113 114 115 131 162 
112 113 114 150 158 
112 113 150 158 163 
112 113 150 158 163 
112 137 150 158 198 
112 137 150 158 198 
112 113 137 150 158 
2 22 133 152 203 
2 22 25 133 152 
138 139 140 149 164 
132 134 153 164 175 
117 118 128 139 149 
128 139 141 149 160 
123 124 144 187 204 
61 62 63 169 177 
121 122 154 187 206 
61 62 63 169 177 
60 61 62 169 177 
60 61 62 88 177 
61 62 63 169 177 
61 62 63 169 177 
59 60 61 88 176 
59 60 61 88 176 
59 60 61 176 177 
125 129 141 171 175 
129 135 148 161 175 
119 126 127 142 160 
136 151 155 157 161 
66 78 119 126 155 
66 67 78 119 126 
62 63 64 169 177 
63 64 91 168 169 
63 64 73 91 168 
63 64 91 168 169 
63 64 91 168 169 
126 127 151 155 161 
65 66 78 126 155 
65 73 136 151 155 
65 73 78 80 155 
1 31 147 156 159 
1 24 146 156 159 
1 24 146 156 159 
112 137 150 188 198 
2 22 133 152 203 
2 22 143 152 203 
134 138 140 164 172 
4 19 116 138 140 
117 118 128 139 149 
61 62 63 169 177 
59 60 61 176 177 
59 60 61 176 177 
62 63 64 168 169 
62 63 64 168 169 
62 63 64 168 169 
62 63 64 168 169 
62 63 64 168 169 
65 126 151 155 161 
65 73 78 126 155 
112 137 150 188 198 
112 113 150 158 163 
125 132 134 153 182 
125 132 164 175 182 
31 133 147 184 193 
31 133 147 184 193 
111 112 137 150 188 
2 22 143 152 203 
132 134 143 153 183 
3 19 138 140 172 
3 19 138 140 172 
116 117 138 139 149 
129 141 148 164 175 
129 139 141 164 175 
122 154 187 206 208 
60 61 62 169 177 
129 135 151 157 161 
127 135 151 157 161 
126 127 151 155 161 
127 142 148 160 161 
127 141 148 160 161 
66 78 119 126 142 
66 119 126 127 142 
65 73 78 126 155 
1 24 31 156 159 
1 24 31 156 159 
112 150 158 163 198 
133 147 159 184 193 
2 22 143 152 203 
132 134 143 153 183 
134 143 153 172 183 
3 19 138 140 172 
60 61 62 176 177 
60 61 62 169 177 
66 119 126 127 142 
62 63 64 169 177 
65 78 126 151 155 
65 78 126 151 155 
65 73 126 151 155 
65 73 136 151 155 
65 73 136 151 155 
1 147 156 159 184 
1 24 146 156 159 
1 24 156 159 184 
113 114 150 158 163 
25 31 133 147 152 
25 133 147 152 193 
133 147 152 193 203 
132 134 143 153 183 
134 138 143 153 172 
117 118 128 149 160 
118 127 142 148 160 
126 127 148 151 161 
63 64 91 168 169 
63 64 91 168 169 
62 63 64 168 169 
62 63 64 169 177 
62 63 64 169 177 
136 151 157 170 186 
1 131 156 159 184 
1 24 146 156 159 
112 150 158 163 198 
25 31 133 147 152 
25 133 147 152 193 
3 138 140 143 172 
4 38 116 138 140 
134 138 140 143 172 
134 138 143 153 172 
117 118 128 142 160 
125 129 141 164 175 
126 127 148 151 161 
126 127 151 155 161 
62 63 64 168 169 
62 63 64 169 177 
126 136 151 155 161 
1 24 146 156 159 
115 131 146 156 159 
1 131 146 156 159 
113 150 158 162 163 
113 150 158 162 163 
112 113 150 158 163 
112 150 158 163 198 
112 150 158 163 198 
133 147 152 184 193 
3 19 140 143 172 
116 138 139 140 149 
116 117 138 139 149 
117 128 138 139 149 
134 138 143 164 172 
118 127 142 148 160 
119 126 127 142 160 
126 127 151 155 161 
62 63 64 168 169 
62 63 64 169 177 
1 24 115 146 156 
113 114 131 158 162 
114 131 158 162 184 
132 134 143 153 183 
132 134 143 153 183 
2 134 143 153 172 
125 129 135 141 175 
127 142 148 160 161 
135 151 155 157 161 
62 63 64 168 169 
1 24 146 156 159 
133 147 152 193 203 
134 138 140 164 172 
117 118 128 142 160 
117 118 128 142 160 
118 128 142 148 160 
125 129 141 148 175 
126 127 151 155 161 
1 131 156 159 184 
1 147 156 159 184 
131 156 159 162 184 
132 153 183 201 203 
125 129 135 161 175 
135 151 155 157 161 
112 150 158 163 198 
129 135 148 161 175 
129 135 161 170 171 
118 127 142 148 160 
136 151 155 157 161 
115 131 146 156 159 
113 114 158 162 163 
113 150 158 162 163 
129 135 141 148 175 
118 128 142 148 160 
135 136 151 157 161 
114 115 131 146 156 
118 127 128 148 160 
118 127 142 148 160 
127 142 148 160 161 
118 127 142 148 160 
126 136 151 155 161 
114 115 131 146 156 
114 115 131 156 159 
114 131 156 159 162 
114 115 131 156 159 
114 115 131 146 156 
114 115 131 159 162 
114 115 131 156 159 
114 115 131 146 162 
131 156 159 162 184 
115 131 146 156 159 
114 115 131 159 162 
113 114 131 158 162 
112 150 158 163 198 
132 134 153 183 196 
143 152 153 183 203 
143 152 153 183 203 
129 135 148 161 170 
129 135 148 151 161 
114 115 131 159 162 
114 131 156 159 162 
114 131 156 159 162 
114 115 131 146 156 
114 115 131 159 162 
152 153 183 201 203 
114 131 159 162 184 
114 131 159 162 184 
132 143 153 183 203 
127 129 141 148 160 
115 131 146 156 159 
114 131 159 162 184 
1 147 156 159 184 
1 31 147 156 159 
127 129 135 148 161 
156 159 162 184 193 
133 152 153 183 203 
143 152 153 183 203 
125 129 141 148 175 
24 115 146 156 159 
114 131 159 162 184 
131 156 159 162 184 
127 128 141 148 160 
118 128 141 148 160 
128 129 141 148 160 
129 141 148 161 175 
127 135 148 151 161 
127 129 148 151 161 
114 131 159 162 184 
131 156 159 162 184 
159 162 174 184 193 
131 156 159 162 184 
150 158 162 163 173 
128 139 141 148 160 
126 127 148 151 161 
1 24 28 146 156 
158 162 163 174 184 
113 150 158 162 163 
113 150 158 162 163 
118 128 141 148 160 
129 141 148 160 175 
127 129 135 148 161 
129 135 141 148 161 
156 159 162 184 193 
113 150 158 162 163 
113 150 158 162 163 
113 114 158 162 163 
113 114 158 162 163 
1 24 115 146 156 
113 114 158 162 163 
127 129 148 151 161 
127 129 135 148 161 
113 150 158 162 163 
127 129 141 148 161 
114 131 159 162 184 
131 158 162 163 184 
113 114 115 131 158 
113 114 131 158 162 
113 114 131 158 162 
113 114 131 158 162 
113 131 158 162 163 
113 150 158 162 163 
150 158 162 163 173 
131 158 162 163 173 
131 158 162 163 184 
117 118 128 141 160 
150 158 162 163 173 
150 158 162 163 173 
150 158 162 163 173 
118 128 141 148 160 
117 128 139 141 149 
150 158 162 163 173 
117 128 139 141 149 
150 158 162 163 173 
113 150 158 162 163 
158 162 163 173 198 
162 163 173 174 198 
158 162 163 173 174 
158 162 163 173 174 
158 162 163 174 184 
158 162 163 173 174 
158 162 163 173 174 
158 162 163 173 174 
162 163 173 174 184 
150 158 163 173 198 
150 158 163 173 198 
150 163 173 188 198 
163 173 174 191 198 
162 163 173 174 198 
158 162 163 173 174 
150 158 163 173 198 
150 158 163 173 198 
150 158 163 173 198 
163 173 191 198 199 
131 158 162 163 184 
114 131 158 159 162 
131 159 162 163 184 
58 59 60 97 120 
65 73 136 151 155 
4 19 38 116 140 
58 59 60 61 176 
58 59 60 97 176 
58 59 60 97 176 
58 59 60 97 176 
58 59 60 120 176 
58 59 60 61 176 
58 59 60 61 176 
58 59 60 61 176 
59 60 61 86 176 
59 60 61 86 176 
59 60 61 145 176 
59 60 61 176 177 
59 60 61 145 176 
59 60 61 86 176 
58 59 60 61 176 
59 60 61 86 176 
59 60 61 86 176 
58 59 60 120 176 
58 59 60 120 176 
58 59 60 120 176 
58 59 60 145 176 
59 60 61 145 176 
58 59 60 61 176 
58 59 60 120 176 
58 59 60 120 176 
58 59 60 120 176 
58 59 60 120 176 
59 60 120 145 176 
59 60 120 145 176 
2 143 152 153 172 
2 22 143 152 203 
2 143 152 153 203 
138 139 141 164 175 
128 139 141 164 175 
138 139 141 164 175 
134 138 139 164 175 
125 129 141 164 175 
138 139 141 164 175 
134 138 139 164 175 
125 139 141 164 175 
134 138 139 164 175 
125 139 141 164 175 
125 129 141 164 175 
125 132 134 164 175 
134 138 139 164 175 
125 132 134 164 175 
125 132 134 164 175 
132 134 138 164 175 
134 138 139 164 175 
59 60 120 145 176 
59 60 120 145 176 
59 120 121 145 176 
120 121 145 167 176 
120 121 145 167 176 
120 121 145 167 176 
120 121 145 167 176 
120 121 145 167 176 
120 121 145 167 176 
120 121 145 167 176 
60 120 145 167 176 
66 78 119 126 155 
64 65 73 91 168 
64 65 73 136 168 
64 73 91 136 168 
64 65 73 91 168 
63 64 73 168 169 
64 73 136 155 168 
63 64 73 91 168 
64 73 136 155 168 
73 136 151 155 168 
73 136 155 157 168 
136 155 157 168 186 
136 155 157 168 186 
111 124 165 166 204 
125 129 135 171 175 
125 129 135 171 175 
2 134 143 153 172 
4 116 117 138 149 
63 64 73 91 168 
63 64 73 91 168 
63 64 73 91 168 
63 64 73 91 168 
1 31 133 147 159 
124 165 166 194 204 
111 124 165 166 194 
111 165 166 194 195 
111 124 165 166 194 
124 165 166 194 204 
124 165 166 194 204 
124 165 166 194 204 
124 165 166 194 204 
124 165 166 194 204 
124 165 194 204 207 
124 144 165 194 204 
111 165 166 188 195 
124 165 166 194 204 
124 165 166 194 204 
165 166 194 195 204 
124 165 166 194 204 
165 166 188 194 195 
111 165 166 188 195 
125 129 164 171 175 
125 130 132 171 182 
132 153 182 183 196 
125 130 132 182 196 
125 130 132 171 182 
125 132 153 182 196 
130 132 181 182 196 
125 132 164 175 182 
125 132 164 175 182 
132 134 138 153 164 
120 121 145 167 206 
120 121 145 167 176 
120 121 145 167 206 
121 145 154 167 206 
121 145 167 176 206 
145 167 176 178 206 
121 122 154 167 206 
59 60 61 86 176 
118 119 127 142 160 
61 62 63 169 177 
61 62 63 169 177 
64 136 168 185 186 
125 129 135 170 171 
125 135 170 171 179 
135 157 170 171 179 
129 135 157 170 171 
125 129 135 170 171 
2 3 143 153 172 
2 3 134 143 172 
122 123 144 154 187 
61 62 63 169 177 
61 62 63 169 177 
61 62 63 169 177 
61 62 63 169 177 
61 62 63 169 177 
61 62 63 169 177 
61 62 63 169 177 
61 62 63 169 177 
62 63 64 169 177 
62 63 64 169 177 
62 63 64 169 177 
61 62 63 169 177 
60 61 62 88 176 
59 60 61 88 176 
66 67 119 126 142 
111 137 165 166 188 
111 137 166 188 195 
111 137 165 166 188 
111 137 166 188 199 
19 116 138 140 149 
116 138 139 140 149 
116 138 139 140 149 
4 116 138 140 149 
4 116 138 140 149 
4 19 38 116 140 
19 116 138 140 149 
117 128 139 141 149 
117 128 139 141 149 
117 128 139 141 149 
117 128 139 141 149 
121 122 154 187 206 
121 122 123 145 154 
122 123 144 187 197 
123 144 187 197 204 
123 144 187 197 204 
123 124 144 187 197 
123 144 154 187 197 
61 62 63 169 177 
61 62 63 169 177 
2 133 143 152 203 
2 143 152 153 203 
2 143 152 153 203 
143 152 153 183 203 
128 139 141 149 164 
123 124 144 197 204 
123 144 187 197 204 
127 135 151 157 161 
135 157 170 186 192 
135 151 157 161 170 
136 151 157 170 186 
136 157 170 186 192 
136 157 170 186 192 
136 151 157 170 186 
135 157 170 171 192 
136 151 157 168 186 
136 151 157 168 186 
136 151 155 157 168 
136 157 168 185 186 
157 170 171 179 192 
135 157 170 171 192 
125 130 170 171 179 
170 171 179 180 200 
135 170 171 179 192 
60 61 62 176 177 
63 64 168 169 185 
25 133 147 152 193 
126 136 151 155 161 
126 136 151 155 161 
126 136 151 155 161 
3 134 140 143 172 
3 134 140 143 172 
134 138 143 164 172 
134 138 153 164 172 
118 128 142 148 160 
66 78 119 126 142 
66 78 119 126 127 
131 156 159 162 184 
131 156 159 162 184 
131 156 159 162 184 
131 156 159 162 184 
114 131 159 162 184 
131 156 159 162 184 
133 152 153 183 203 
2 133 143 152 203 
133 143 152 153 203 
2 133 143 152 203 
22 25 133 152 203 
133 143 152 193 203 
133 143 152 193 203 
2 133 143 152 203 
159 162 174 184 193 
131 156 159 162 184 
114 131 159 162 184 
131 156 159 162 184 
131 156 159 162 184 
131 156 159 162 184 
131 159 162 163 184 
117 118 128 139 149 
117 118 128 149 160 
113 150 158 162 163 
159 162 163 174 184 
131 156 159 162 184 
159 162 174 184 193 
159 162 174 184 193 
131 159 162 174 184 
159 162 174 184 193 
159 162 174 184 193 
159 162 174 184 193 
159 162 174 184 193 
159 162 174 184 193 
159 162 174 184 193 
147 159 174 184 193 
163 173 174 198 201 
162 163 173 174 184 
162 163 173 174 184 
162 163 173 174 184 
162 163 173 174 184 
162 163 173 174 184 
163 173 174 198 201 
162 163 173 174 184 
162 163 173 174 184 
162 163 173 174 184 
162 163 173 174 184 
162 163 173 174 184 
162 163 173 174 201 
163 173 174 184 193 
162 173 174 184 193 
59 60 61 176 177 
59 60 120 145 176 
125 129 141 164 175 
125 132 134 164 175 
120 121 145 167 176 
120 121 145 167 176 
120 121 145 167 176 
120 121 145 167 176 
120 121 145 167 176 
60 120 145 167 176 
60 120 145 167 176 
60 120 145 167 176 
145 167 176 177 178 
120 145 167 176 177 
60 145 167 176 177 
120 121 145 167 176 
60 145 167 176 177 
60 145 167 176 177 
60 145 167 176 177 
121 145 167 176 206 
145 167 176 177 178 
145 167 176 177 178 
145 167 176 178 206 
145 167 176 177 178 
121 154 167 206 208 
125 130 171 175 182 
63 64 136 168 186 
1 31 147 159 184 
1 31 147 159 184 
1 31 147 159 184 
133 147 159 184 193 
165 166 188 194 195 
165 166 194 195 204 
125 130 171 175 182 
132 153 183 196 201 
132 181 182 183 196 
125 130 132 181 182 
61 62 63 169 177 
122 154 187 206 208 
122 154 187 206 208 
122 123 154 187 206 
61 62 63 169 177 
61 62 63 169 177 
61 62 63 169 177 
62 63 64 168 169 
61 62 63 169 177 
62 63 169 177 185 
61 62 63 169 177 
62 63 169 177 178 
62 63 169 177 178 
60 61 62 176 177 
60 61 62 176 177 
111 137 166 188 195 
165 166 188 195 199 
111 137 166 188 195 
111 112 137 166 188 
111 137 166 188 195 
137 166 188 195 199 
137 166 188 195 199 
123 144 187 197 204 
61 62 169 176 177 
61 62 63 169 177 
61 62 169 176 177 
61 62 63 169 177 
61 62 63 169 177 
61 62 63 169 177 
62 63 169 177 178 
61 62 169 177 178 
61 62 169 177 178 
61 62 169 176 177 
60 61 62 176 177 
61 62 169 176 177 
60 61 62 176 177 
61 169 176 177 178 
167 169 176 177 178 
60 61 62 176 177 
61 62 169 176 177 
61 169 176 177 178 
61 167 176 177 178 
60 61 167 176 177 
60 61 167 176 177 
61 167 176 177 178 
62 169 176 177 178 
61 167 176 177 178 
61 167 176 177 178 
167 169 177 178 206 
167 169 176 177 178 
167 169 176 177 178 
62 169 176 177 178 
62 169 177 178 185 
62 63 169 177 178 
62 169 177 178 185 
167 177 178 185 206 
167 169 177 178 206 
62 169 177 178 185 
169 177 178 185 208 
112 137 150 163 198 
112 137 150 188 198 
112 137 150 188 198 
137 150 158 163 198 
125 130 170 171 179 
130 170 171 179 180 
125 130 171 179 180 
130 171 180 181 182 
170 171 179 180 200 
130 171 179 180 200 
171 179 180 200 205 
130 171 179 180 200 
130 179 180 189 190 
130 179 180 190 200 
179 180 190 200 207 
130 171 179 180 181 
130 179 180 190 200 
125 130 171 175 182 
125 130 180 181 182 
125 130 181 182 196 
125 130 171 180 182 
130 181 182 189 196 
125 130 132 181 182 
130 181 182 189 191 
130 132 181 182 196 
130 132 181 182 196 
62 63 64 168 169 
62 63 64 168 169 
62 63 64 168 169 
63 64 168 169 185 
63 168 169 177 185 
64 168 169 185 186 
62 169 177 178 185 
168 169 177 178 185 
133 147 184 193 203 
133 147 184 193 203 
133 147 184 193 203 
133 147 184 193 203 
133 147 184 193 203 
133 174 184 193 203 
133 147 174 193 203 
119 126 127 142 160 
150 158 163 173 198 
150 158 163 173 198 
1 147 159 184 193 
132 153 183 201 203 
132 153 183 196 203 
133 152 183 193 203 
133 152 183 193 203 
133 152 183 193 203 
133 143 152 193 203 
131 159 162 163 184 
117 118 128 141 160 
118 128 141 148 160 
118 128 142 148 160 
159 162 174 184 193 
159 162 174 184 193 
159 162 174 184 193 
159 162 174 184 193 
162 163 173 174 184 
162 173 174 184 193 
162 163 173 174 184 
159 162 174 184 193 
147 159 174 184 193 
133 159 174 184 193 
147 159 174 184 193 
147 159 174 184 193 
159 162 174 184 193 
147 159 174 184 193 
147 159 174 184 193 
159 162 174 184 193 
162 173 174 184 193 
133 147 174 184 193 
133 159 174 184 193 
133 147 174 184 193 
162 173 174 184 193 
150 158 163 173 198 
162 163 173 174 184 
59 60 61 176 177 
59 60 61 145 176 
60 61 62 176 177 
59 60 61 145 176 
59 60 61 145 176 
59 60 61 145 176 
59 60 120 145 176 
120 121 145 167 176 
145 167 176 177 178 
145 167 176 177 178 
136 168 169 185 186 
136 157 168 185 186 
168 178 185 186 202 
136 157 185 186 192 
136 157 168 185 186 
136 157 185 186 192 
168 185 186 192 202 
136 168 185 186 202 
132 153 182 183 196 
132 153 182 183 196 
121 122 154 167 206 
62 63 169 177 178 
137 166 188 195 199 
123 144 187 197 204 
123 144 187 197 204 
123 144 154 187 197 
144 187 194 197 204 
123 144 154 187 197 
123 144 187 197 204 
60 61 62 176 177 
60 61 62 176 177 
145 167 176 177 178 
145 167 176 177 178 
167 169 176 177 178 
112 137 150 188 198 
112 137 150 188 198 
111 112 137 188 199 
137 188 195 198 199 
137 166 188 195 199 
137 150 188 198 199 
137 166 188 195 199 
123 144 187 197 204 
136 157 170 186 192 
157 170 185 186 192 
157 170 186 192 200 
170 171 179 192 200 
135 170 171 179 192 
125 130 171 179 180 
125 130 171 180 182 
130 179 180 181 182 
130 179 180 181 189 
130 179 180 181 190 
170 171 179 192 200 
130 171 179 180 200 
130 171 179 180 181 
130 180 181 189 190 
179 180 200 205 207 
130 180 181 182 189 
130 180 181 182 189 
130 180 181 189 190 
130 181 182 189 191 
130 180 181 189 190 
181 182 189 191 196 
180 181 189 190 191 
181 182 189 191 196 
130 180 181 189 191 
180 181 182 189 191 
181 189 190 191 199 
181 189 190 191 199 
181 182 189 191 196 
181 189 191 196 199 
181 182 191 196 201 
181 189 190 191 199 
181 189 191 196 199 
180 181 189 190 195 
181 189 190 195 199 
181 189 191 196 199 
181 189 191 198 199 
181 189 190 191 199 
189 190 191 195 199 
180 189 190 195 199 
180 189 190 195 207 
180 181 189 190 195 
179 180 181 189 190 
180 181 189 190 195 
181 189 191 196 201 
173 189 191 198 199 
181 189 190 195 199 
180 190 194 195 207 
180 190 194 195 207 
180 189 190 195 207 
180 189 190 195 207 
168 169 178 185 186 
169 177 178 185 208 
178 185 186 202 208 
168 185 186 192 202 
178 185 186 202 208 
168 185 186 192 202 
185 186 192 202 208 
178 185 202 206 208 
178 185 186 202 208 
168 185 186 192 202 
168 185 186 192 202 
157 185 186 192 202 
168 185 186 192 202 
157 185 186 192 202 
157 170 186 192 202 
170 179 186 192 200 
167 178 185 206 208 
170 179 186 192 200 
179 192 200 202 205 
178 185 202 206 208 
133 152 174 193 203 
122 154 187 206 208 
122 154 187 206 208 
122 154 167 206 208 
150 173 188 198 199 
150 173 188 198 199 
150 163 173 188 198 
163 173 191 198 199 
163 173 191 198 199 
163 173 191 198 199 
150 158 163 173 198 
159 162 174 184 193 
159 162 174 184 193 
133 147 174 184 193 
133 147 174 184 193 
133 147 174 184 193 
133 147 174 184 193 
133 147 174 184 193 
133 147 174 184 193 
133 147 174 184 193 
147 159 174 184 193 
133 159 174 184 193 
133 174 184 193 203 
133 174 184 193 203 
133 174 184 193 203 
133 174 184 193 203 
162 173 174 184 193 
173 174 184 193 203 
173 174 184 193 201 
173 174 184 193 203 
173 174 184 193 203 
162 173 174 184 193 
173 174 184 193 201 
133 174 184 193 203 
147 156 159 184 193 
59 60 61 176 177 
60 61 167 176 177 
60 61 167 176 177 
60 61 167 176 177 
59 60 61 176 177 
136 157 185 186 192 
157 170 185 186 192 
125 130 170 171 179 
124 165 166 194 204 
165 194 195 204 207 
165 194 195 204 207 
165 166 194 195 204 
165 194 195 204 207 
144 194 197 204 207 
165 194 195 204 207 
124 165 194 204 207 
165 194 195 204 207 
166 190 194 195 199 
166 190 194 195 207 
166 190 194 195 199 
190 194 195 204 207 
189 190 194 195 207 
189 190 194 195 207 
180 190 194 195 207 
189 190 194 195 207 
190 194 195 204 207 
190 194 195 204 207 
190 194 195 204 207 
194 195 197 204 207 
190 194 195 204 207 
190 194 195 204 207 
180 190 194 195 207 
190 194 197 204 207 
190 194 195 204 207 
190 194 195 204 207 
190 194 195 204 207 
180 190 194 195 207 
132 153 183 196 201 
132 153 183 196 201 
132 153 183 201 203 
132 153 183 196 201 
132 153 183 201 203 
152 153 183 201 203 
132 153 183 196 201 
132 153 183 196 201 
132 183 196 201 203 
132 182 191 196 201 
132 182 183 196 201 
132 182 183 196 201 
132 182 183 196 201 
132 181 182 196 201 
130 132 181 182 196 
122 123 154 187 208 
154 187 197 206 208 
144 194 197 204 207 
144 194 197 204 207 
124 165 194 204 207 
123 144 187 197 204 
144 187 197 205 207 
167 169 176 177 178 
150 173 188 198 199 
173 188 191 198 199 
137 188 191 198 199 
137 150 188 198 199 
137 188 195 198 199 
188 189 195 198 199 
137 166 188 195 199 
137 188 195 198 199 
166 188 190 195 199 
166 188 190 195 199 
166 188 190 195 199 
166 188 190 195 199 
188 190 195 198 199 
188 189 190 195 199 
188 189 190 195 199 
179 180 192 200 205 
179 180 192 200 205 
170 179 192 200 205 
179 192 200 202 205 
179 180 192 200 205 
130 179 180 189 190 
130 179 180 181 189 
130 181 182 189 196 
132 181 182 191 196 
181 183 191 196 201 
181 182 191 196 201 
132 183 191 196 201 
182 183 191 196 201 
182 183 191 196 201 
132 183 191 196 201 
181 183 191 196 201 
173 183 191 196 201 
173 183 191 196 201 
181 189 191 196 201 
181 189 191 196 201 
173 189 191 196 201 
173 183 191 196 201 
173 189 191 196 201 
181 182 191 196 201 
173 191 196 198 201 
173 191 196 198 201 
173 189 191 198 201 
173 183 191 196 201 
173 183 191 196 201 
181 189 191 198 199 
181 189 190 191 199 
189 190 191 195 199 
188 189 190 195 199 
188 189 190 195 199 
188 189 195 198 199 
188 191 195 198 199 
189 190 191 195 199 
173 191 196 198 201 
173 189 191 198 199 
173 191 198 199 201 
163 173 191 198 201 
173 191 196 198 201 
173 191 198 199 201 
163 173 191 198 201 
163 173 174 198 201 
173 191 198 199 201 
163 173 191 198 201 
163 173 174 191 198 
163 173 191 198 201 
163 173 191 198 201 
163 173 191 198 201 
163 173 174 198 201 
163 173 191 198 199 
163 173 191 198 201 
179 180 189 190 207 
179 180 189 190 207 
189 190 194 195 199 
180 190 194 197 207 
180 190 200 205 207 
170 179 192 200 205 
178 185 186 202 208 
185 186 192 200 202 
185 186 192 202 205 
185 186 202 205 208 
185 192 202 205 208 
133 147 159 184 193 
133 147 152 193 203 
133 147 152 193 203 
133 147 152 193 203 
133 152 183 193 203 
133 152 183 193 203 
133 174 193 201 203 
133 174 184 193 203 
133 174 183 201 203 
133 152 174 183 203 
173 174 183 201 203 
133 152 174 193 203 
133 174 193 201 203 
133 152 183 201 203 
144 194 197 204 207 
144 194 197 204 207 
174 183 196 201 203 
153 183 196 201 203 
173 183 191 196 201 
154 187 197 206 208 
124 144 165 194 204 
124 144 165 194 204 
124 144 165 194 204 
124 144 165 194 204 
144 187 197 205 208 
144 187 197 205 208 
167 177 178 206 208 
145 154 167 178 206 
167 176 177 178 206 
167 176 177 178 206 
178 185 202 206 208 
154 167 178 206 208 
178 185 202 206 208 
178 185 186 202 208 
179 180 190 200 207 
179 192 200 202 205 
179 192 200 202 205 
197 200 202 205 207 
192 197 200 202 205 
192 200 202 205 208 
192 197 200 205 207 
192 200 202 205 208 
179 180 200 205 207 
179 197 200 205 207 
180 197 200 205 207 
194 197 200 205 207 
187 197 200 205 207 
197 200 202 205 207 
173 183 191 196 201 
173 174 191 196 201 
163 173 174 191 201 
188 191 195 198 199 
192 197 202 205 208 
133 152 183 193 203 
133 147 152 193 203 
133 152 174 193 203 
133 147 152 193 203 
133 147 152 193 203 
133 147 152 193 203 
133 147 152 193 203 
133 147 152 193 203 
133 152 174 193 203 
122 154 187 206 208 
154 167 178 206 208 
154 187 202 206 208 
154 167 178 206 208 
167 178 185 206 208 
154 178 202 206 208 
154 178 202 206 208 
154 178 187 206 208 
133 152 183 193 203 
133 174 183 201 203 
133 152 174 193 203 
133 147 159 184 193 
190 194 195 204 207 
190 194 195 204 207 
194 197 204 205 207 
194 197 204 205 207 
178 185 202 206 208 
154 178 202 206 208 
154 178 202 206 208 
178 187 202 206 208 
154 178 202 206 208 
154 178 187 206 208 
187 202 205 206 208 
154 178 187 206 208 
187 197 202 205 208 
173 174 183 191 201 
187 194 197 205 207 
190 194 197 205 207 
180 190 200 205 207 
190 194 197 205 207 
180 190 200 205 207 
144 187 197 205 207 
144 187 197 204 205 
185 202 205 206 208 
178 185 202 206 208 
144 187 197 205 208 
194 197 204 205 207 
187 197 200 205 207 
187 197 200 205 208 
192 197 200 202 205 
187 197 202 205 208 
187 197 200 205 208 
197 200 202 205 208 
187 197 202 205 208 
187 202 205 206 208 
185 202 205 206 208 
147 159 174 184 193 
144 187 197 204 205 
