50.970402 52.179207 96.175476 63.515846 98.981995 
60.629761 72.385773 71.645767 55.511086 75.339500 
60.629761 51.719868 70.446693 86.181984 63.105801 
85.473015 103.137070 63.689274 50.679306 112.169220 
85.473022 51.595463 104.746109 102.698761 76.302094 
51.595467 57.926018 117.326393 91.181442 117.955803 
109.521477 57.926014 104.340996 111.412163 73.078888 
78.590950 64.761284 100.237000 80.179626 64.587418 
80.901863 84.977119 97.190674 58.486137 77.317421 
62.467651 63.710823 93.765747 95.759033 85.104256 
90.399445 78.001274 90.182922 130.608612 61.517212 
90.399445 107.478691 54.557186 59.709080 104.406754 
107.478706 54.876968 52.921516 78.387711 103.806107 
54.876965 67.729416 107.798477 68.732544 105.111992 
67.729416 64.243347 122.304520 86.242561 80.912369 
64.243347 115.152336 74.002792 63.937927 126.528053 
67.861450 95.283127 79.272545 61.217762 69.236649 
80.901863 67.861450 74.766121 65.571053 76.976349 
51.719868 63.678421 64.881798 60.863613 80.561768 
95.780739 63.678417 51.870251 89.211800 57.709152 
102.698769 95.283127 51.870247 59.656422 92.555901 
72.385773 63.762329 89.146942 69.438385 72.801422 
54.557182 52.921516 107.798485 114.266266 89.391045 
50.970402 96.621307 65.603836 93.654556 80.730125 
63.762325 99.578491 56.169460 88.355057 99.432060 
78.001274 83.432800 69.495872 67.896637 109.337730 
91.181442 78.590950 110.400703 59.656422 58.767982 
74.002792 96.991669 86.611038 72.840363 79.554451 
71.645767 70.446693 79.272537 89.211792 68.640297 
71.121719 64.886215 77.546616 69.079208 60.338692 
52.179207 96.621307 99.578484 73.672752 74.973656 
90.182922 59.709080 114.266266 83.432800 68.652771 
62.467651 71.121719 82.623245 59.069298 98.091995 
63.710823 69.495872 102.172829 97.527878 108.033539 
64.761292 84.977127 74.766121 58.767979 90.013992 
78.387711 68.732544 86.244217 112.762115 83.427902 
86.242561 63.937931 65.603836 86.611038 103.939812 
63.689274 76.302094 64.881798 57.709152 92.555901 
65.571060 64.886215 83.449463 62.060684 85.623306 
105.111992 80.912369 86.244217 103.939819 64.784462 
61.217762 89.146942 68.640297 64.101974 68.043198 
56.169456 73.672760 103.296471 69.150291 101.478600 
103.806107 89.391045 112.762108 94.479729 70.790413 
69.236649 76.976349 83.449455 64.101974 77.861450 
77.546616 62.060684 73.202545 106.168533 116.827301 
93.765747 87.424408 82.623253 73.202553 71.240982 
106.168526 95.896889 76.173676 96.880745 92.811501 
77.861450 76.173676 92.237823 71.019173 83.134140 
69.438393 100.996704 68.043190 92.237816 55.830826 
95.759018 103.028664 71.240982 107.080109 118.409370 
109.477386 69.150291 106.320480 54.358105 92.003586 
101.478607 96.880737 71.019165 55.830826 53.417130 
104.776566 64.784462 105.120285 54.358101 108.783844 
104.406754 67.896637 68.652771 102.172821 94.479729 
83.427902 119.780853 108.783836 95.906952 87.646538 
70.790413 92.811501 118.409370 119.503860 95.906960 
83.134140 107.463493 92.003586 53.417130 87.646538 
58.973789 119.646591 97.377052 106.272491 94.308548 
58.973789 60.672794 105.597717 76.065079 96.829437 
60.672798 64.132286 76.212151 95.126030 74.581352 
64.132286 56.291901 91.629250 67.486931 85.030334 
56.291904 52.451084 91.982010 74.693001 78.251259 
52.451088 58.752708 106.063362 75.176193 108.155556 
58.752701 85.018105 67.976944 82.871956 85.505615 
57.963825 88.840820 51.702469 102.285690 57.093613 
63.776474 96.701187 60.003204 106.226006 78.442459 
63.776482 72.579330 102.424644 107.480713 81.356491 
111.412170 72.579330 107.859177 61.405079 73.918839 
61.653675 107.704315 69.960526 64.372025 118.515839 
61.653671 69.976440 86.097275 67.797905 121.888412 
131.630112 69.976440 92.086571 59.725925 131.701538 
97.377060 110.789375 92.086571 113.504242 59.605850 
85.018105 57.963829 69.369820 66.745842 77.811523 
75.036469 59.104630 54.438705 65.023506 60.415649 
88.840820 89.796555 64.297920 63.606606 90.030800 
89.796562 63.019413 52.835793 73.511055 61.425434 
61.517212 109.337723 130.856171 107.704308 87.122360 
51.702473 60.003204 64.297913 83.550980 91.027763 
73.078888 80.179626 61.405075 91.320030 98.284683 
69.369812 75.036469 64.459908 71.969330 55.200966 
58.486137 59.104630 68.359268 65.030899 56.464458 
77.317429 69.079208 68.359268 56.154327 59.782974 
64.587418 90.013985 63.019417 80.810081 56.140274 
86.097275 59.725922 123.351532 92.818848 112.662727 
69.960526 87.122360 81.426834 101.997261 81.614037 
76.212143 91.629257 55.960430 57.896687 73.485107 
64.372025 67.797905 81.426834 60.713165 118.173210 
67.486931 91.982002 55.960430 69.780090 71.522003 
99.115311 59.069298 72.923210 52.354221 99.423767 
60.338692 56.154327 72.923210 76.336136 70.338715 
67.976952 66.745842 64.459900 59.789726 70.003540 
81.356499 73.918839 63.606606 52.835793 98.284698 
85.104263 101.719238 97.527878 52.354221 73.814163 
76.336136 98.833710 71.527023 88.674316 76.041283 
54.438705 90.030800 73.511055 71.969330 53.880241 
65.023506 61.425430 65.030899 56.140274 53.880241 
106.272491 76.065079 95.126030 59.605846 57.896687 
60.415649 56.464458 59.782974 70.338715 61.204849 
101.997261 60.713165 111.016518 93.988228 64.833038 
83.370010 55.200966 59.789726 52.971298 65.377243 
82.871948 70.003548 85.004555 64.049461 66.991486 
109.478294 64.049461 67.889816 77.421188 70.274193 
92.818848 73.485107 69.780083 116.545975 75.755409 
108.033531 81.614037 73.814163 111.016525 103.215675 
52.971298 66.991478 67.889824 55.171196 80.722000 
76.061111 71.527023 61.204849 65.377235 55.171200 
88.674316 93.988228 103.215668 74.372833 97.151222 
76.041290 77.421188 80.722000 74.372833 88.641174 
71.522003 109.913620 70.274193 75.755402 110.626938 
112.662735 64.833038 97.151215 88.641174 110.626938 
92.183792 95.717087 69.115097 86.197128 82.455521 
92.183777 83.177330 88.547028 58.673737 104.532166 
83.177330 85.339455 124.705711 90.104431 57.400719 
85.339462 71.465424 60.123314 116.847153 118.674644 
72.840363 71.465424 94.863403 51.343639 112.495010 
50.679310 104.694023 112.103157 103.250305 91.994919 
66.461380 53.565777 96.873497 59.512547 111.124176 
66.461380 69.931297 59.957596 120.739929 63.503605 
78.442459 109.785034 122.813789 102.981117 68.378235 
94.308548 110.888145 63.821800 70.150024 111.230423 
63.821800 83.665344 52.136955 119.299194 100.286934 
83.665344 84.477417 65.897011 117.545837 128.446014 
84.477417 79.052139 58.299370 103.490265 112.236397 
95.717094 79.052132 94.240814 63.629623 75.851631 
79.599792 81.287498 73.703705 56.826328 95.656860 
83.550980 80.537827 83.868843 74.452568 91.785599 
80.537827 98.305191 50.413509 71.313492 52.956314 
53.565777 69.931290 69.509117 62.766815 71.088051 
71.602562 57.719986 57.471836 78.180588 60.908855 
81.287498 79.057350 70.141884 69.280327 57.083660 
60.123318 94.863396 111.467659 100.509209 93.411865 
88.805763 61.985992 73.195450 69.160683 75.129639 
88.355064 66.958969 64.231720 61.888733 70.646164 
60.560089 79.958832 69.616386 63.191872 59.516293 
71.602562 83.822296 81.678253 65.875229 57.470428 
74.028610 79.495636 64.864494 63.809738 65.696091 
69.115097 88.547028 123.069679 57.449890 118.408722 
60.560089 76.075531 58.270969 69.430023 71.692192 
74.975655 76.075539 67.899460 57.767204 69.761269 
86.721886 60.863613 103.250305 58.270969 52.284416 
69.509117 57.719986 67.899467 53.213421 73.755760 
59.957596 68.378235 98.305191 118.634964 71.947556 
55.511089 79.958832 82.022049 63.901421 52.868103 
58.299370 94.240814 65.504196 80.230438 80.840981 
129.136887 70.150024 52.136955 57.231308 76.025223 
115.298317 93.654556 79.554459 51.343643 62.150658 
96.175476 74.973656 66.958969 93.529160 91.777031 
50.413509 57.471840 53.213421 57.236324 70.036469 
91.994926 59.512547 62.766815 89.410797 57.767204 
58.673737 90.104431 68.020790 92.706268 98.524673 
83.822289 74.028610 56.924408 65.096573 56.066513 
75.339493 72.801422 64.231720 82.022049 58.306900 
61.985992 69.616386 63.901421 98.598152 58.033890 
119.299179 65.897011 103.093719 62.549004 103.573547 
57.093613 77.811523 74.452568 79.495636 56.924408 
63.515846 80.730118 111.467659 62.150658 70.581703 
81.678253 64.864494 65.096581 64.090042 67.917618 
104.532166 57.400719 68.020798 91.974213 75.303238 
98.981995 100.509201 70.581696 102.271538 57.793091 
63.503601 71.313492 71.088051 71.947556 57.236320 
52.956314 78.180595 65.875229 70.036469 56.066513 
93.411865 91.974213 65.699806 88.032486 74.848526 
92.706268 75.303238 65.699799 54.017933 100.254646 
63.191879 69.430023 69.761276 90.864265 52.913326 
86.197136 63.629627 54.445560 89.304337 84.950714 
82.455521 54.445564 87.223572 107.842377 71.296623 
100.286934 57.231300 88.308746 95.338272 89.077415 
85.505623 63.809738 105.232796 102.454239 81.638138 
74.692993 75.176186 101.897812 59.944023 103.268692 
57.470428 64.090042 65.281204 73.772484 71.795563 
73.703705 79.057350 89.778839 65.281204 61.518135 
63.105797 59.516293 71.692184 52.284416 52.868107 
101.979408 54.017933 62.873390 78.577156 92.302666 
88.032486 100.254646 62.873383 61.878532 70.189758 
56.826332 60.908855 86.612747 73.755760 52.913326 
96.829437 74.581352 76.025223 88.308754 93.135147 
85.030334 78.251251 59.944023 93.135155 88.224243 
95.338272 88.224243 94.095062 85.577065 96.013794 
73.772484 61.518135 61.708443 80.152412 58.746582 
70.141884 61.708443 99.947327 92.859665 73.353027 
69.280327 65.428581 54.552361 80.864967 90.260735 
95.656860 57.083656 73.195450 65.428581 60.881577 
69.160690 58.033890 79.536568 71.963013 71.597427 
93.529152 57.793091 74.848526 61.878529 58.485916 
102.454239 103.268692 94.095062 70.960632 93.652115 
65.696091 67.917618 81.638138 70.960632 72.796700 
103.490265 65.504196 103.093719 76.407257 115.806984 
57.449890 87.223564 79.982185 94.618980 60.958832 
92.859673 54.552361 74.452469 62.352634 80.644073 
73.353027 74.452469 92.796684 65.445595 80.863541 
80.864967 62.352634 72.531487 97.245209 83.819244 
98.574860 71.795563 80.152420 72.796700 65.123024 
61.888733 91.777031 70.189758 58.485912 100.515358 
89.304344 92.796692 74.560730 62.554401 52.004257 
71.296623 79.982193 65.445595 74.560730 69.305046 
75.129639 60.881580 79.536560 72.531494 60.413219 
80.230438 76.407257 102.611832 82.101051 96.150589 
98.524673 78.577164 94.618973 104.149986 70.013008 
60.958832 80.644073 97.245209 69.305054 70.013008 
112.908455 58.746582 109.190704 65.123024 55.569466 
92.302666 71.963005 83.819244 60.413219 101.826492 
93.652122 104.103622 109.098915 97.630310 79.924500 
70.646172 58.306900 71.597427 100.515366 101.826492 
75.851631 80.840988 84.950714 62.554401 92.306320 
103.833336 82.101051 55.569466 97.630302 103.676994 
128.446014 62.549000 89.077415 85.577065 70.993065 
80.863541 52.004257 92.875603 96.150589 92.306313 
103.573540 96.013794 115.806984 79.924500 70.993065 
