-0.233460 -0.550318 -0.013681
-0.192776 -0.282403 0.015562
-0.185284 -0.225817 0.017588
-0.149099 -0.086187 0.029464
-0.119066 -0.087074 -0.047591
-0.074631 -0.086290 -0.072134
-0.017455 -0.086901 -0.073918
-0.000349 -0.170913 -0.096458
0.005294 -0.254517 -0.120479
0.002621 -0.494605 -0.105521
0.008092 -0.702526 -0.095512
-0.073615 -0.701549 -0.132877
-0.178591 -0.695515 -0.142108
-0.221107 -0.692652 -0.113183
-0.204629 -0.698446 -0.052305
-0.259296 -0.693074 -0.080348
-0.132154 -0.261449 -0.090665
-0.073444 -0.265035 -0.118957
-0.176558 -0.175005 0.017383
-0.163002 -0.172436 -0.033753
-0.129407 -0.174362 -0.071821
-0.205841 -0.342656 -0.018234
-0.126079 -0.699032 -0.146423
-0.248108 -0.595100 -0.033123
-0.220994 -0.403804 -0.027016
-0.003427 -0.625841 -0.100659
-0.076136 -0.168403 -0.090711
-0.254054 -0.685145 -0.024622
-0.173833 -0.257279 -0.040187
-0.008773 -0.363288 -0.113342
-0.234064 -0.500164 -0.022250
-0.050198 -0.658723 -0.120473
0.003529 -0.432437 -0.108969
0.006836 -0.558017 -0.102411
-0.041139 -0.203955 -0.108528
-0.201668 -0.629677 -0.122052
-0.249504 -0.632943 -0.071321
-0.152951 -0.129727 -0.007861
-0.053194 -0.319331 -0.119385
-0.194656 -0.619786 -0.062031
-0.160410 -0.311106 -0.073348
-0.210718 -0.457049 -0.038765
-0.125605 -0.609997 -0.140405
-0.119405 -0.322527 -0.104175
-0.067077 -0.379074 -0.124460
-0.052372 -0.428303 -0.122896
-0.116265 -0.450472 -0.124402
-0.140541 -0.397208 -0.106469
-0.180806 -0.370979 -0.057347
-0.051993 -0.498311 -0.122893
-0.185680 -0.505228 -0.049281
-0.182357 -0.416231 -0.085646
-0.192764 -0.558008 -0.044890
-0.055062 -0.599408 -0.123545
-0.182057 -0.551713 -0.118043
-0.127842 -0.540774 -0.132893
-0.183166 -0.466610 -0.098721
0.180091 -0.691276 0.027993
0.187428 -0.635942 0.017729
0.198507 -0.576560 0.022650
0.202781 -0.517367 0.023852
0.199438 -0.462217 0.014486
0.200735 -0.410711 0.015263
0.199690 -0.352270 0.015500
0.185115 -0.218454 0.022213
0.150893 -0.114827 0.033796
0.139348 -0.083018 -0.009015
0.092002 -0.084181 -0.061802
0.131017 -0.696378 -0.137111
0.180201 -0.692865 -0.117624
0.154626 -0.692316 -0.053423
0.229702 -0.691874 -0.033310
0.191935 -0.270170 0.012576
0.116515 -0.269397 -0.103046
0.162791 -0.167065 -0.032351
0.098368 -0.172960 -0.086417
0.050821 -0.677272 -0.107344
0.174859 -0.168292 0.024219
0.041081 -0.111192 -0.070614
0.169198 -0.268913 -0.051333
0.061386 -0.270283 -0.121239
0.028398 -0.310554 -0.119116
0.048395 -0.198101 -0.104621
0.162483 -0.638217 -0.070705
0.097598 -0.635455 -0.129243
0.227891 -0.580109 -0.020875
0.152247 -0.641878 -0.135738
0.221043 -0.525608 -0.022577
0.057572 -0.434093 -0.123004
0.047638 -0.361912 -0.121458
0.194043 -0.314117 -0.024988
0.123018 -0.138119 -0.056258
0.059322 -0.486410 -0.122092
0.105521 -0.405406 -0.118849
0.137477 -0.225972 -0.082505
0.092444 -0.223164 -0.107470
0.230784 -0.636476 -0.016101
0.085939 -0.315363 -0.113909
0.147898 -0.581671 -0.130251
0.168129 -0.320375 -0.069504
0.184231 -0.381665 -0.030916
0.164889 -0.425867 -0.052796
0.177647 -0.564311 -0.033332
0.083830 -0.555479 -0.127386
0.167113 -0.371727 -0.082345
0.129153 -0.343339 -0.101430
0.132108 -0.489776 -0.122679
0.159656 -0.447897 -0.104876
0.176805 -0.489996 -0.033784
0.173579 -0.534380 -0.102346
-0.033433 -0.715799 0.147296
-0.122743 -0.712697 0.158264
-0.169900 -0.710741 0.099704
-0.248664 -0.700149 0.097171
-0.250706 -0.705042 0.037679
-0.132022 -0.084213 0.076593
-0.047637 -0.081568 0.148913
0.017747 -0.080938 0.156917
0.119179 -0.081976 0.093408
0.262322 -0.691379 0.029807
0.264488 -0.692905 0.086377
0.198997 -0.703254 0.135907
0.115756 -0.711442 0.143177
0.049860 -0.713347 0.185777
-0.019426 -0.298487 0.154091
0.142200 -0.177322 0.098981
0.081570 -0.179975 0.147613
-0.029690 -0.126962 0.160250
0.015072 -0.236854 0.160717
-0.019801 -0.379655 0.156705
-0.252181 -0.643419 0.086219
-0.103801 -0.323049 0.131120
-0.215104 -0.408294 0.039153
-0.129384 -0.250005 0.107693
0.064832 -0.276262 0.141397
0.163583 -0.301076 0.097894
-0.073601 -0.666015 0.143926
-0.128111 -0.189909 0.109502
-0.070314 -0.169901 0.151045
-0.161741 -0.177373 0.068563
-0.015769 -0.192680 0.168180
0.071245 -0.090511 0.138561
-0.180314 -0.280073 0.067908
0.097159 -0.656649 0.148611
0.267944 -0.646294 0.063488
-0.240266 -0.659304 0.017005
-0.215505 -0.462041 0.015986
0.036577 -0.191280 0.166480
-0.085179 -0.122975 0.133863
-0.140861 -0.661664 0.149454
0.131085 -0.249129 0.108993
-0.205844 -0.346727 0.039525
-0.149171 -0.309592 0.106413
0.200931 -0.639445 0.128712
0.170728 -0.232745 0.073646
-0.232515 -0.597847 0.014923
0.120837 -0.305416 0.124782
-0.164851 -0.653839 0.103657
-0.236943 -0.555426 0.048195
0.038148 -0.134906 0.161393
0.086360 -0.230213 0.136990
-0.195562 -0.575122 0.080384
-0.156905 -0.580114 0.116245
-0.084079 -0.228714 0.135259
0.011344 -0.680907 0.178923
-0.013275 -0.638669 0.160880
0.248182 -0.598570 0.079000
0.194124 -0.349127 0.071415
0.235238 -0.436716 0.042013
0.074208 -0.332704 0.142088
0.025126 -0.338114 0.156955
-0.169188 -0.228933 0.071885
-0.152794 -0.526535 0.119545
-0.175094 -0.496932 0.082568
-0.037972 -0.247604 0.149925
0.249863 -0.584917 0.030745
0.245787 -0.495047 0.038150
0.216485 -0.511231 0.090282
0.044473 -0.396104 0.158684
0.011047 -0.441203 0.167940
-0.047874 -0.421082 0.142072
-0.065441 -0.362811 0.138951
-0.143496 -0.365479 0.118890
-0.226801 -0.512789 0.075974
0.183777 -0.424203 0.104166
0.155839 -0.362579 0.116103
0.133137 -0.610176 0.137007
-0.066784 -0.611007 0.141627
-0.039464 -0.474873 0.144856
-0.001687 -0.512795 0.167547
-0.096813 -0.467809 0.142235
0.106715 -0.396241 0.134294
-0.220622 -0.455905 0.068378
0.027025 -0.596439 0.179481
-0.012565 -0.569184 0.161402
-0.107718 -0.396581 0.137932
0.094110 -0.576580 0.145236
-0.112987 -0.570227 0.149643
-0.058664 -0.550745 0.140401
0.074243 -0.444075 0.148023
-0.140719 -0.436136 0.128173
0.152106 -0.462612 0.129356
-0.184800 -0.379975 0.074463
0.055702 -0.638339 0.176338
0.093385 -0.495589 0.141412
0.211244 -0.584099 0.112196
0.040631 -0.547455 0.174079
0.171866 -0.540049 0.130321
