-0.898764 0.081794 0.430735
-0.975469 0.180051 0.126656
-0.994767 0.099239 0.024285
-0.993321 0.112566 0.025324
-0.736570 -0.010575 -0.676278
-0.221320 -0.079743 -0.971935
0.039081 -0.148862 -0.988085
0.043332 0.555873 -0.830137
0.007340 0.126177 -0.991981
-0.015098 -0.049307 -0.998670
0.053517 -0.036887 -0.997885
0.413336 0.004302 -0.910568
-0.192374 0.125062 -0.973320
-0.992442 0.122552 0.006251
-0.499820 0.057067 -0.864247
0.148791 0.071502 -0.986280
-0.597133 0.072965 -0.798817
-0.217641 0.064524 -0.973894
-0.957421 0.288695 -0.000675
-0.840195 0.304174 -0.448944
-0.428435 0.660202 -0.616909
-0.455603 0.255519 -0.852723
0.075965 0.044847 -0.996101
-0.884396 0.081984 0.459480
-0.784508 0.242937 -0.570552
0.210271 -0.035592 -0.976995
-0.111985 0.445042 -0.888480
-0.901447 0.158386 0.402874
-0.891982 0.124614 -0.434556
0.040786 -0.069650 -0.996737
-0.893745 0.083033 0.440824
0.489745 0.000687 -0.871866
-0.023709 -0.059348 -0.997956
-0.018251 -0.046039 -0.998773
-0.034484 0.332710 -0.942398
-0.608316 0.179868 -0.773045
0.199245 0.125619 -0.971865
-0.878766 0.411559 -0.241640
0.034119 0.043979 -0.998450
-0.965988 0.043087 0.254971
-0.643220 0.246048 -0.725071
0.227258 0.110617 -0.967532
-0.081033 0.082650 -0.993279
-0.455542 0.139780 -0.879172
0.063135 0.065310 -0.995866
0.319203 0.008368 -0.947650
-0.304636 0.123222 -0.944464
-0.394699 0.157877 -0.905145
-0.994649 0.066813 0.078802
0.401928 -0.003349 -0.915665
-0.983186 0.071151 -0.168173
-0.806930 0.184923 -0.560953
-0.643494 0.083854 -0.760844
0.460756 -0.008506 -0.887486
-0.443857 0.169046 -0.880008
-0.220048 0.120248 -0.968049
-0.651090 0.186426 -0.735750
0.744461 -0.159056 -0.648443
0.975318 -0.128182 0.179788
0.916450 -0.229439 -0.327837
0.904172 -0.080072 -0.419596
-0.269777 -0.878812 0.393586
-0.996760 0.079716 0.010708
-0.977549 -0.029667 -0.208609
0.994343 0.103228 0.025028
0.933057 0.349891 0.083557
0.919911 0.090735 -0.381485
0.395382 -0.095465 -0.913543
-0.214437 -0.006540 -0.976716
0.985155 0.039302 -0.167107
0.993233 -0.018712 0.114620
0.608377 0.066082 -0.790893
0.959240 0.118062 -0.256750
0.505302 0.041859 -0.861927
0.826913 0.355941 -0.435340
0.188536 0.720410 -0.667430
-0.389739 -0.050800 -0.919523
0.948665 0.303971 0.087388
0.028102 0.194418 -0.980516
0.831042 0.132902 -0.540098
0.065992 0.033122 -0.997270
0.001508 -0.023384 -0.999725
0.042894 0.350640 -0.935527
0.897159 -0.024531 0.441027
-0.301126 -0.031833 -0.953053
0.984657 0.083555 -0.153198
0.191664 0.096626 -0.976692
0.992311 0.061353 0.107493
-0.234477 -0.018034 -0.971954
-0.089578 0.022336 -0.995729
0.656631 0.055114 -0.752195
0.620637 0.316231 -0.717501
-0.297909 -0.031341 -0.954080
0.270681 0.123732 -0.954684
0.626863 0.152541 -0.764051
0.310696 0.241948 -0.919200
0.952025 -0.031679 0.304376
0.237466 0.063588 -0.969312
0.239727 0.109976 -0.964591
0.952754 0.010963 -0.303546
0.456004 0.000035 -0.889978
0.999282 -0.037857 0.001674
0.003722 0.001810 -0.999991
-0.256519 -0.020650 -0.966319
0.940888 0.064842 -0.332454
0.425883 0.141294 -0.893677
0.254116 0.127635 -0.958715
0.550985 0.130167 -0.824301
0.232295 -0.001194 -0.972645
0.961515 0.072840 -0.264921
-0.432421 0.002832 0.901667
0.019979 0.047656 0.998664
-0.755197 0.057020 0.653013
-0.019086 0.108540 0.993909
-0.931412 0.108015 -0.347569
-0.841801 0.160917 0.515244
-0.418968 0.138690 0.897347
0.073696 0.088636 0.993334
0.737522 0.170321 0.653493
0.739140 0.018243 -0.673305
0.776713 0.192210 0.599810
0.307171 0.073745 0.948793
0.317689 0.046244 0.947067
0.312412 0.079548 0.946610
-0.205176 0.067240 0.976413
0.724603 0.176772 0.666110
0.494199 0.044018 0.868234
-0.205605 0.152464 0.966686
0.083209 -0.272472 0.958559
-0.403348 0.010508 0.914986
-0.623301 0.177570 0.761554
-0.319597 0.130523 0.938521
-0.928206 0.116433 -0.353380
-0.500162 0.036786 0.865150
0.308516 0.036275 0.950527
0.728673 0.115304 0.675086
0.195380 0.022468 0.980470
-0.642345 0.094037 0.760625
-0.495806 0.068656 0.865715
-0.855821 0.210838 0.472353
-0.091203 -0.068887 0.993447
0.573758 0.145264 0.806039
-0.900174 0.152445 0.407980
0.479470 0.056585 0.875732
0.926813 0.161884 0.338839
-0.990740 0.120563 -0.062445
-0.992217 0.124258 0.008106
0.223339 -0.062727 0.972720
-0.589340 0.170084 0.789779
-0.567916 0.081960 0.818996
0.500205 0.041330 0.864920
-0.971892 0.185663 -0.144762
-0.573358 0.139642 0.807317
0.455280 0.108260 0.883742
0.826245 0.103277 0.553762
-0.990952 0.123276 -0.053074
0.327676 0.138730 0.934549
-0.877100 0.034941 0.479035
-0.920880 0.124811 -0.369326
0.213977 0.166457 0.962552
0.449676 -0.245302 0.858847
-0.014397 0.049287 0.998681
-0.911829 0.030553 0.409432
-0.457131 -0.222809 0.861038
-0.485715 0.020699 0.873872
-0.618750 -0.000796 0.785588
0.749047 0.173443 0.639411
0.793482 0.194705 0.576608
0.943636 0.178168 0.278941
0.322738 0.065371 0.944228
0.164786 0.109325 0.980252
-0.814883 0.106851 0.569692
-0.874639 0.047212 0.482471
-0.656488 0.016033 0.754166
-0.306831 -0.221365 0.925663
0.428234 -0.052108 -0.902164
0.984802 0.166836 -0.048286
0.710906 0.169834 0.682472
0.339898 0.085139 0.936601
-0.080380 0.073628 0.994041
-0.293380 -0.004073 0.955987
-0.114876 -0.005640 0.993364
-0.641058 0.079700 0.763343
-0.402063 0.155262 0.902352
0.713414 0.158809 0.682510
0.562499 0.140800 0.814721
0.053962 0.028523 0.998136
0.086840 0.016838 0.996080
-0.399558 -0.007091 0.916681
-0.448677 0.021336 0.893439
0.094259 0.044547 0.994551
0.239677 0.013589 0.970758
-0.464150 0.160747 0.871049
-0.027354 0.069509 0.997206
-0.585196 0.000615 0.810891
-0.138056 0.073513 0.987692
0.451895 0.051668 0.890574
0.044416 0.065653 0.996853
-0.039514 0.010832 0.999160
0.461891 0.056214 0.885153
-0.679354 0.071097 0.730358
0.232254 0.070853 0.970071
-0.681458 -0.057250 0.729615
0.473558 0.085007 0.876651
0.369861 0.041319 0.928168
0.653847 0.149992 0.741611
0.266846 0.085245 0.959962
0.313031 0.086108 0.945831
