24 31 147 156 159 
3 22 29 143 152 
2 19 29 143 172 
5 19 38 116 140 
4 6 20 21 38 
5 7 21 27 38 
5 6 8 68 79 
27 35 76 79 83 
18 35 39 81 82 
33 34 46 50 93 
12 26 32 69 77 
11 13 23 32 54 
12 14 23 36 43 
13 15 23 36 40 
14 16 36 37 40 
15 24 28 37 40 
18 21 29 41 44 
9 17 35 39 44 
3 20 38 140 172 
3 19 21 29 38 
5 17 20 27 38 
2 25 41 49 152 
12 13 14 32 43 
1 31 37 146 156 
22 31 42 133 147 
11 32 34 54 77 
6 8 20 21 35 
16 24 37 115 146 
2 3 17 20 41 
33 39 45 82 90 
1 24 25 42 147 
11 12 23 26 54 
10 30 46 89 90 
10 26 54 93 104 
8 9 18 27 83 
13 14 40 43 55 
15 16 24 28 40 
4 5 19 20 21 
18 30 44 45 82 
14 15 36 37 53 
17 22 29 44 49 
25 31 49 51 52 
13 23 36 54 56 
17 18 39 41 48 
30 39 46 47 48 
10 30 33 45 50 
45 46 48 52 56 
44 47 49 52 57 
22 25 41 48 52 
10 33 46 54 56 
31 42 52 53 57 
42 47 48 49 57 
37 40 42 51 55 
12 26 32 34 43 
36 43 53 56 57 
43 47 50 54 55 
48 49 51 52 55 
59 60 72 97 120 
58 60 86 97 176 
59 61 86 97 176 
60 62 86 88 177 
61 63 88 169 177 
62 64 101 169 177 
63 73 91 101 168 
73 75 78 80 155 
67 75 78 92 119 
66 68 75 78 92 
7 67 76 79 92 
70 77 85 87 99 
69 71 84 87 99 
69 70 72 84 87 
58 59 71 86 97 
64 65 80 91 155 
80 81 95 96 98 
65 76 78 92 95 
75 83 92 95 96 
11 26 34 69 85 
65 66 75 126 155 
7 8 68 76 92 
73 74 91 95 100 
9 74 82 96 98 
9 30 81 90 98 
8 35 76 81 96 
70 71 87 103 110 
69 77 87 99 104 
60 61 88 97 103 
69 70 85 99 110 
61 62 86 103 109 
10 33 90 93 94 
30 82 89 94 98 
64 73 80 100 101 
67 68 75 76 79 
10 33 34 89 104 
90 98 106 107 108 
74 75 76 80 96 
74 76 81 83 95 
58 59 60 72 86 
74 81 82 90 106 
85 87 104 107 110 
74 80 91 105 106 
64 91 100 102 105 
100 101 105 108 109 
84 86 88 97 109 
34 85 93 99 107 
100 101 102 106 108 
74 94 98 100 105 
94 99 104 108 110 
94 102 105 107 110 
88 101 102 103 110 
84 99 107 108 109 
112 124 137 165 166 
111 113 137 150 158 
112 114 131 150 158 
113 115 131 146 158 
28 114 131 146 156 
4 38 117 140 149 
118 128 139 149 160 
117 128 142 148 160 
66 67 118 126 142 
58 59 121 145 176 
120 122 145 154 167 
121 123 154 187 206 
122 124 144 187 204 
111 123 144 165 204 
129 130 171 175 182 
78 127 151 155 161 
126 142 148 160 161 
117 118 141 149 160 
135 141 148 161 175 
125 171 180 181 182 
114 115 156 159 162 
134 153 182 183 196 
25 147 152 193 203 
138 143 153 164 172 
129 151 157 161 170 
151 155 157 168 186 
111 112 166 188 199 
134 139 140 164 172 
128 138 141 149 164 
3 19 116 138 172 
128 129 139 148 175 
118 119 127 148 160 
2 134 152 153 172 
123 124 187 197 204 
59 120 121 167 176 
1 24 28 115 156 
1 31 133 184 193 
127 129 141 160 161 
116 117 128 138 139 
112 113 158 163 198 
135 136 155 157 161 
2 22 133 143 203 
132 134 143 172 183 
121 122 187 206 208 
65 73 126 136 151 
1 24 131 146 159 
135 136 151 170 186 
112 113 150 162 163 
1 131 156 162 184 
118 127 128 142 148 
127 129 135 148 151 
131 158 163 174 184 
150 158 162 173 174 
134 138 139 141 175 
111 124 166 194 204 
111 165 188 194 195 
121 145 176 178 206 
64 136 157 185 186 
62 63 64 177 185 
135 157 171 179 192 
125 130 135 170 179 
3 134 138 140 143 
162 163 174 198 201 
162 163 173 184 193 
125 129 139 141 164 
59 60 145 167 177 
61 62 169 176 178 
167 177 185 206 208 
170 171 180 192 200 
130 179 181 189 190 
130 182 189 191 196 
125 130 132 181 196 
132 153 196 201 203 
147 159 162 174 193 
168 169 178 186 202 
136 157 168 185 192 
123 144 154 197 208 
137 166 195 198 199 
180 181 190 191 199 
180 189 194 195 207 
181 189 196 199 201 
157 170 179 186 200 
133 147 174 184 203 
165 190 195 204 207 
166 188 190 194 199 
132 182 183 191 201 
144 187 204 205 207 
150 173 188 191 199 
188 189 191 195 198 
170 179 180 192 205 
173 183 191 196 203 
185 186 192 205 208 
133 152 183 193 201 
124 144 165 194 207 
192 197 200 202 207 
122 154 167 178 208 
190 194 195 197 204 
154 178 187 202 206 
