0
1
2
4
5
8
11
13
16
17
18
20
22
26
30
34
39
40
43
44
46
76
81
98
100
104
117
133
180
190
236
281
286
289
347
375
469
495
552
587
598
604
611
617
619
626
633
634
662
689
700
739
758
780
807
816
860
999
1004
1008
1012
1018
1022
1028
1031
1033
1035
1038
1042
1046
1048
1050
1058
1060
1062
1064
1070
1086
1090
1169
1185
1304
1526
1538
1583
1590
1633
1642
1667
1671
1706
1714
1722
1728
1817
1825
1828
1836
1848
1855
1863
1886
1932
1978
2007
2012
2021
2030
2104
2117
2218
2220
2225
2228
2232
2237
2238
2240
2244
2254
2257
2260
2261
2264
2265
2266
2267
2287
2290
2304
2315
2324
2325
2331
2354
2360
2379
2387
2388
2431
2437
2466
2497
2515
2597
2636
2642
2695
2731
2771
2796
2812
2835
2841
2865
2869
2885
2905
2939
2957
3006
3016
3051
3118
3153
3174
3196
3202
3219
3264
3271
3281
3329
3337
3340
3352
3405
3430
3442
3446
3457
3459
3479
3490
3524
3525
3537
3550
3579
3593
3597
3619
3637
3669
3678
3705
3717
3719
3724
3734
3750
3797
3803
3820
3836
3864
3874
3879
