145
112
181
75
85
36
3850
196
3817
12
67
4038
189
3885
60
231
3859
291
4123
2661
495
447
617
797
619
2681
2197
568
541
2513
578
561
360
2086
2393
2190
2105
32
32
6
6
182
13
13
261
263
413
225
225
439
439
184
247
380
381
95
201
119
2175
2175
2397
347
2286
2943
463
545
2924
3
843
2118
2813
2126
124
609
180
2132
1717
1676
1677
9
1858
1750
163
169
209
1719
1769
149
149
148
148
1
213
259
150
771
19
628
241
197
1151
475
119
1512
401
161
602
1479
157
4
132
50
625
394
300
77
78
27
146
203
100
638
405
80
215
151
120
141
144
144
216
52
1102
1452
34
369
427
305
501
84
96
393
190
16
74
82
198
22
202
126
254
809
80
169
185
1488
1577
185
52
224
165
228
230
279
1004
43
191
198
242
499
394
108
247
200
254
174
175
259
86
86
229
23
71
312
188
1596
259
237
296
239
123
122
287
330
177
296
295
283
302
281
298
310
1009
312
460
306
282
448
320
1031
332
457
291
627
336
459
332
1207
564
725
1070
113
746
19
565
7
55
360
5
348
366
368
531
372
230
203
204
395
249
793
386
513
450
392
393
637
808
399
513
404
405
955
956
955
414
416
183
693
183
938
431
428
132
431
425
270
438
446
441
441
510
496
622
1032
454
455
328
457
893
839
834
920
134
11
358
476
881
164
479
616
256
490
1487
492
496
447
328
634
502
503
504
344
251
1175
51
1502
518
655
521
521
525
433
573
533
370
398
536
800
826
557
840
706
914
674
556
347
851
717
562
570
430
731
471
587
574
17
578
789
582
588
572
528
589
351
587
737
598
606
740
762
594
608
551
792
613
33
462
798
1019
1019
626
633
630
460
331
511
637
1150
511
640
1481
406
648
659
383
520
685
520
682
662
613
1531
385
385
1037
386
820
662
1621
664
1622
663
690
482
694
695
89
700
706
909
705
846
843
467
855
367
861
560
719
720
1041
724
541
607
874
595
571
44
736
44
767
748
752
767
757
761
762
760
172
766
1205
770
767
764
339
339
777
782
739
831
785
787
789
791
794
612
491
619
390
900
1618
1617
523
1517
814
657
1229
902
1630
828
824
830
827
830
922
835
852
839
1051
547
920
709
849
470
853
856
1041
713
99
721
731
780
782
872
873
948
567
758
881
969
885
849
800
891
802
977
894
389
883
1400
1133
704
909
466
708
916
917
548
841
468
1243
927
39
156
747
1079
743
1100
941
156
1159
950
1294
952
964
1107
955
957
1111
1108
959
674
1138
929
1139
976
987
1125
998
1633
990
986
983
996
1208
829
829
1013
310
1023
1116
1014
1000
1011
310
1225
1020
1025
337
65
621
1034
984
1031
1004
890
973
905
466
1048
726
911
1045
1240
1153
1151
1379
1062
1044
1063
1238
1064
1263
1144
1065
704
944
1165
1162
173
992
904
1363
1202
980
1204
745
1078
1101
1104
962
1112
875
875
1113
1211
1123
982
1215
1227
1126
774
1129
1414
1134
903
1230
1139
930
1144
926
1269
1152
35
1278
1155
1163
1079
1166
1169
1164
1173
1296
1173
1157
1172
1177
1276
1271
1091
992
1307
1200
1301
1185
1196
1078
1303
1202
1202
759
1207
776
1212
1122
1216
1605
1214
628
1122
1228
1015
1230
1231
1141
1399
1238
1239
1242
1241
1061
1247
1249
1472
1059
1251
1251
1259
1261
1237
1237
1180
1269
1149
1273
1179
1277
1260
1289
1167
1284
1290
1289
1286
1294
1296
1297
1091
1188
1190
1312
1211
1462
1307
1313
1319
1342
1080
1328
1456
1193
1331
1332
1187
1203
1335
1125
1321
1463
1463
1334
1338
1310
1356
1356
1333
1349
1368
1398
1374
1374
1352
1393
1371
1366
1057
1131
1381
1381
1377
1361
1388
1435
1387
1355
1649
1386
1436
1417
1370
1476
1605
1409
1412
1384
1416
1410
1235
1422
1423
1425
1421
1430
1431
1423
1399
1197
1439
1137
1070
1268
1167
1480
103
1486
1455
996
1459
1314
1464
1466
1468
1466
1472
1252
1477
1422
1285
646
965
436
1488
1513
142
1499
1518
106
1505
48
1503
812
1507
1511
1520
1514
1541
1518
1519
1522
813
1523
1527
1093
657
1627
673
1539
1553
1591
1515
1546
1601
1646
1611
1554
1576
1513
1563
218
1563
1566
1567
1566
1509
1528
1572
1578
1557
1569
1584
1613
1588
1570
1549
1608
1595
1588
1528
1593
1219
1605
1607
1601
627
1586
1586
1617
1395
687
1395
1625
1527
1632
1475
983
723
850
1540
1568
1639
1222
1397
661
1717
1664
1653
1651
1755
1682
1661
1738
1893
1963
1887
1994
1971
1701
1975
1704
1899
1722
1717
1718
2587
2149
2149
2787
1742
1742
2377
1721
1696
2261
1730
1734
1694
1772
1823
1821
1689
1732
1727
1651
1839
2042
1815
1663
1907
1743
1740
1662
2076
2025
1934
1833
1770
1689
1712
1962
1829
1831
1662
1672
1656
1672
1844
2073
1788
1786
1709
1709
1770
1690
1774
1773
1829
1664
1784
1858
1782
1955
1789
1792
1794
1955
2058
1800
1787
1739
1776
1834
1707
1889
1958
1705
1817
1821
1669
1823
1826
1675
1824
1832
1910
1910
1881
1845
1880
1857
1840
1848
1815
1852
1866
1980
1683
1936
1746
1790
1768
1866
1960
1804
1873
1874
1666
1877
1881
1707
1879
1964
1970
1880
1667
1813
1705
1918
1979
1902
1675
1906
1723
1835
1919
1808
1856
1920
2014
2019
1841
2017
1932
1921
1934
2016
1942
2043
1938
1942
1945
1725
1949
1956
1741
1956
1868
1865
1733
1885
1887
1968
1892
1895
1737
1701
1679
2037
1968
2013
1903
1959
1940
2041
1813
1896
2000
1688
1972
2000
2011
1997
1929
1922
2012
1927
1859
1921
1759
2051
1957
2032
1986
1947
2034
2035
2036
1996
2040
2053
2006
2078
1797
2044
2066
2050
1946
2056
2062
2006
2061
2047
1946
2072
1847
1847
2067
2079
2120
2101
2125
2092
2138
2155
2169
2303
2166
2116
2116
2236
2114
2177
2178
2158
2309
2184
2185
2167
2174
3780
2872
3803
2235
3925
2859
3841
3827
3871
2368
3810
3810
2258
2251
2259
2215
2261
2082
2098
3753
2708
2401
2174
2088
2143
2104
2100
2439
2345
2446
2119
2108
2109
2091
2133
2325
2306
2160
2559
2119
2143
2122
2122
2166
2081
2154
2150
2229
2254
2148
2135
2217
2186
2134
2135
2134
3122
2350
2491
2159
2251
2841
2365
2262
2262
2376
3185
2949
3757
2671
2941
2404
2281
2083
2290
2288
2268
2398
2170
2109
2123
2296
2276
2427
2348
2303
2305
2454
2142
2142
2313
2315
2133
2133
2306
2693
2223
2461
2333
2767
2333
2329
2329
3316
2571
2464
2766
2469
3162
2352
3035
3047
3118
2498
2367
2362
2221
2364
2367
2370
2368
2255
2858
2906
3065
3712
3740
2516
2271
3483
2189
2393
2398
2296
2119
2297
2405
2410
2410
2208
2411
2407
3084
2407
2422
2421
2427
2426
2430
2537
2429
2292
2292
2292
2440
2348
2446
2102
2457
2451
2451
2560
2548
2337
2328
3002
2465
2468
2348
2472
2470
3611
2592
3025
3036
2476
2864
2487
2205
2636
2637
2491
2370
2372
2521
2909
2664
3707
2668
2117
2117
2676
3075
2680
3321
2399
2525
2436
2538
2531
2531
2536
3013
2532
2967
2458
2550
2694
2553
2694
2719
2569
2140
2315
2714
2553
2460
2324
2720
2344
2773
2580
2782
2578
2161
3649
2582
2581
2149
2596
2594
2351
2351
2126
2818
2597
2857
2476
2264
2861
2875
2616
2212
2625
2630
2624
2880
2247
2487
2881
2643
2636
2635
2648
2247
2652
2648
2632
3273
2651
2654
2890
2654
2660
2504
2664
2666
2118
2385
2201
2413
2676
2677
2197
2501
2520
2688
2520
2692
2954
2462
2700
2709
2711
2561
2757
2712
2707
2721
2727
2714
2718
2715
2567
2722
2735
2731
2724
2711
2736
2740
2761
2379
2740
2752
2743
2699
2704
2749
2741
2734
2734
2748
2759
3673
2339
3017
2768
3006
3744
3018
3008
3761
2780
2578
2144
2790
2607
3231
2791
3161
2796
2791
2799
2609
2789
2131
2596
2810
2595
2814
2602
2820
2602
2816
2482
2482
2597
2605
2839
2801
2834
2837
2839
2832
2852
2856
2831
2260
2833
2853
3229
2858
2859
2862
2612
3263
2381
2871
2614
2614
2876
2626
2859
2496
2637
3233
2888
2890
2656
2892
2196
3058
2893
2659
3068
3066
3061
3067
3171
2113
2913
2670
2920
2922
2917
2671
2201
2930
2935
2501
2934
2934
3079
3080
2915
2943
2535
2956
2952
2957
2955
2964
3711
2954
2964
2964
2968
2745
3086
2424
2942
2737
3339
2986
2984
3128
2737
3337
2994
3280
2755
2997
2762
2342
3124
2572
2765
3750
3701
3011
2778
3017
2575
3157
3023
3094
3650
2808
3032
3736
3193
3032
3032
3041
2257
3107
2856
3110
3147
2494
3053
3057
3174
2899
2664
3064
2504
3070
3705
3073
2942
2931
3190
3709
2754
3085
2996
3060
2270
3094
3211
3097
3155
3652
2595
3145
2786
3021
3232
2794
2638
3358
3053
3724
3198
3398
3131
3130
2250
3056
3140
3138
2885
3143
3163
3105
3147
3154
3151
3149
3731
3156
3159
3112
3724
3543
3089
3090
3172
3062
3377
3295
2732
3487
3287
3186
3277
3189
3192
3196
3035
3219
3200
3038
3200
3034
3631
3123
3212
3735
3451
3537
3226
3582
3224
3210
3215
2846
2785
3234
3236
2494
3132
3480
3479
2736
2938
3345
3353
2358
3253
3262
3260
3262
2613
3261
3269
3270
3268
3272
2628
3278
3284
3281
3177
3135
3177
3281
3302
3323
3298
3287
3308
3308
3280
3291
3307
3482
3313
3674
3124
3317
2937
3247
3247
3486
2983
2725
3332
2983
3486
3337
3339
2937
3346
3368
3348
2486
2905
3254
3355
3363
3250
3355
3359
3491
3392
3370
3510
2864
3187
3295
3378
3469
3389
3387
3387
3384
3407
3394
3434
3402
3398
3400
3371
3176
3722
3522
3389
3414
3415
2269
3312
3416
3420
3396
3207
3440
3437
3421
3423
3432
3440
3471
3453
3446
3447
3427
3450
3454
3453
3427
3473
3681
3561
3626
3126
3441
3408
3443
3463
3431
3310
3482
2940
3290
3487
3487
3492
3357
3506
3117
3117
3502
3506
2265
3345
3572
3512
3511
3513
3496
3216
3421
3452
3525
3617
3538
3550
3553
3536
3220
3556
3162
3532
2793
3560
3549
3655
3095
3655
3535
3150
3561
3564
3431
3477
3569
3510
3461
3576
3577
3631
3219
3585
3577
3588
3585
3591
3589
3595
3758
3715
3692
3626
3218
3544
2803
2588
3546
3551
3405
3547
3616
3660
3626
3733
3629
3575
3682
3601
2093
3639
3714
3642
3645
3605
3613
3100
3653
3655
3658
3623
3662
3527
3618
3753
3672
3009
3674
3003
3418
3627
3682
3638
3033
3699
3741
3602
2958
3696
3697
3715
3702
3635
3071
3706
3707
2968
3590
3639
3633
3646
3719
3647
3723
3472
3106
3158
3734
3685
3736
3739
3741
3744
3754
3718
3667
3752
3754
3733
3757
3718
3015
3764
2240
2456
3770
3839
3839
4098
3831
3831
3848
4101
3825
3825
4107
4107
3819
4155
4155
4149
3929
4091
3779
3821
3826
3840
3898
3945
3778
3847
3821
3845
4063
4082
3986
3960
3953
3807
3791
3776
4074
4127
3795
4081
4112
3892
3956
3894
3778
3815
3815
3822
3799
3776
3981
3878
3877
4080
3888
4114
3882
4046
3891
3808
3816
3793
3899
3783
3903
4136
3907
3909
3911
3970
3920
3820
3961
3919
3895
4139
3774
4088
3784
4150
4102
4100
4109
3806
3771
3945
3948
3917
3952
3823
3956
3949
3833
3953
3966
3957
3914
3983
3976
3915
3971
3906
3979
4014
3984
3991
3994
3996
3876
3991
3938
4013
3790
3995
4073
4023
4007
3787
4017
4013
3993
3987
4183
4021
4011
4121
4116
4030
3890
4055
4034
3889
4053
3918
4043
4037
4031
4012
4049
4053
4055
4057
4157
4128
3857
3814
4068
4069
4066
4010
4075
3787
4127
3884
4083
3977
3927
3785
4091
3931
4096
4160
4197
4165
4103
4166
4170
4110
4111
4081
4120
4115
4119
4026
3799
4125
3852
4130
4132
4054
4141
4140
3926
4136
4142
4154
4148
4090
4203
4090
4152
4157
4098
4161
4195
4165
4182
4169
4192
4170
4149
4108
4164
4019
4183
4019
4131
4190
4025
4166
4204
4198
4185
4202
4202
4195
4192
4295
4501
9170
8912
4292
5030
4639
4325
4260
4252
4326
4238
6490
6312
4319
4240
6858
6805
6224
4224
4311
4357
4900
4394
4261
4476
4297
4265
4335
4298
4478
4339
4405
4414
4408
4341
4280
4304
4348
4470
4439
4439
6302
4513
4491
4256
4463
4467
4284
4284
4443
4234
4234
4320
4356
4358
4882
4269
4402
4270
4401
4405
4416
4320
4240
5096
4360
4274
4230
4369
5297
4250
4343
4293
4422
4765
5214
8658
4214
5017
4357
4899
4617
4621
4366
4376
4544
5181
4286
4927
4391
4392
4392
4522
4333
4337
4402
4339
4828
4344
5229
4587
4288
4352
4516
4352
4311
4216
7549
4233
4372
4526
4371
4369
4444
4534
4451
4457
4646
4474
4395
4817
4476
4250
4299
4401
4414
4410
4281
4413
4481
4304
4345
4417
4346
5215
4708
9174
4513
4594
4286
4511
6243
4310
4249
4361
5002
4229
4443
4239
4629
4264
6601
4535
4538
4456
4642
4541
4252
4252
4324
4326
6618
4257
4329
4327
4251
5030
4472
8926
4258
4261
4670
4478
4480
4757
9012
4411
4582
5513
4498
4590
4423
4504
4504
4509
4351
4310
4219
4783
4220
4726
4991
4618
4624
4530
4454
4626
4644
4455
4638
5114
4562
5114
4452
4736
4462
4255
4554
4919
4259
4971
4246
4262
4243
4564
4328
4565
4686
4472
4488
4931
5461
4582
4390
4289
9171
4428
9032
4502
4308
4596
4597
4707
4782
4848
4752
5275
5271
4617
4436
4365
4627
4556
4862
4448
4861
4735
4738
4547
4386
4466
4650
4662
4652
4469
4659
4659
4661
5329
4662
4733
4810
5055
4568
4568
9141
4752
4674
4883
4679
4270
4344
4770
4697
4592
4598
4778
5011
4838
4780
4219
4210
4518
4841
4847
6255
6932
4847
7045
4948
4726
4529
4464
4737
4740
4800
4663
5293
5035
5138
4682
5348
4760
4764
4590
4704
4701
4774
4771
4773
4761
4775
5159
4777
4494
4711
4785
4846
4842
4895
4294
4739
5171
4811
5311
4811
4807
4669
5333
4822
4484
5483
9496
5074
4771
5204
5163
4211
4712
5372
4227
4849
4760
4436
4438
5002
4730
4796
5121
4865
4913
4558
5032
5117
4928
4588
5034
4839
4839
4904
5026
5384
4956
4992
4859
4907
4962
4625
5116
4867
4971
4967
4809
5355
5343
5335
4823
4890
4934
4499
4891
4842
4846
5359
4985
4956
4986
5044
5388
4994
4248
4996
4960
4996
4625
4627
4634
4801
5008
4266
5037
5371
5498
5625
4951
4958
4961
4906
4909
4922
4964
5005
4564
5353
4496
5068
5014
5375
4986
5023
5001
4909
5051
5091
5056
4421
4837
4837
5039
5022
5078
5049
4996
5391
4780
5061
5046
5062
5065
4876
5930
5076
5068
4845
5076
5289
5078
4226
5175
5063
5082
5089
5090
5102
4870
5103
5071
5064
5064
5103
5084
5398
5111
4806
5118
4864
5122
5124
5136
5136
5126
5129
5127
5137
5133
5127
5137
5150
4830
5152
4931
5145
5155
5129
5153
5471
5472
5477
4502
5162
4833
4597
5105
5169
5170
5172
5106
4880
5174
5178
5329
4667
5097
5658
5193
5189
5208
5211
5206
5203
5205
5196
5207
5193
5213
4306
5227
5210
5486
5217
4943
5240
5232
5234
5230
5199
5238
5231
5241
5241
5236
5242
5242
5213
5221
5603
5244
5253
5249
5249
5255
4765
4852
4856
5264
5265
5575
4950
6717
5282
5275
5285
4619
5279
5415
5275
5288
5285
5427
5309
5301
5297
5294
5299
5102
5493
5308
5315
5313
5325
5312
5314
4865
5326
5310
5328
5329
5296
5334
6142
5344
5787
5500
5333
5334
5337
5820
5496
5340
4884
5810
4670
5361
5363
4796
5517
5716
5519
4705
4786
5359
4967
5373
4305
5039
5514
5860
5010
5859
5386
5018
4520
5018
5397
5283
5422
5870
5708
5418
5399
5425
5411
5407
5546
5415
5547
5421
5418
5286
5729
5289
5870
5430
5439
5870
5430
5440
5438
5447
5448
5453
5455
5464
5457
5451
5661
5671
5452
5458
5471
5472
5470
5155
5674
5923
5212
5482
5482
5593
5700
5705
5618
5575
5185
5516
5496
5773
5502
5506
5714
5495
4590
4737
4860
5716
5259
5509
5633
5619
5292
5525
5532
5618
5533
5541
5406
5552
5543
5544
5549
5723
5564
5967
5748
5566
5567
5571
5567
5568
5990
5572
5740
5740
5741
5582
5701
5581
5580
5583
5585
5580
5487
5226
5605
5607
5602
5602
5587
5901
5647
5617
5614
5620
5618
5616
5489
5621
5443
5640
5634
5524
5636
5876
5894
5647
5643
5649
5649
5765
5650
5656
5462
5663
5658
5665
5663
5672
5668
6031
5673
6023
5681
5475
5956
5683
5684
5913
5913
5693
5693
5862
5696
5348
4755
5699
5812
5700
5482
5492
5272
4763
4932
5357
5357
5512
5291
5719
5871
5248
5373
5542
5734
5407
5727
5549
5726
5727
5549
6138
5951
5559
5576
5760
5747
5563
5748
5749
5745
5763
5900
5756
5762
5760
5749
5766
5624
6084
5771
5625
5339
5794
5795
5795
6064
5790
6098
5784
5780
5809
5696
5808
5823
5818
5811
5806
5920
5828
5826
5800
5820
5825
5947
5811
5830
5836
5686
5914
5790
5840
5830
5839
5787
5787
5777
5847
5850
5390
5856
5856
5863
5854
5861
4305
5024
5868
5444
6134
5875
5651
6109
5752
5883
5882
5888
5764
5888
5899
5903
5883
5902
6103
6108
5905
5872
5439
6018
6046
5499
5922
5731
5396
5924
5722
6049
5926
5394
5932
4982
5931
5770
5496
5686
5949
5997
5951
6037
5979
5987
5979
5019
5019
5966
5960
5980
5969
5982
5986
5558
5961
5560
5976
5992
5690
5996
5989
5990
5573
6000
6007
6061
6133
6056
5885
5735
6120
6020
6119
5909
5442
6026
6023
6027
6026
6031
5681
6034
5681
6009
6072
6144
6010
6044
6026
6042
6033
5923
5828
4682
6047
5936
5769
5798
5076
6003
6058
6057
6105
6059
6145
5846
6063
5940
6021
5553
6051
6075
6138
5736
6139
5848
6081
6092
5778
6085
6116
6085
6086
6100
6106
6100
6068
6069
6101
6017
6117
6113
5799
5767
6129
6130
6065
6093
6137
6080
6114
6147
5010
6137
8652
6334
8674
8756
6168
6336
9085
6501
8946
9219
9064
6193
6623
9365
9366
9380
8941
9390
9201
7098
9062
7093
6990
8866
8866
6935
9125
9247
9128
6208
8632
6821
8879
8679
6458
8626
6464
6707
6280
6470
6278
6491
6244
6308
6556
6425
6425
6423
6411
6413
6245
6386
6256
6319
6149
6383
6286
6315
6212
6216
6357
6847
6727
6174
6695
6597
6611
6606
6291
6373
6284
6244
6658
6427
6418
6428
6914
6240
6787
6381
6406
6795
6201
6158
6206
6248
6334
6230
7619
4230
6371
7636
6286
6212
6221
6150
6221
6260
6377
6154
7124
6412
6214
6361
7706
6984
6372
6284
6338
6167
6259
6325
6388
6320
6512
6331
6397
6161
6339
6194
6178
6179
6349
6709
6238
6222
6446
6151
6216
6570
6360
6241
7778
6974
6852
7542
6472
6298
6488
6373
6293
6375
6261
6243
6384
6406
6400
6148
6386
6253
6391
7170
7035
6526
6162
6642
6331
6516
6403
6259
6400
6186
6419
6245
6178
6351
6187
6466
6659
6430
6353
6943
6676
7496
6438
6562
6443
6443
6446
6684
6828
6303
9005
6457
6585
7644
6732
6365
6723
6615
6733
7549
6606
6270
6372
6616
7091
6912
6912
7275
6633
7559
7037
6510
6402
6545
6522
6927
6537
6546
6517
6525
6518
6329
6524
6536
6544
6197
6651
6548
6644
6552
6405
6658
6433
6564
8633
6663
6569
6355
6445
6693
6953
6279
6305
6461
6174
6583
6236
4360
6852
6469
6367
6472
4449
6986
6607
7512
7725
6301
6301
6743
6610
7140
7091
6386
7155
6873
6884
6498
6776
6630
6786
6555
6526
6642
6532
6535
6647
6551
6652
7186
6661
6683
6934
6935
6819
6673
6275
6184
6663
6681
6682
6453
6573
6831
6702
7071
6360
6961
6833
7508
6833
6583
7477
6712
4225
4523
6751
6723
7498
6366
6715
7153
6728
7263
6735
7514
7514
6605
6609
6231
6482
6737
6740
6973
6269
6614
6200
6761
6876
6896
6623
6903
6189
6775
6502
6501
7250
7953
7515
6787
6635
6351
6636
6788
7112
6643
6782
6656
6207
6806
6807
6815
6812
7312
6691
6674
6823
6560
6824
6688
6826
7710
6692
6947
6453
6358
7365
7286
4711
6837
6713
6841
4718
6591
6721
6857
6738
6737
7088
6980
6864
6865
6993
6195
6868
6199
6870
6621
6876
6890
6872
6883
6766
6626
6765
6883
6768
6892
7019
6772
6904
6189
7113
6913
6499
6155
6503
6343
7558
6637
6924
7113
6924
6649
6549
6407
6346
6930
6182
7127
7046
6933
7056
6664
6939
7341
6671
6272
7067
6953
7601
6831
6471
6710
7257
7043
6236
6713
6839
6485
7146
6970
6977
7541
7191
6469
6752
6942
6993
7161
7228
7234
7003
7099
6765
6899
7020
6251
6886
7107
7018
6780
7023
7104
7104
7029
6540
6540
6543
6925
7036
6518
7211
6523
6339
6929
7043
6804
6933
6816
7572
6808
7535
6937
7057
6690
7484
6826
6699
6829
7568
6157
6711
7139
6722
7141
6485
6734
6985
6988
6990
6992
6994
6996
8640
6761
7007
7025
7203
7013
7110
6920
7114
6919
7102
7119
7214
7570
7337
7276
7798
7798
7280
7342
7315
6701
7183
6836
7138
7137
6612
8015
7224
7150
6479
7152
7658
7092
7197
7157
7096
7197
7294
7101
7110
7109
6906
7204
7122
6530
7213
7038
7060
7219
7072
7259
8015
7638
7262
7708
7289
6392
7163
7203
7168
7112
7124
6656
6532
7216
7189
7150
6999
7199
7003
7231
7327
7235
7238
7295
6900
7269
7243
7244
6791
7205
6176
6791
7214
7759
7059
7609
7316
7446
7081
7260
6294
7265
7888
7955
7271
7178
7279
7281
7280
6698
7343
7258
6241
7319
7634
7326
7267
7002
7236
7301
7300
7307
7922
7358
7242
7279
7254
8239
8237
7375
7289
7225
7267
7898
6892
6251
7331
7357
7328
7787
7048
6698
7323
7239
7360
7301
7347
7739
8049
7371
7154
7376
6988
7094
7577
7395
7384
7388
7402
7386
7396
7399
7362
7372
7263
7724
7575
7094
7432
7404
7394
7404
7409
7411
7416
7351
7460
7434
7441
7445
7522
6845
6931
7412
7469
7403
7325
7397
7397
7427
7441
7956
7369
7414
7744
7456
8464
7926
7453
7435
8117
7522
7460
7079
7927
7463
7466
7753
7464
7350
7758
6369
7134
6697
6683
6944
6445
7483
7965
7483
7066
7484
7797
7965
7793
7684
7498
7607
7500
7508
7314
7507
7314
6362
7517
7528
7531
7969
7970
7523
7980
7978
7470
7597
6306
7548
7565
6915
7564
7557
7559
7566
7568
6690
7591
7576
7578
7996
7579
7596
7589
7590
7590
7536
7964
7999
7799
7806
7964
7131
8003
7627
8003
7620
7688
7613
7611
7612
7620
7627
8009
7610
7633
7626
7603
6691
7721
7144
6368
6982
7645
7649
7643
7191
7645
7651
7649
7656
6983
7264
7660
7651
7657
7544
7666
7668
7666
7668
7543
7662
7673
7673
7678
7691
7682
7292
7696
7685
7692
7693
7692
7695
7698
7694
7701
7546
7629
7625
7709
7708
7730
7728
7711
7720
8201
7722
7086
7727
7373
7731
7564
7300
7740
7743
7746
8463
7748
7763
7753
7758
7751
7757
7534
7766
7290
7948
7257
7317
8054
7779
8054
8058
7785
7786
7368
7277
7802
7790
8092
7793
7490
7804
7816
7800
7839
7799
7840
7814
7825
7855
7827
7820
7817
7824
7836
7843
7834
7832
7833
7839
7854
7832
8086
7840
7847
8110
7861
7852
7869
8352
7866
7870
7870
8418
7876
7879
7875
7875
7996
7884
7378
7897
7229
7885
7885
8504
7899
7907
7890
7916
8507
7894
7909
8269
7915
7901
7908
8507
6931
7921
7925
7923
7930
7930
7932
8211
7927
7943
7924
7942
7939
7945
7934
7954
7940
8450
7186
7960
7597
7495
7973
7971
7518
7977
7978
7520
7983
7463
7985
7525
7030
7554
7987
8205
7947
7381
7879
7999
8109
7622
6707
6280
7625
7702
8010
6294
8002
8201
7770
7563
8204
8025
8026
8031
8028
7253
8037
8093
7767
8240
8056
8043
8043
8059
8048
7346
8242
7221
8252
8248
8057
8062
8054
8077
7346
8254
8128
8073
8075
8041
6967
6967
8080
8234
7361
8092
7819
8084
8087
8082
7838
8097
8233
8085
8291
8038
8108
8352
8110
8211
8116
7250
7270
8123
8133
8130
8136
7977
7865
7980
8249
8136
8153
8152
7865
8139
8150
8149
8141
7979
8140
8159
8154
8161
8163
8165
8191
8180
8171
8105
8191
8161
8182
8104
8149
8186
8195
8369
8188
7844
7857
7857
7849
8196
8170
8157
8165
8201
8018
8021
7991
8206
8123
8287
8213
8411
8395
8221
8221
8484
8018
8225
8030
8220
8026
8032
8034
8040
8237
8244
8251
8260
8073
8071
8264
8101
8265
8267
8274
7438
8270
8281
8274
7439
8272
8280
8286
8282
8431
7457
8474
8223
8412
8124
8148
8348
8292
8349
8304
8308
8330
8295
8074
8437
8320
8314
8317
8405
8313
8335
8398
8329
8309
8327
8341
8330
8345
8401
8342
8445
8179
8298
7868
8363
8188
8361
8376
8368
8189
8366
8373
8380
8373
8376
8374
8370
8394
8382
8391
8449
8388
8434
8380
8433
8324
8401
8508
8341
8404
8406
8398
8021
8215
8216
8413
8289
8456
8419
8418
8423
8424
8424
8393
8333
8441
8442
8441
8465
8460
8460
8406
8448
8489
8450
8455
8454
8495
8289
8460
8074
7443
8431
8433
8480
8478
8471
8488
8479
8482
8487
8495
8500
8502
8467
8505
7891
8499
8447
8514
8515
8497
8803
8554
8699
8697
8892
11845
8702
8701
8703
8800
8788
8781
8783
8694
8560
8559
8688
8696
8881
9044
8569
8570
9057
9429
9231
9108
9239
8529
8766
8865
8652
8588
8685
8623
8624
8838
8835
8933
8834
8829
9359
9358
9527
8822
9728
8821
8730
10734
8621
8617
8606
8549
8544
10095
8627
8686
9480
9028
8535
8732
10328
8574
9338
8845
8749
8776
6206
8788
8550
10124
8537
9096
9630
8871
8676
8650
8638
8682
8575
8534
9152
8562
8700
8800
8804
9600
10928
10689
9850
9041
8658
9665
8744
8972
8649
8589
8687
9978
8535
8885
9603
8542
8801
9716
8545
8804
10364
10600
8519
8915
4427
9513
8714
10369
10180
9824
8726
8542
8729
8656
8666
9728
9529
8825
9675
8581
8738
8584
8742
8844
8841
9216
10192
8855
8531
8674
9233
9945
9636
8765
8864
10957
10523
8872
9004
8878
8649
8774
9016
8520
8786
8887
8655
8525
11845
9286
8796
8798
8799
9588
10319
9600
8806
9151
9483
9306
4695
9036
8909
9334
10493
8728
8666
8928
8578
10770
9355
9081
8668
8838
8745
8846
8774
8774
8942
8853
8967
9096
8752
9227
10387
9434
9119
8990
8626
9248
8768
9267
8534
4417
10020
8707
8892
9600
9303
9488
10889
4761
9326
8812
8517
4425
4591
8815
9516
8918
9047
8919
8571
9225
9726
9188
10028
8663
8927
8827
8580
10415
9677
9368
9069
8670
9086
8670
9076
8848
8845
8605
10182
9095
8671
8966
8959
9084
8957
8952
8761
8752
8622
8862
9114
6359
8987
8986
9569
8642
9576
9578
9255
8995
6232
9435
9138
10179
6171
9470
9480
8884
8527
9281
9148
10055
8790
8895
8550
8806
8899
9309
9309
9040
9039
10469
10468
9719
9331
9513
9169
8568
8571
8569
9609
9055
9051
9060
9196
8727
10457
11144
9532
6764
9364
9210
9211
8836
8847
8944
8944
9219
8848
8851
9417
9082
8954
9094
9095
8974
8600
8600
9093
9417
9098
9421
8975
9627
8622
9760
8614
8620
9138
9240
8992
9434
9123
9442
8994
8644
9259
9132
9460
9461
8631
8768
9465
9133
9142
9010
9010
9147
9015
9484
8586
10313
8656
10321
10353
9161
9268
9289
9165
9033
9298
10399
9659
8710
9504
9509
9722
10440
8565
9180
9507
10242
10809
8570
9189
9192
9346
9448
9535
10694
9064
9204
9210
8939
9215
9220
9414
6773
8965
9225
9190
9230
9943
9235
9235
9236
9115
9872
9118
9242
9125
9246
9573
9253
9253
8643
8868
9261
9134
10295
9257
9263
8883
9585
9025
9285
9288
9152
9996
8645
8656
9313
9781
9009
9307
8899
9310
9606
9311
9314
9034
10364
10484
9328
9664
9662
10442
10455
9339
8828
10408
9446
9352
9534
9358
8735
8831
9365
9211
9375
9375
9374
9361
9374
9377
9067
9382
9382
9549
8594
9214
9070
8584
9073
9394
9397
8591
9395
10205
10205
9407
9412
9683
9073
9621
8859
9104
9104
9759
9231
8859
9444
9442
9126
9247
9139
9256
9767
10746
9741
9646
9647
9948
9021
9014
9958
9776
9590
10056
10328
11181
9101
8552
9503
8709
9508
9175
9504
9327
9507
9518
9520
9520
9897
10121
10125
9792
10258
9194
11178
9350
9390
9351
9542
9543
9678
9549
9547
9616
9554
9555
9621
8975
9939
9913
9760
9438
9808
9450
9734
9737
9459
9737
9644
9266
9645
9004
9703
9471
10555
10077
8886
8701
9597
9591
9596
9712
8708
9660
9502
8918
9176
9790
10810
11144
9349
9197
10474
9614
9794
9617
9620
10427
9624
10218
10375
9938
9834
9873
9567
9467
9440
9641
10309
9860
9456
10465
6230
9705
6220
9474
9142
9998
9153
9658
9718
9505
9607
9185
9676
9625
10203
9454
9575
9696
9695
9838
10566
8875
9711
9877
9652
9652
10978
10748
9716
8904
9314
8657
8815
9880
9725
10240
10767
9678
10501
9903
9832
9731
9230
9691
9733
9702
9990
9474
9597
9308
9748
9751
9783
9330
10833
9614
9763
10781
10496
9580
10544
9768
9769
9999
10076
9813
9025
9745
9847
10600
9849
10554
9185
9798
10090
9453
9858
9699
9807
10782
10505
9932
9814
10893
9303
9297
9818
10446
9853
9789
9050
9420
9832
9689
9835
9764
10546
9917
9919
9907
9775
10061
9286
9591
9744
9846
9784
9820
9880
9898
9853
9856
10387
9946
9804
9810
10019
9482
10173
9963
9782
10553
9869
9888
10499
10538
9740
9879
9785
9884
9057
10614
9725
9857
10010
11001
9909
11433
9899
9902
9877
9938
9970
9941
9901
9906
10565
9910
9629
9631
9113
9583
9995
9942
9116
9943
9890
9017
9960
9953
9959
9279
9982
9949
9278
9952
9908
9482
9283
9877
10364
9980
10015
9968
10003
9983
9985
10572
9976
9972
9923
10579
9989
9924
9228
9480
9956
11009
9709
10001
10011
10586
10491
9725
10005
9986
10602
10018
10025
9191
9630
9928
10033
10021
10580
10078
10578
10111
10116
10031
10020
10164
10067
10061
11024
9981
10053
10052
8546
10067
10073
10101
10074
9996
10083
10090
10081
10105
10049
10021
10082
9022
10102
10099
10098
10083
10088
10133
10087
10143
10109
10069
10117
10046
10080
10115
10128
10125
10134
10118
10127
10647
10650
10149
10170
10148
10138
10665
10663
10146
10151
10996
10136
10137
10171
10157
11072
10157
11323
10155
10175
10173
8682
9267
9060
10196
10181
10195
10192
10195
10194
10197
10211
9401
9403
10714
11084
10226
8956
10199
10220
10220
10231
10231
10232
10225
10225
10211
8960
9224
10189
10230
11846
10234
10238
9747
9749
10247
8567
10241
10253
10250
10245
10261
10259
10260
10690
10690
9870
10267
9053
10260
10373
10374
10233
10271
10270
10278
9552
10273
9537
9534
10280
10274
10282
8874
10290
9263
9466
10289
10741
10391
10291
10395
10296
10519
10299
10298
10300
10301
9295
8901
10443
10307
8998
10308
10736
11113
10300
10345
10346
10314
10341
8896
10321
10330
11461
11692
10329
10349
10341
10753
10336
11459
11385
11381
9054
10354
10358
10954
10354
10359
10363
9714
8922
10370
10379
10721
10384
10378
10724
10727
9675
9364
9423
10388
9810
10742
9294
10764
10532
10765
8805
8910
9168
8578
8930
10477
8931
8931
10411
10776
10411
10388
10788
9839
9841
10423
9412
9622
9436
8550
10429
10436
10430
9515
9820
9821
10438
10440
9824
9822
10449
9897
10810
9911
9197
8736
9674
10458
10462
10457
11140
10473
10473
10482
10486
10483
9992
9727
8820
10497
9945
11184
10507
10511
10505
10894
10511
10398
10517
11096
10297
11192
10527
10525
10902
10900
10513
10536
10741
9878
9930
9687
10566
10548
10548
9854
10374
9883
9691
10564
10022
10022
10577
10572
10606
10045
10583
10587
11013
10016
9606
10590
10596
10016
10632
10611
10040
10607
10574
10628
10177
10120
9827
10131
10155
10622
10624
10625
10622
10632
10633
10640
11006
10627
11328
10633
11070
10650
10652
10660
10666
10663
10641
10661
10652
10648
10677
10162
10655
11358
10670
10203
10270
10251
10266
10693
10284
10699
10699
10700
10701
10279
10704
10726
10711
11082
10723
10719
11076
10710
10721
11466
11696
10724
11151
10383
10932
10739
9646
11114
10749
11114
10349
10750
10351
10759
11119
10951
9348
10767
11127
10376
10416
10775
10776
10963
10785
10792
10824
10793
10798
11078
10848
10433
11453
10806
9601
10807
11475
10806
9673
10822
10473
10830
10814
10815
10817
10828
10827
10827
10836
10831
10812
10831
10836
10865
11148
10845
10845
10855
10854
10856
10855
10834
10860
10852
11697
10867
10871
10874
10795
10867
10872
11159
11156
10881
11158
11317
10891
10890
9935
10531
10903
10533
10913
10901
10899
10909
10923
11218
11499
10923
10904
10915
10928
11124
10947
10929
11219
11124
11233
10952
10955
10964
10963
10963
10742
10962
11275
10799
10884
10969
10987
10985
9895
10973
10983
10983
9872
10990
10992
11007
9991
11421
11769
11016
11018
10596
11023
10080
11027
11026
11327
11327
11030
11038
11041
11040
11035
11038
11325
11060
11068
11049
11064
11045
11059
11037
11356
11334
11340
11335
11052
10151
11041
11078
10285
11085
11087
10713
10202
10688
10717
10866
10864
10730
11094
11301
11100
10514
11105
11098
11111
10758
10358
10763
10797
11171
10463
10456
11140
11135
11450
11136
10847
11148
10864
10875
11154
10887
11163
11160
11130
11165
11315
11172
11135
11190
11107
11190
11195
11194
10533
10933
10944
10944
11204
11195
10905
10940
11217
10918
10949
11228
11253
11223
11237
11238
11251
11220
11226
11231
11236
11249
11223
11235
11511
11232
11538
11251
11562
11570
11255
11249
11568
11618
11268
11254
10920
10925
11264
11578
11493
11617
11620
11272
11614
11283
10883
11284
11292
11277
11296
11290
11157
11285
11103
11102
11107
11285
11104
11302
11187
11699
11197
11630
11299
11658
11311
11757
11120
11316
10993
11319
11605
11323
11610
10129
11324
11326
10974
10985
11337
11044
11336
10980
11641
11008
11054
11055
10982
10679
11056
11349
11352
11358
11056
11353
11354
11659
11355
11359
11083
10855
11080
11364
11079
11366
11109
10533
10342
11374
11372
11373
11670
11379
11382
11378
11459
11386
10752
11388
11384
11395
11395
11272
11399
11367
11402
11141
11404
11406
11670
11267
11409
11403
11405
11403
11394
9864
11421
11117
11684
11439
11431
11425
11423
11437
11513
11427
11514
11515
11442
10954
10772
11810
11456
11456
11458
11134
11816
11467
10993
11596
11469
11164
11167
11571
11452
11474
11478
11452
11488
11486
11172
11492
11490
11498
11210
11195
11717
11723
10927
11203
11506
11510
11534
11522
11514
11523
11521
11441
11523
11528
11532
11241
11545
11543
11534
11551
11520
11548
11559
11546
11555
11533
11567
11243
11566
11495
11568
11571
11581
11575
11549
11579
11609
11591
11555
11548
11584
11601
11590
11597
11603
11736
11599
11597
10644
11579
11611
10927
10926
11392
11417
11714
11625
11281
11306
11290
11635
11636
10540
9896
10562
11645
11771
11650
11649
11344
11659
11665
11661
11769
11657
11434
11666
11675
11524
11440
11533
11450
11454
11687
11180
11691
11830
11694
11155
11784
11465
11702
11706
11704
11706
11297
10914
11716
11717
11719
11838
11839
11622
11633
11722
11721
11723
11813
11733
11728
11593
11600
11739
11596
11842
11019
11020
11658
11747
11744
11020
10591
11743
11756
11127
11762
11758
11785
11765
11761
11790
11312
11752
11773
11756
10978
11676
11779
11668
11668
11763
11763
11794
11827
11797
11801
11837
11793
11811
11738
11776
11774
11820
11781
11722
11819
11828
11629
11791
11137
11673
11821
11821
11730
11835
11829
11835
11836
11807
11637
11006
11134
