54.657780 62.375847 66.970375 85.432709 72.676712 
54.657780 62.281761 63.489361 75.751404 56.484161 
62.281761 68.018356 84.648506 64.766548 101.266510 
68.018356 58.270226 101.431564 83.561897 68.205826 
84.648499 58.270226 53.897018 91.538589 55.136555 
53.897018 84.468735 72.747658 83.305229 96.385025 
84.468727 67.733063 71.310394 109.285278 101.477837 
67.733063 101.124908 78.515091 72.082497 104.499397 
101.124908 64.939186 90.578476 87.787262 107.617607 
64.939186 53.527836 77.713440 80.274719 70.091118 
53.527836 57.364662 82.791458 79.279076 56.632523 
57.364662 65.008385 84.621384 70.334206 54.595352 
65.008385 62.635372 80.122635 83.445999 67.259712 
62.635372 62.225933 62.418884 81.513321 63.512318 
62.225933 56.119049 77.691299 63.127293 79.815842 
56.119049 54.993713 69.184921 83.863159 68.211113 
54.993713 71.836243 92.982346 81.389214 98.014915 
91.927101 71.836243 71.918953 73.352997 108.531067 
71.918953 50.780697 106.315536 81.612503 90.149567 
50.780697 63.821285 70.083511 109.477448 114.144669 
63.821285 65.717674 96.492859 78.572899 100.926498 
65.717674 63.024666 121.338730 85.985390 69.200806 
128.742340 63.024666 58.314056 99.346298 73.139870 
58.314056 76.054901 112.754852 85.063362 118.836639 
76.054901 67.358299 94.153214 77.380470 119.819214 
67.358299 60.241264 103.962547 73.963356 109.536926 
60.241264 61.606407 64.635658 87.326920 71.745438 
61.606407 63.579506 86.585739 83.703094 81.695137 
63.579506 64.155579 73.049644 86.270012 69.558693 
64.155579 62.508907 60.873127 84.792313 68.781235 
62.508907 54.716995 73.823990 95.041695 62.011372 
54.716995 54.153976 80.631401 64.329597 76.307693 
54.153976 69.666100 79.339264 67.671532 65.569801 
69.666100 90.817642 104.529190 59.916237 57.494312 
74.834160 64.525391 62.784958 86.755356 74.517212 
74.834152 71.330605 85.994934 76.839401 80.892288 
71.330612 54.153889 62.312565 84.771240 56.611649 
54.153893 64.275330 87.801994 73.243996 84.538406 
64.275330 68.192749 68.646736 103.231506 101.717957 
62.375847 68.192749 93.476852 66.356277 66.555916 
85.323822 83.795654 63.065121 58.539059 71.349434 
77.691299 69.184921 73.352997 72.008972 59.595642 
90.387527 87.686798 93.847755 90.739929 81.703842 
63.489365 64.766541 91.538589 81.632919 57.864365 
90.304123 71.002129 57.355343 93.768997 58.302128 
77.380470 103.962547 64.635658 86.585739 53.719215 
88.464119 61.046043 59.068581 67.772545 72.514595 
81.450462 95.378601 65.006104 79.721664 71.068871 
76.663101 62.721619 69.707390 79.214569 52.303474 
81.632912 54.115166 83.230110 93.105118 74.888496 
66.970367 75.751404 90.387527 55.931755 65.889786 
99.346298 85.063362 90.304131 70.358688 87.575058 
85.994942 82.125694 75.991150 78.087189 67.858688 
81.612503 70.083511 81.450455 86.955460 72.792542 
78.572899 85.985390 76.663094 71.883209 85.874252 
72.747658 71.310394 91.852173 54.115166 88.203712 
90.817642 82.125694 80.307785 76.328537 52.429031 
69.200806 73.139862 93.430115 71.883209 74.042145 
90.578476 83.230110 88.203720 87.958679 76.336960 
85.432709 56.484161 87.686798 57.864365 55.931755 
99.687408 54.305557 69.581696 66.782608 63.304810 
73.049644 71.002121 67.634430 68.519638 88.662979 
65.266655 55.972046 68.307961 89.676262 51.471901 
95.378601 85.435547 54.148945 54.278587 96.503204 
79.339264 80.307785 60.017937 81.590363 88.056046 
62.312565 87.801987 68.646736 75.991150 65.517822 
87.787262 77.713440 54.449585 80.768761 87.378159 
90.149574 72.008980 65.006104 72.792542 69.613396 
86.270012 60.873123 67.634422 77.487160 77.297180 
73.823982 80.631401 65.266647 55.954842 56.329205 
59.916237 64.525391 76.328537 114.002792 102.030411 
98.233620 62.721619 70.358688 74.042145 69.125870 
64.329597 67.671532 94.358765 60.017937 55.954842 
81.088486 59.595642 85.435547 69.613396 51.376900 
87.671844 62.418884 83.410980 54.148945 51.376900 
84.621376 80.122635 54.278587 88.588020 61.496277 
94.748108 78.087189 52.429031 81.590363 59.636490 
61.046043 59.636490 82.662399 77.706848 66.579582 
88.056046 95.614479 82.662392 67.105560 60.005413 
97.271576 95.263252 53.719215 87.575066 68.519646 
85.323830 79.721664 96.503197 64.986877 72.427101 
83.795654 54.305557 98.937172 61.496277 86.781235 
77.706848 67.105560 73.929291 90.080246 70.217583 
80.274719 82.791451 69.581696 54.449585 74.519577 
55.972050 92.212303 60.005413 73.584541 93.805901 
68.307961 77.487160 56.329205 71.415459 85.501434 
63.065121 64.986885 59.632252 67.034271 60.913025 
71.068871 69.707390 85.874252 72.427101 59.632252 
93.847763 80.768761 59.682056 84.568161 53.539860 
90.739929 74.888496 76.336952 87.378166 59.682056 
57.355343 77.297180 71.415451 53.071892 78.784409 
61.302292 59.027302 68.326767 94.821480 52.564625 
85.501427 53.071892 61.302292 64.004829 76.549034 
58.539063 67.034271 59.027306 84.512115 63.055824 
68.326767 84.512115 78.816376 68.533669 82.160713 
58.302132 79.214569 69.125877 78.784409 64.004829 
52.303474 60.913025 90.880127 63.055824 80.775307 
71.349434 66.782608 86.781235 59.265190 54.474266 
63.304810 74.519577 59.265186 65.109566 82.312119 
81.703842 73.929291 86.160904 71.676071 86.986259 
53.539860 65.109566 86.160904 61.986919 73.035507 
78.816376 54.474266 82.312126 61.986919 68.039680 
89.676270 73.584541 68.533669 55.286613 72.654556 
90.080246 71.676071 73.035507 68.039680 55.286613 
51.471901 52.564625 76.549034 82.160713 72.654556 
66.356277 59.068581 67.858688 65.517822 62.413879 
67.772545 66.579582 70.217583 86.986259 79.767387 
72.676712 66.555916 72.514603 65.889786 62.413879 
62.784958 71.722015 101.705101 91.409660 80.995705 
71.722015 58.891659 82.633606 103.477715 104.289268 
101.705101 58.891659 51.927505 69.352821 85.037338 
51.927505 68.475189 87.098877 94.853951 68.215454 
120.402687 68.475189 71.417946 70.040207 99.354797 
71.417946 57.991386 125.353058 84.172241 103.223892 
118.208649 82.633606 57.991386 87.467010 87.595306 
86.755356 81.394104 83.305618 104.862198 72.005318 
81.394104 62.286560 80.773674 93.973869 68.741714 
62.286560 64.655945 77.857666 94.231003 81.048706 
64.655945 60.728107 77.450096 72.898071 96.078163 
60.728107 68.882553 96.877457 105.748611 65.045723 
77.450096 68.882553 62.935364 101.861145 85.415359 
73.243996 101.717957 62.935364 108.742348 77.667679 
69.352821 87.098877 60.624470 89.142059 54.937691 
80.617371 62.209755 58.365372 92.282768 77.883141 
91.409660 104.289261 87.466995 52.540833 61.118973 
77.857666 72.898064 101.300461 73.977913 56.416328 
74.517212 76.839401 80.995697 60.624470 91.879242 
94.231003 80.617371 73.977913 64.385628 82.483521 
84.771240 84.538406 62.209759 59.532150 74.891006 
80.892288 56.611649 89.142059 59.532146 78.198883 
94.853951 70.040207 84.172241 58.365368 63.330681 
103.223900 87.595299 52.540833 64.385635 62.010826 
83.305618 80.773674 61.118973 82.483513 62.010826 
92.034470 85.415367 77.667679 56.416328 74.891006 
68.215454 54.937691 77.883148 78.198883 63.330677 
73.963356 87.326912 51.811096 70.908997 114.053894 
51.811096 72.197121 88.004456 107.970039 70.336258 
72.197121 68.399467 112.211876 57.749817 73.516212 
68.399467 66.280823 123.205948 71.907051 80.440353 
66.280823 67.469566 76.072891 89.922409 107.720070 
67.469566 50.601807 122.486443 62.849922 99.601883 
99.495705 81.389214 50.601807 104.621803 74.233948 
78.515091 72.688087 95.829880 91.065147 89.356918 
72.688087 61.309914 62.938744 69.151627 85.975250 
61.309914 60.224693 100.894882 65.112396 56.207832 
60.224689 56.682892 81.640488 69.799103 85.545815 
56.682896 50.287792 95.620750 80.360046 70.876572 
96.877457 50.287792 58.782967 79.352104 74.034416 
71.745430 83.703094 70.908997 88.004456 62.928177 
65.520325 75.565781 63.509613 76.972565 63.631886 
75.424217 60.152069 67.903801 95.949738 78.607864 
54.462059 81.898529 86.794762 65.143204 65.988220 
76.072884 62.849922 75.424210 101.317856 63.746269 
57.749817 71.907059 54.462059 83.389633 57.972172 
80.440353 81.898537 83.389633 68.894325 70.518158 
77.961853 83.564529 89.846016 56.179825 77.329117 
80.054550 73.303810 61.071808 60.506607 70.866570 
58.782967 80.054550 66.533661 68.841850 53.279625 
64.667953 76.288513 69.246994 88.732170 68.750244 
64.179314 96.939537 64.157166 67.893616 62.667889 
81.513321 63.127293 60.152069 61.759422 58.821899 
83.334976 64.625031 52.461296 64.486015 82.518364 
56.918602 67.648613 78.581207 79.703857 59.937038 
86.794769 68.894325 56.918602 60.460625 77.816208 
99.916656 84.369171 77.308838 66.123199 68.716171 
77.961853 99.916656 97.917007 60.699852 87.053268 
85.832352 83.564529 84.093826 87.936493 55.969093 
81.560425 85.346008 55.020058 57.350777 69.775017 
67.750992 79.291443 66.518341 59.716698 78.561157 
81.640488 80.360046 79.352112 66.533661 57.377312 
70.091118 79.279083 64.667953 73.907608 52.722366 
95.829880 76.288513 103.061249 105.091347 89.293884 
73.641479 63.056553 84.120636 75.349274 66.729439 
84.792305 62.011372 76.307693 64.179314 84.093826 
83.445999 63.512314 85.989494 61.759422 83.334969 
70.334198 67.259705 64.625031 68.021103 86.352570 
79.815842 68.211121 74.233948 67.903801 58.821899 
70.336258 73.516220 89.204391 57.972168 76.839981 
94.465233 73.641479 76.839981 57.285660 59.160393 
65.520325 65.143204 60.460625 63.453514 72.507851 
62.938744 65.112396 67.750992 83.246353 65.775253 
69.558693 68.781235 96.939545 63.056553 93.479042 
56.632523 54.595356 73.907608 68.021103 56.140953 
95.949738 63.746269 70.518158 77.816208 66.936020 
75.565781 65.988220 84.120636 57.285660 63.453514 
91.065140 69.151627 79.291443 65.775261 79.137978 
73.303810 68.841843 66.518341 57.377312 62.749428 
78.607864 67.648613 100.885109 66.936020 55.213383 
52.461296 78.581207 55.213383 88.251595 72.687500 
93.973869 81.048706 84.369171 55.020058 67.926254 
65.569801 57.494312 102.030411 60.699852 87.936493 
96.160675 65.045731 74.034424 53.279625 57.350773 
61.071808 59.716698 62.749428 76.646042 65.224030 
81.695129 99.244209 62.928177 75.349274 59.160389 
64.486023 86.352554 73.356346 65.811516 63.128838 
60.506607 77.308838 69.775017 67.926254 69.624870 
70.866570 76.646042 69.624878 96.550278 91.911179 
69.334221 80.663483 86.685089 80.612778 63.227615 
73.356346 69.334221 54.592442 58.008228 103.858902 
82.518372 79.703857 72.687500 65.811516 54.592442 
69.246994 52.722366 56.140953 90.344345 59.494278 
88.732170 80.663483 100.497139 69.687241 70.291351 
86.685089 72.871605 69.729141 69.354233 60.871284 
68.750244 78.561157 89.293884 79.137985 64.646423 
63.128838 80.612778 58.008224 59.494278 69.687241 
83.884392 65.224030 96.550278 70.291351 64.646423 
99.795731 103.466110 63.227615 72.871613 77.467094 
63.509613 99.846817 69.729141 55.713501 60.166252 
56.179825 66.123192 103.024704 91.911179 77.467094 
77.329117 64.157166 55.969093 69.354233 69.283539 
67.893616 60.871284 55.713501 69.283539 72.734489 
76.972565 62.667892 66.729439 98.852783 72.734489 
72.005318 68.741714 68.716171 87.053268 103.429359 
63.631882 59.937035 72.507843 88.313240 60.166252 
72.082497 59.858360 90.962959 82.709366 99.891205 
59.858360 58.766933 78.681931 101.859200 109.781334 
90.962959 58.766933 57.966827 70.492599 98.641174 
57.966827 69.427994 87.360580 97.352295 76.806847 
69.428001 68.221588 110.432999 74.021927 107.976212 
68.221588 61.727272 117.820831 63.499817 84.861526 
110.738731 78.681931 61.727272 78.818100 67.842117 
101.431557 69.799103 70.876572 64.979248 110.927849 
83.561897 89.940224 64.979248 92.748184 60.319324 
89.356918 82.709373 78.818100 74.403709 77.399673 
101.477829 99.891190 70.492599 87.360588 60.029091 
66.732979 79.224945 96.441002 60.100040 71.314377 
85.975250 74.403709 96.865059 58.965096 64.251999 
97.427200 83.305222 66.732979 81.734001 71.437271 
91.298889 56.207832 85.545815 79.224945 58.965096 
63.499817 67.842117 77.399673 64.251999 76.165627 
74.021927 84.861526 60.100044 76.165627 67.663750 
68.205826 55.136555 96.385017 60.319321 81.734001 
76.806847 60.029091 71.314377 71.437271 67.663757 
52.213154 51.690140 65.354195 101.730423 84.414803 
63.324585 65.789909 98.875473 128.561874 90.412003 
93.090851 80.266449 93.957123 132.219940 62.651726 
93.090851 114.348297 60.957642 83.577782 107.896759 
114.348297 73.345749 80.504135 95.852211 134.078217 
73.345741 61.155628 80.641876 134.452560 130.127380 
151.858337 180.505280 187.134933 169.614853 159.239655 
61.155628 107.642059 79.156044 88.401939 120.213104 
52.213154 67.392067 94.782494 97.261795 82.066803 
102.155106 53.566765 108.175903 119.428581 93.738274 
80.266449 90.197502 72.350220 71.973106 111.862915 
97.945679 85.904877 74.572647 81.263863 115.419266 
180.505280 176.234528 235.675385 251.137787 173.419083 
51.690140 54.346069 91.536003 94.467903 95.643852 
93.957123 60.957642 90.197502 92.792152 70.969696 
63.324585 106.973679 105.845497 72.531807 105.603500 
65.789909 72.350227 108.515602 100.881744 118.110329 
80.504135 80.641869 107.642059 84.466896 86.245407 
83.577774 95.852203 92.792160 97.643311 77.245865 
119.605225 79.156044 67.392075 85.904877 69.037933 
88.401947 94.782494 69.037933 112.766235 82.881142 
106.036209 53.566765 54.346073 69.419434 110.604973 
149.750366 59.860065 103.561188 135.672134 154.958969 
106.973679 59.860065 83.910530 140.416290 133.832199 
103.561195 83.910522 57.705696 56.505764 81.542496 
57.705696 65.391510 77.749802 130.771179 86.319511 
56.505764 65.391510 96.755074 69.977203 98.610306 
98.875481 105.845497 111.766861 81.951202 71.710770 
91.535995 69.419434 97.095909 87.522881 73.548355 
77.749802 96.755081 97.095917 53.474579 102.458237 
71.973106 70.969696 97.643311 104.294525 62.120224 
81.542496 69.977203 81.951202 98.710739 69.682045 
77.245865 104.294533 98.710739 107.016754 75.831398 
84.466896 107.016754 82.293015 100.120850 69.286293 
86.245407 82.881134 101.505020 82.293015 63.661530 
86.319511 98.610313 87.522881 53.474579 56.810364 
110.852303 71.710770 62.120232 69.682045 75.831398 
73.548355 102.458237 69.286293 63.661530 56.810368 
57.797832 118.508163 97.888458 63.395954 98.562950 
57.797832 60.710335 84.093712 82.217453 59.729797 
60.710335 54.171356 65.879944 77.075012 80.321945 
54.171349 59.796402 65.080734 93.938004 66.066010 
59.796406 88.510223 65.585342 92.495407 79.372467 
63.234287 107.494865 71.038040 65.213989 118.505890 
63.234291 70.793190 88.951225 68.290039 123.004524 
70.793182 92.584068 59.671364 132.956055 93.146118 
97.888466 110.932884 92.584076 97.240738 67.453827 
62.651726 111.862900 135.087036 107.494865 90.548805 
88.951218 59.671364 94.391815 91.053101 111.757294 
84.093712 65.879951 94.963615 79.296417 63.763081 
71.038040 90.548805 85.048340 105.742683 80.345482 
65.213989 68.290039 85.048340 60.615234 116.596436 
65.080734 79.296417 74.533401 72.543602 72.375099 
128.561890 72.531807 53.240952 92.851746 112.816795 
125.772758 53.240952 134.716156 117.580063 132.136459 
90.412010 100.881744 92.851746 79.849892 75.776337 
189.241882 136.000931 131.371536 212.402924 174.591553 
173.419083 154.958954 200.364624 162.751938 131.371521 
105.742683 60.615234 102.793030 55.981201 72.017540 
101.201622 65.585335 74.533401 75.946190 123.449020 
94.391823 98.081650 72.543602 76.123962 75.987625 
79.849892 102.793022 97.035736 70.501709 58.444851 
93.146118 67.453819 91.053101 63.763084 76.123962 
80.345482 75.776337 114.257797 97.035744 114.569954 
70.501717 74.256851 59.481438 65.336555 96.990234 
55.981201 58.444851 74.256851 106.844772 88.749969 
59.481438 124.794952 64.130707 118.522018 123.566200 
65.336548 106.844772 64.130699 76.400215 64.903870 
72.375092 75.946190 75.987625 76.400215 113.495430 
111.757294 72.017540 96.990242 88.749969 64.903870 
89.415337 91.077515 68.268623 96.761353 84.429306 
89.415337 81.883301 87.454346 58.597801 116.876831 
81.883308 85.168221 124.962677 88.950371 64.986549 
85.168221 71.933342 60.253929 117.900826 107.248657 
74.572647 71.933342 95.695770 51.985558 116.089722 
63.395950 82.217445 66.373322 65.011879 112.403557 
66.373322 58.148067 91.442085 62.179993 107.066895 
116.884262 83.584702 58.736198 65.955132 115.875366 
83.584702 79.650185 58.818062 101.220390 122.852463 
91.077530 79.650185 92.468132 59.183811 122.139305 
60.253925 95.695770 114.701614 101.232025 94.192581 
54.453243 171.618729 141.759735 109.872299 176.229462 
58.148064 58.736202 93.658432 82.080444 118.495911 
92.495407 123.449028 109.257187 76.588928 132.707092 
68.268623 87.454338 115.472015 57.841454 114.840034 
93.738281 94.467911 110.604980 57.856541 98.427856 
58.818062 92.468124 121.331589 67.887810 64.393265 
97.261795 81.263863 51.985558 117.636024 64.733604 
58.597801 88.950371 78.618744 92.653427 80.997383 
54.453239 194.043732 139.735886 135.788437 188.357498 
263.179932 171.618729 194.304214 203.714447 273.823944 
65.955132 93.658432 103.452850 80.546341 62.501812 
65.354195 82.066795 64.733604 71.890610 95.696739 
64.986542 107.248657 78.618752 82.379608 72.055107 
101.730423 101.232018 71.890610 57.239861 59.252846 
184.526398 203.714432 185.524384 211.462784 216.285095 
94.192581 82.379608 67.420273 90.107384 75.948441 
92.653427 72.055115 67.420265 56.228516 92.973297 
59.729801 77.075012 65.011879 91.442085 77.899315 
96.761353 59.183811 121.331604 72.122765 80.623352 
84.429306 72.122772 78.906937 103.444565 105.073433 
112.403564 62.179996 82.080444 91.931068 52.925533 
63.981461 63.565285 74.283615 133.038467 94.434052 
63.981461 127.546745 117.419266 69.057007 74.736656 
104.317818 56.228516 63.317909 77.664558 116.796173 
90.107384 100.602058 63.317917 63.041771 74.675018 
77.899323 52.925533 94.606941 69.014214 94.984482 
84.414795 95.643852 57.856541 57.239864 63.073441 
93.938004 79.372459 52.462486 90.927406 59.009075 
80.321938 66.066017 97.926254 69.014214 52.462486 
94.984482 90.927406 75.625114 89.928818 82.994476 
109.872307 139.735870 63.565285 127.546745 78.790741 
74.283615 78.790741 69.188675 80.295036 93.932274 
106.855919 76.588928 59.009075 111.471565 75.625114 
98.427856 59.252846 75.948441 63.041771 63.073437 
132.707092 133.038467 69.057007 98.624161 77.399269 
101.220383 67.887810 103.452850 70.882599 91.628738 
64.393265 70.882591 87.002228 112.931084 85.333946 
113.904892 57.841454 78.906929 82.896980 61.830322 
69.188675 112.511971 99.700150 101.649727 66.706528 
112.511963 89.280952 69.544357 98.890594 104.611122 
89.280960 104.588852 110.516609 58.147911 95.741447 
89.928825 116.224609 98.624161 127.113968 53.592628 
94.434059 74.736656 80.295044 77.399269 62.837753 
80.997391 92.973305 77.664551 82.896980 87.093536 
80.623352 117.853508 87.002228 55.122322 74.100311 
103.444565 69.544357 55.122318 107.651756 80.980522 
105.073425 61.830322 98.890602 58.147911 87.093536 
93.932266 99.700150 62.837753 52.225166 106.796829 
135.788437 117.126564 133.780197 95.741440 120.880249 
133.057938 116.796173 74.675018 125.000656 120.880249 
101.649727 105.571304 52.225166 95.372177 93.238632 
80.546341 91.628738 95.372177 64.067390 73.521347 
62.501816 115.162430 82.994476 64.067390 93.764694 
85.333939 66.706528 104.611115 74.100311 80.980522 
95.467445 53.592628 93.238632 73.521347 93.764694 
