-0.003717 0.169084 0.110442
-0.055785 0.177297 0.100507
-0.096307 0.213767 0.072497
-0.114278 0.264749 0.031908
-0.158674 0.235821 0.050892
-0.192057 0.196284 0.044856
-0.229856 0.125525 0.043578
-0.222016 0.078362 0.004568
-0.206764 -0.015559 0.005996
-0.174661 -0.071532 0.000840
-0.166311 -0.123959 0.000724
-0.182408 -0.178075 -0.008523
-0.186657 -0.242071 -0.018944
-0.190608 -0.304201 -0.025312
-0.188111 -0.365730 -0.033563
-0.185524 -0.421467 -0.039546
-0.188305 -0.475980 -0.046056
-0.184756 -0.483526 0.024491
-0.159827 -0.477153 0.089562
-0.114365 -0.473773 0.111837
-0.053412 -0.467301 0.105241
-0.003435 -0.463162 0.101481
0.050937 -0.467044 0.130097
0.107932 -0.463216 0.119073
0.164162 -0.470895 0.083732
0.196934 -0.463655 0.037171
0.192230 -0.404871 0.031067
0.195630 -0.343607 0.036245
0.193106 -0.280805 0.045030
0.182422 -0.217980 0.051974
0.168954 -0.157515 0.059869
0.153645 -0.105096 0.059197
0.166738 -0.053054 0.057759
0.215862 -0.007432 0.042446
0.240076 0.103811 0.018398
0.211843 0.144626 0.067946
0.183408 0.209094 0.063061
0.152139 0.251500 0.050874
0.102987 0.223070 0.073743
0.055864 0.184803 0.103555
-0.081890 -0.213462 0.134569
-0.190219 -0.414197 0.017461
-0.076787 0.062021 0.136243
-0.116012 0.170655 0.095110
0.104287 -0.300687 0.133579
0.172897 -0.398412 0.082103
0.080775 0.106160 0.157049
-0.140547 -0.344330 0.110649
-0.015723 -0.329998 0.123930
-0.146299 0.100517 0.093766
-0.025605 0.124727 0.138649
0.092077 -0.385400 0.134481
0.147778 0.115180 0.114562
-0.123100 -0.409575 0.113423
-0.041943 -0.400178 0.123391
-0.172148 0.128609 0.056369
0.173056 0.044738 0.096569
0.015712 -0.411038 0.113369
-0.172200 0.044507 0.045417
-0.077706 0.138362 0.123957
-0.143199 -0.141725 0.088688
0.164488 -0.291538 0.102416
0.079475 -0.131315 0.148794
-0.180864 -0.277941 0.063084
0.145246 -0.027787 0.109112
0.139101 0.182341 0.093142
-0.154187 -0.037280 0.060792
-0.167483 -0.393130 0.078888
0.159690 -0.226590 0.095857
0.127853 -0.135914 0.111717
0.224971 0.045443 0.041388
0.042752 -0.345886 0.123607
0.147159 -0.086096 0.105503
-0.190678 -0.357490 0.034773
-0.194715 -0.307742 0.024881
-0.179902 -0.227441 0.054128
0.127343 0.043750 0.119078
0.086509 0.055469 0.152352
0.084132 -0.023633 0.149581
0.158507 -0.357539 0.107222
-0.117365 -0.271793 0.111373
-0.146266 -0.195630 0.093878
0.032201 0.004378 0.160626
-0.160699 -0.090318 0.065658
0.074491 -0.081362 0.149955
0.112622 -0.183601 0.128863
-0.064960 -0.273313 0.125661
-0.080328 -0.328857 0.121422
-0.106868 -0.018889 0.110408
-0.142174 0.028348 0.107181
0.098550 -0.245548 0.127265
0.012202 -0.204079 0.163851
0.053857 -0.232486 0.148236
-0.031201 -0.229857 0.151198
-0.023845 -0.151387 0.168235
0.050800 -0.290620 0.126581
-0.013958 -0.279614 0.132436
-0.096800 -0.144555 0.135727
-0.117786 -0.100212 0.106525
-0.028963 0.004910 0.147710
-0.080746 -0.057345 0.134652
-0.065067 -0.107796 0.157209
0.016247 -0.099091 0.166272
-0.018705 -0.060611 0.160783
0.041655 -0.160925 0.166544
0.095145 0.151932 0.129207
0.031664 0.062751 0.155220
0.036583 0.137346 0.136521
0.301128 0.100960 0.029244
0.365986 0.129849 0.020333
0.355743 0.183938 0.035541
0.364280 0.234432 0.027743
0.379818 0.258125 -0.032588
0.365674 0.204381 -0.066278
0.358254 0.150678 -0.049490
0.223020 0.052740 -0.047027
0.184896 0.105888 -0.066596
0.158742 0.157505 -0.080204
0.114838 0.199466 -0.082430
0.064563 0.219294 -0.098062
0.106192 0.255332 -0.057977
0.119636 0.278069 -0.000901
0.295633 0.186699 0.036577
0.256415 0.254792 -0.030762
0.294697 0.120739 -0.041605
0.171268 0.227075 -0.057685
0.261526 0.147656 0.050599
0.228221 0.198349 -0.064041
0.222974 0.262417 0.013389
0.230141 0.215883 0.041871
0.312136 0.249186 -0.033169
0.283401 0.168843 -0.054272
0.243241 0.128046 -0.062866
0.177177 0.268641 -0.023674
0.301395 0.233810 0.018492
0.176030 -0.449543 -0.011051
0.159046 -0.448862 -0.058380
0.113286 -0.454400 -0.093658
0.046968 -0.457509 -0.106699
-0.005602 -0.460068 -0.083725
-0.071747 -0.467748 -0.086363
-0.118498 -0.465493 -0.068000
-0.228837 0.079455 -0.073495
-0.188994 0.122241 -0.068304
-0.158488 0.173222 -0.080859
-0.120908 0.219174 -0.088709
-0.068470 0.225745 -0.103217
-0.025112 0.206093 -0.118809
0.190913 -0.386150 -0.020906
0.087567 -0.240649 -0.113286
-0.107106 -0.365086 -0.097753
0.082609 -0.355848 -0.104411
-0.052626 -0.410496 -0.102119
0.093296 -0.408870 -0.105949
0.026421 -0.384629 -0.100998
0.117798 -0.062060 -0.073603
0.000032 0.084594 -0.115864
-0.013771 0.153674 -0.116327
-0.138278 -0.050747 -0.081558
0.153088 -0.168896 -0.047848
-0.155160 -0.355864 -0.076451
-0.124114 -0.245625 -0.101422
-0.008343 -0.273922 -0.123434
0.020424 -0.317862 -0.102408
0.109007 0.030987 -0.067706
0.174938 -0.021635 -0.048496
0.146873 -0.089095 -0.012690
0.066121 0.129820 -0.114903
-0.098396 0.066418 -0.109063
-0.077162 0.161802 -0.122172
-0.162895 -0.086753 -0.050134
-0.197462 -0.008183 -0.071907
0.169756 -0.268409 -0.054161
0.173202 -0.155482 0.005743
-0.164678 -0.296249 -0.069148
-0.161018 -0.210094 -0.062364
-0.141695 -0.405248 -0.071505
0.133609 -0.404783 -0.074123
0.148035 -0.334708 -0.069685
0.065815 -0.299693 -0.119781
-0.136739 0.115893 -0.095604
0.184466 -0.234771 -0.004573
-0.160014 -0.152107 -0.045779
-0.024317 -0.366911 -0.117832
0.113214 -0.304303 -0.101034
-0.156002 0.071989 -0.067994
-0.061698 0.107393 -0.124850
-0.056369 -0.315626 -0.116511
-0.083348 -0.269288 -0.121969
0.103537 0.104369 -0.091748
0.194792 -0.035286 0.006099
0.033953 0.171198 -0.112354
-0.049842 0.051894 -0.117934
0.184636 -0.330056 -0.029441
-0.102897 -0.189796 -0.103748
0.054307 0.066027 -0.104891
0.013434 0.017412 -0.102767
-0.005455 -0.115314 -0.094297
-0.040803 -0.167826 -0.105033
-0.051209 -0.217574 -0.121649
-0.123654 -0.115416 -0.066863
-0.065410 -0.072078 -0.090476
0.065766 -0.126090 -0.079913
-0.123659 0.004581 -0.073708
-0.077259 -0.135138 -0.088589
-0.071934 -0.007855 -0.107315
0.026993 -0.075538 -0.079148
0.055462 -0.187972 -0.105661
0.082463 -0.022244 -0.071841
0.120141 -0.119124 -0.049914
0.099742 -0.170641 -0.088066
0.143415 -0.219605 -0.074129
0.164565 0.041185 -0.075458
0.034107 -0.235337 -0.119564
-0.279890 0.111293 0.002292
-0.338250 0.122240 -0.005215
-0.338886 0.176666 0.014986
-0.348755 0.232319 0.011005
-0.370804 0.251128 -0.046690
-0.355228 0.195798 -0.070274
-0.341959 0.137922 -0.075451
-0.106973 0.267154 -0.061382
-0.152172 0.272588 -0.029140
-0.274263 0.122037 -0.051999
-0.280530 0.188813 0.021781
-0.243822 0.257899 -0.045566
-0.236918 0.176523 -0.082323
-0.225990 0.259743 0.013025
-0.196974 0.209671 -0.072012
-0.294628 0.185304 -0.071278
-0.302327 0.246710 -0.048407
-0.166172 0.277533 0.020457
-0.281348 0.242882 0.006789
-0.166842 -0.591993 -0.128094
0.125840 -0.528855 -0.157534
0.116930 -0.735315 -0.160620
0.054626 -0.741034 -0.169358
-0.046465 -0.736546 -0.137951
-0.096943 -0.734348 -0.128494
-0.128815 -0.304811 -0.123368
-0.063672 -0.714599 -0.096241
-0.148424 -0.640666 -0.132328
-0.138066 -0.445991 -0.117906
0.129570 -0.663136 -0.176706
-0.164733 -0.730678 -0.128811
-0.004470 -0.198817 -0.132374
-0.151551 -0.544261 -0.126249
0.075646 -0.697424 -0.188099
0.122311 -0.467847 -0.142150
0.133513 -0.593923 -0.162048
-0.079627 -0.673940 -0.161126
0.016356 -0.694021 -0.150641
-0.111871 -0.683293 -0.109003
-0.099363 -0.638517 -0.083224
-0.129294 -0.498665 -0.119789
0.044840 -0.346527 -0.139720
0.056238 -0.400313 -0.140306
0.018764 -0.445444 -0.148698
-0.033873 -0.430776 -0.160057
-0.015249 -0.482533 -0.166475
0.067809 -0.536013 -0.155468
-0.098505 -0.527718 -0.093117
-0.081333 -0.449272 -0.134218
0.068665 -0.637057 -0.178187
0.018186 -0.526396 -0.153362
0.002175 -0.621107 -0.152496
-0.063796 -0.594671 -0.161383
-0.098889 -0.610275 -0.128104
-0.078736 -0.498307 -0.150024
0.040687 -0.590211 -0.162025
-0.089945 -0.550323 -0.138528
0.166782 -0.745196 0.075285
0.155697 -0.693613 0.094569
0.157827 -0.633197 0.099605
0.159203 -0.581899 0.103138
0.161191 -0.522396 0.106977
0.193525 -0.732749 -0.055323
0.254167 -0.730254 -0.052151
0.280078 -0.730529 0.010493
0.235160 -0.740894 0.076698
0.149493 -0.715134 -0.125674
0.261782 -0.677292 0.002874
0.208425 -0.651449 0.096707
0.163996 -0.670866 -0.073252
0.218231 -0.679609 -0.057445
0.215570 -0.575771 0.092315
0.164291 -0.429960 -0.104817
0.184619 -0.393782 -0.072101
0.168617 -0.521671 -0.111258
0.216704 -0.290795 -0.004939
0.149708 -0.253648 -0.110282
0.213543 -0.621223 -0.042218
0.205490 -0.502982 0.089267
0.242355 -0.610465 0.042372
0.195561 -0.526658 -0.068279
0.245498 -0.679379 0.061515
0.166385 -0.591815 -0.084279
0.213384 -0.494793 -0.027420
0.206243 -0.566947 -0.037378
0.237875 -0.454856 -0.006931
0.254448 -0.515445 0.000148
0.234381 -0.536438 0.048863
0.253179 -0.575580 -0.021288
-0.184249 -0.745589 0.131361
-0.250919 -0.733463 0.075385
-0.219443 -0.740525 0.008014
-0.261429 -0.737667 -0.058215
-0.207337 -0.745502 -0.076912
0.192148 -0.747998 0.124536
0.158718 -0.751206 0.162108
0.044341 -0.753570 0.158202
-0.035753 -0.751175 0.155797
-0.105439 -0.749199 0.167482
-0.250662 -0.682157 -0.067637
-0.166296 -0.295317 0.113338
0.101639 -0.753656 0.160703
0.160978 -0.444556 0.145930
-0.213529 -0.692799 0.112980
-0.189058 -0.488252 -0.099140
-0.053131 -0.695738 0.162463
-0.187332 -0.700825 -0.091442
-0.237590 -0.686520 0.052965
-0.196169 -0.324522 0.082206
-0.193950 -0.164665 0.047478
0.058993 -0.691889 0.164907
-0.188913 -0.637473 -0.102551
-0.219464 -0.678233 0.001688
-0.213817 -0.593854 -0.080080
-0.061305 -0.192578 0.177833
-0.242006 -0.607081 -0.026104
-0.209332 -0.610987 0.017567
0.192675 -0.687595 0.127958
-0.135813 -0.705466 0.167623
-0.169942 -0.666105 0.151933
0.141199 -0.695128 0.156949
-0.052564 -0.359897 0.151085
0.008706 -0.368515 0.156275
-0.204477 -0.555420 0.021639
-0.231234 -0.527514 -0.013385
0.155337 -0.645196 0.161586
-0.199015 -0.545072 -0.095912
0.165167 -0.552806 0.151710
0.184394 -0.600813 0.147067
0.105857 -0.567857 0.149656
-0.105341 -0.373185 0.147759
-0.071782 -0.431481 0.150411
0.135944 -0.503281 0.154537
-0.239194 -0.549419 -0.059522
0.054954 -0.408464 0.159342
-0.006847 -0.655911 0.160843
-0.052031 -0.633662 0.162654
-0.201626 -0.639154 0.118148
-0.079616 -0.499599 0.156558
-0.150276 -0.520482 0.130975
-0.195929 -0.522128 0.108935
0.062846 -0.506392 0.161478
-0.006256 -0.436958 0.157252
-0.221781 -0.611515 0.067201
-0.119054 -0.631340 0.160497
-0.138240 -0.581526 0.153421
-0.192281 -0.578447 0.122806
-0.024759 -0.493083 0.158307
-0.203443 -0.456504 0.064774
-0.228107 -0.453184 -0.014041
-0.011848 -0.540709 0.175306
0.032956 -0.623578 0.170892
0.083638 -0.639906 0.157856
-0.090101 -0.564627 0.155793
0.046816 -0.556359 0.169514
