-0.029276 0.463977 0.885363
-0.180009 0.427188 0.886063
-0.107559 0.534244 0.838459
0.181474 0.724126 0.665364
-0.251505 0.338764 0.906633
-0.498128 -0.066352 0.864561
-0.915452 0.147200 0.374539
-0.992145 -0.121832 0.028395
-0.549641 -0.370790 0.748605
-0.710925 -0.289773 0.640794
-0.988483 0.105428 0.108566
-0.971271 0.179153 -0.156645
-0.965037 0.124853 -0.230468
-0.945331 0.006336 -0.326052
-0.902439 0.050661 -0.427830
-0.941094 0.005311 -0.338102
-0.925155 0.029764 -0.378422
-0.981153 0.024689 0.191651
-0.595681 -0.088024 0.798383
-0.287800 -0.197812 0.937039
-0.277890 -0.373216 0.885148
0.314107 -0.309046 0.897679
-0.299773 -0.066776 0.951671
0.065967 -0.216088 0.974143
0.687474 -0.061633 0.723589
0.645648 0.213042 0.733316
0.964117 -0.019952 0.264727
0.995852 -0.023763 0.087827
0.975567 0.108610 0.190979
0.961480 0.137680 0.237908
0.918425 0.254957 0.302477
0.938685 -0.019597 0.344219
0.778512 -0.624914 0.058315
0.847098 -0.272423 0.456301
0.701905 -0.566339 0.431960
0.570860 0.037878 0.820173
0.326313 0.390837 0.860678
0.135844 0.553582 0.821641
0.031678 0.567534 0.822740
-0.068052 0.603792 0.794232
-0.425767 -0.305297 0.851772
-0.983668 -0.107414 0.144429
-0.185620 -0.223661 0.956829
-0.230263 0.469876 0.852171
0.105126 0.130264 0.985890
0.827534 -0.082464 0.555327
0.105252 0.171415 0.979561
-0.567542 0.035074 0.822597
-0.065532 -0.016986 0.997706
-0.850008 0.045025 0.524843
-0.029147 0.423531 0.905412
0.007919 -0.079992 0.996764
0.601969 0.080324 0.794469
-0.347827 -0.091919 0.933042
-0.184063 -0.033215 0.982353
-0.674655 -0.055947 0.736010
0.628828 -0.047849 0.776070
0.236432 -0.216366 0.947252
-0.521186 -0.167152 0.836914
-0.131949 0.558749 0.818773
-0.792086 0.142585 0.593523
0.739447 0.100314 0.665699
0.448209 0.032358 0.893343
-0.882225 0.054599 0.467652
0.664312 -0.099854 0.740756
0.308935 0.480907 0.820541
-0.994738 0.043991 0.092526
-0.860121 0.014745 0.509877
0.677624 0.113596 0.726582
0.713774 0.089953 0.694576
0.802829 -0.167861 0.572091
-0.269971 -0.155870 0.950168
0.802956 -0.285549 0.523186
-0.976338 -0.042832 0.211964
-0.983830 0.015960 0.178390
-0.915775 0.100347 0.388956
0.680401 -0.108773 0.724722
0.339274 -0.055504 0.939049
0.500694 -0.045321 0.864437
0.751768 0.003982 0.659416
-0.297421 0.061423 0.952769
-0.678014 0.018540 0.734815
0.000725 0.079331 0.996848
-0.907221 -0.062529 0.415981
0.588877 -0.068880 0.805282
0.529707 -0.032291 0.847565
-0.193322 -0.269284 0.943458
0.006295 0.079764 0.996794
-0.424247 -0.131507 0.895947
-0.850388 -0.046137 0.524129
0.263939 -0.082173 0.961033
0.070190 -0.263069 0.962220
0.268178 -0.372749 0.888335
-0.194259 -0.311705 0.930109
-0.119209 -0.007571 0.992840
-0.078953 -0.012577 0.996799
-0.082750 -0.420272 0.903617
-0.629087 0.066629 0.774474
-0.597886 0.099447 0.795389
-0.328362 0.222705 0.917922
-0.625423 0.225642 0.746948
-0.353272 -0.010999 0.935456
-0.014786 0.036514 0.999224
-0.203462 0.157711 0.966297
0.325922 -0.090451 0.941060
0.185239 0.582620 0.791353
-0.257226 0.147565 0.955018
-0.141155 0.565753 0.812403
0.242957 -0.862470 0.443979
0.186575 -0.598447 0.779135
-0.352899 0.023689 0.935362
-0.276343 0.598674 0.751814
-0.062036 0.983836 -0.167981
0.000345 -0.011953 -0.999929
-0.299779 -0.647060 -0.701032
0.787324 -0.398277 -0.470635
-0.177157 0.077718 -0.981109
0.582250 -0.214172 -0.784293
0.373971 0.078958 -0.924073
0.185608 0.398170 -0.898337
0.334392 0.677936 -0.654664
0.005602 0.986939 -0.160995
0.298939 0.145705 0.943083
0.146058 0.914290 -0.377809
0.174853 -0.529456 -0.830122
0.005551 0.536880 -0.843640
0.379860 0.110293 0.918445
0.010817 0.030219 -0.999485
0.296713 0.783911 0.545385
0.325355 0.306536 0.894528
-0.058610 0.925773 -0.373509
0.178933 -0.221248 -0.958662
0.272295 -0.147199 -0.950888
0.013301 0.886325 -0.462872
0.140919 0.602613 0.785493
0.715044 0.057014 -0.696751
0.126748 0.144617 -0.981336
0.600250 -0.060630 -0.797511
-0.271361 -0.262166 -0.926084
0.308729 -0.394635 -0.865419
-0.192445 -0.308300 -0.931620
-0.387137 -0.233372 -0.891999
-0.881132 0.086834 -0.464828
0.279312 0.053022 -0.958735
-0.448691 -0.012526 -0.893599
-0.372271 0.336733 -0.864885
-0.183817 0.342257 -0.921451
-0.184711 -0.041291 -0.981925
0.611894 -0.102805 -0.784230
0.265762 0.094582 -0.959388
-0.070147 -0.109743 -0.991482
-0.046519 0.144110 -0.988468
-0.345227 -0.204495 -0.915970
0.310709 0.072141 -0.947764
-0.737558 -0.053035 -0.673198
0.461791 -0.412048 -0.785472
0.104793 -0.156000 -0.982182
0.131289 0.140654 -0.981315
0.071809 0.012325 -0.997342
0.780072 0.252682 -0.572397
-0.530272 -0.086059 -0.843449
-0.562433 0.057708 -0.824826
0.257936 -0.071671 -0.963500
-0.077174 -0.193715 -0.978018
0.226725 -0.039292 -0.973166
0.688868 -0.509772 -0.515357
0.914250 -0.197643 -0.353671
0.095405 -0.022826 -0.995177
-0.355361 -0.111091 -0.928104
-0.158383 0.146915 -0.976387
-0.687298 -0.509513 -0.517705
-0.559936 -0.336908 -0.756944
0.811833 0.148036 -0.564812
0.948316 0.291292 -0.125877
-0.738311 0.001995 -0.674458
-0.806030 0.085049 -0.585733
-0.084483 -0.117613 -0.989459
0.760529 -0.285177 -0.583327
0.746953 -0.176179 -0.641110
0.360286 -0.101032 -0.927354
-0.568917 -0.017361 -0.822212
0.955773 0.179721 -0.232806
-0.787470 0.333510 -0.518327
-0.033955 -0.097746 -0.994632
0.337905 -0.201003 -0.919466
-0.171128 -0.047104 -0.984122
-0.018781 -0.056781 -0.998210
0.071725 -0.164001 -0.983849
-0.271914 -0.037563 -0.961588
0.475695 -0.328438 -0.815992
0.660585 -0.740718 -0.122328
-0.058010 0.256328 -0.964848
0.066286 -0.108573 -0.991876
0.905248 -0.113021 -0.409576
-0.352623 0.273276 -0.894973
0.165786 -0.332237 -0.928511
0.140944 -0.196249 -0.970372
0.058980 0.031620 -0.997758
0.007912 0.376875 -0.926231
-0.031991 0.222582 -0.974389
-0.618685 -0.124233 -0.775755
-0.390163 -0.184968 -0.901976
0.246614 0.283044 -0.926859
-0.418154 -0.147026 -0.896399
-0.303514 0.295417 -0.905874
-0.367606 -0.200561 -0.908097
0.298925 0.033250 -0.953697
0.114940 0.347635 -0.930558
0.067962 0.048661 -0.996501
0.589310 0.384462 -0.710565
0.337205 0.383289 -0.859874
0.699893 0.141748 -0.700041
-0.067899 0.131024 -0.989051
0.093955 0.149062 -0.984354
-0.221742 -0.683984 0.694979
-0.186441 -0.688517 0.700846
-0.064171 -0.182028 0.981197
-0.063649 0.530380 0.845367
-0.022140 0.926588 -0.375425
-0.023547 0.109302 -0.993730
0.114147 -0.479466 -0.870105
-0.252389 0.773888 -0.580859
-0.102226 0.880032 -0.463781
-0.101283 -0.420180 -0.901771
0.057541 -0.190492 0.980001
-0.164709 0.831283 -0.530885
-0.034888 0.129832 -0.990922
-0.314856 0.767901 0.557847
-0.020493 0.137917 -0.990232
0.040737 -0.090375 -0.995074
-0.049837 0.834303 -0.549048
-0.218342 0.836456 0.502662
-0.154804 0.751992 0.640737
-0.232112 0.028617 -0.972268
0.568961 0.176704 -0.803156
0.866966 -0.465963 -0.176774
-0.460129 -0.198922 -0.865281
-0.197061 -0.125258 -0.972357
-0.958528 -0.038269 0.282417
-0.482703 -0.149916 -0.862858
-0.734798 -0.112607 -0.668873
0.315059 0.040592 -0.948204
-0.168690 0.106029 -0.979950
0.460916 0.130113 -0.877854
-0.464515 -0.023262 -0.885260
0.064260 0.192400 -0.979210
0.067866 0.023015 -0.997429
-0.212464 -0.046844 -0.976045
0.292400 0.262584 -0.919539
0.569742 0.115124 -0.813720
0.023138 -0.045849 -0.998680
-0.158484 -0.062933 -0.985354
0.868171 -0.000052 -0.496265
0.193687 0.002650 -0.981060
0.304403 0.037906 -0.951789
0.109279 -0.008299 -0.993976
0.105480 0.030842 -0.993943
0.321217 0.150185 -0.935021
-0.234714 0.222121 -0.946347
0.279703 0.012185 -0.960009
-0.064631 0.211657 -0.975205
-0.077741 -0.071916 -0.994376
-0.534880 0.033617 -0.844259
-0.178405 0.225973 -0.957658
0.216354 0.049096 -0.975080
-0.175093 -0.072707 -0.981864
-0.416168 0.081007 -0.905672
-0.969666 -0.127924 0.208288
-0.818688 0.155525 -0.552777
0.100879 0.124765 -0.987045
-0.988118 0.153651 0.003754
-0.508153 0.016339 -0.861112
0.754898 0.323712 -0.570386
0.996328 -0.083610 -0.018423
0.999765 0.010275 0.019072
0.987759 -0.018630 0.154868
0.378016 -0.238077 -0.894664
0.691387 0.068414 -0.719238
0.953037 0.070665 -0.294495
0.833398 0.253442 0.491136
0.953805 0.024512 -0.299425
0.888217 0.074303 -0.453376
0.246761 0.011123 0.969012
0.732368 0.070490 -0.677250
-0.049965 0.017698 -0.998594
0.549386 0.179347 0.816094
0.691607 0.133567 -0.709817
0.716962 0.098495 -0.690119
0.859680 0.073701 -0.505488
0.971183 0.109740 -0.211567
0.660643 0.097794 -0.744303
0.164949 0.231399 -0.958773
0.740000 0.062363 0.669710
0.744188 0.110960 0.658690
0.785411 -0.136200 -0.603804
0.567304 0.041407 0.822467
0.972842 -0.106467 -0.205531
0.794361 -0.015226 -0.607255
0.830849 0.018729 -0.556183
0.955990 0.144339 -0.255438
0.965136 0.250759 0.075044
0.946689 0.064399 0.315646
0.464501 0.137199 -0.874880
-0.549941 0.156498 0.820410
-0.950591 0.310199 0.012404
-0.990351 0.111148 -0.082770
-0.912496 -0.048599 0.406189
-0.551796 0.267520 -0.789908
0.875074 -0.043976 -0.481987
-0.234250 0.099487 0.967073
0.274226 0.025409 0.961329
-0.265146 -0.080873 0.960811
0.217872 0.305706 0.926863
-0.601335 0.101643 -0.792505
-0.641375 0.105753 0.759905
-0.069565 0.124254 0.989809
0.589365 0.137081 0.796151
-0.381658 0.015710 0.924170
-0.752133 0.272505 -0.600030
-0.396471 -0.015783 0.917911
-0.903956 0.005610 -0.427588
-0.989131 0.147033 -0.001101
-0.829747 0.045024 0.556321
-0.931757 0.179076 0.315851
0.207227 0.002416 0.978290
-0.853523 -0.221370 -0.471693
-0.947353 0.053213 0.315738
-0.806035 -0.037809 -0.590659
-0.347957 -0.202669 0.915342
-0.738256 0.134754 0.660923
-0.991270 0.082319 0.102991
0.990583 0.111953 -0.078816
-0.049076 -0.072876 0.996133
-0.796777 -0.002555 0.604269
-0.283517 -0.026404 0.958604
-0.067485 0.065434 0.995572
-0.072939 0.067945 0.995019
-0.989977 -0.005736 0.141110
-0.940440 -0.006694 0.339893
0.001826 0.094383 0.995534
-0.702150 0.035106 -0.711163
0.310761 0.043129 0.949509
0.917880 0.108064 0.381861
-0.226999 -0.039924 0.973076
-0.167134 -0.009500 0.985888
-0.188587 0.093939 0.977553
0.131186 0.084713 0.987732
-0.425922 0.134046 -0.894775
-0.149827 -0.043064 0.987774
0.214465 -0.077342 0.973665
0.113443 -0.107024 0.987763
-0.765471 0.057595 0.640888
-0.196615 0.024868 0.980165
-0.223329 0.142003 0.964344
-0.717303 0.114676 0.687259
0.375844 0.033061 0.926093
-0.099877 0.066591 0.992769
-0.903671 0.165897 0.394787
0.215139 0.102924 0.971145
0.148858 0.289712 0.945467
-0.607653 0.094741 0.788532
-0.409790 0.147992 0.900095
-0.980415 0.131021 0.147040
-0.997789 0.039881 0.053172
-0.282627 -0.003908 0.959222
0.219632 -0.061798 0.973624
0.257862 -0.041259 0.965301
-0.051704 0.039396 0.997885
0.276543 -0.085911 0.957154
