2 40 51 60 108 
1 3 44 51 60 
2 4 5 44 60 
3 5 222 223 232 
3 4 6 44 232 
5 7 56 228 232 
6 8 56 59 225 
7 9 143 215 224 
8 10 59 67 171 
9 11 67 84 171 
10 12 84 171 183 
11 13 76 176 183 
12 14 76 175 176 
13 15 75 161 175 
14 16 42 161 177 
15 17 42 161 177 
16 18 42 142 177 
16 17 19 42 68 
18 20 42 54 68 
19 21 54 55 68 
20 22 54 55 58 
21 23 24 55 58 
21 22 24 52 58 
23 25 46 52 58 
24 26 27 46 80 
25 27 46 136 149 
26 28 46 136 149 
27 29 46 149 194 
28 30 62 69 182 
29 31 69 174 182 
30 32 70 73 174 
31 33 70 73 174 
32 34 65 73 191 
33 57 65 71 191 
36 71 109 116 127 
35 37 53 127 130 
36 38 66 129 130 
37 39 66 122 129 
38 40 66 106 122 
1 39 66 106 108 
81 82 87 94 98 
15 16 18 68 74 
51 60 89 90 100 
2 3 5 50 60 
52 62 91 93 96 
25 26 27 28 80 
53 78 106 107 108 
54 64 68 81 88 
55 72 88 96 97 
44 56 59 60 90 
1 2 43 60 108 
23 24 45 72 80 
36 57 66 77 106 
19 20 48 55 68 
21 22 49 58 88 
6 7 44 50 59 
34 53 65 71 77 
22 23 49 55 72 
9 50 56 67 90 
1 2 43 44 51 
76 82 84 98 99 
29 45 69 80 91 
70 85 86 103 105 
48 74 75 76 81 
33 57 73 77 79 
37 38 39 53 106 
9 10 84 89 90 
19 42 48 54 74 
29 30 62 86 91 
31 32 63 73 86 
34 35 57 116 191 
45 49 52 58 96 
32 33 63 65 70 
15 42 64 68 75 
13 14 15 64 74 
12 13 64 75 82 
47 53 57 65 78 
47 77 79 83 107 
65 77 78 83 85 
28 45 46 52 62 
41 48 64 87 88 
41 61 64 76 98 
78 79 100 104 107 
10 11 61 67 99 
63 70 79 103 105 
63 69 70 91 93 
41 81 88 94 97 
48 49 55 81 87 
43 67 90 99 101 
43 50 59 67 89 
45 69 86 93 96 
93 94 95 97 105 
86 91 92 96 105 
41 87 92 95 97 
92 94 102 103 105 
45 49 72 91 93 
49 87 88 94 96 
41 61 82 99 102 
61 84 98 101 102 
43 83 101 104 107 
89 99 100 102 104 
95 98 99 101 104 
63 85 95 104 105 
83 100 101 102 103 
63 92 93 95 103 
40 47 53 66 108 
47 78 83 100 108 
1 40 47 51 106 
35 110 111 125 127 
109 111 115 123 125 
109 110 112 123 135 
111 113 123 131 135 
111 112 114 131 135 
113 115 125 131 132 
109 110 114 125 132 
35 117 133 166 213 
116 118 133 190 213 
117 119 126 128 190 
118 120 121 126 168 
119 121 148 168 192 
119 120 122 126 134 
38 39 121 126 134 
111 112 127 130 135 
128 129 131 134 135 
109 110 115 132 133 
118 119 124 128 134 
35 36 109 123 130 
118 124 126 132 133 
37 38 124 130 134 
36 37 123 129 135 
112 113 114 124 135 
114 115 125 128 133 
116 117 125 128 132 
38 121 122 126 129 
112 123 124 130 131 
26 27 137 149 178 
136 138 149 154 178 
137 139 152 154 178 
138 140 152 154 155 
139 141 153 155 184 
140 142 151 153 177 
16 17 141 153 177 
8 144 172 186 224 
143 145 181 186 227 
144 146 170 181 229 
145 147 170 222 229 
146 148 158 170 222 
120 147 158 170 192 
27 28 136 137 194 
180 185 208 212 214 
153 161 177 184 188 
154 155 164 180 185 
140 141 151 155 184 
138 139 152 155 178 
139 152 154 164 184 
166 167 203 209 210 
158 187 193 196 197 
148 157 170 187 192 
171 172 201 202 204 
174 182 210 211 212 
14 15 151 175 177 
175 176 189 195 200 
164 188 189 200 214 
152 155 163 180 184 
166 190 196 209 213 
156 165 167 191 213 
33 156 174 191 210 
157 158 190 192 196 
181 186 187 193 204 
146 147 148 158 187 
10 11 159 183 201 
143 159 171 186 204 
179 182 185 194 212 
30 31 32 160 167 
13 14 15 161 162 
12 13 162 183 195 
15 16 142 151 161 
137 138 152 154 179 
152 173 178 185 194 
150 152 164 185 214 
144 145 169 170 186 
29 30 160 173 174 
11 12 171 176 201 
151 153 155 164 188 
150 152 173 179 180 
143 144 169 181 204 
157 158 169 170 193 
151 163 164 184 189 
162 163 188 195 200 
117 118 165 168 196 
33 34 71 166 167 
119 120 148 158 168 
157 169 187 197 206 
28 29 149 173 179 
162 176 199 200 205 
157 165 168 190 197 
157 193 196 206 209 
199 202 203 205 207 
195 198 200 205 208 
162 163 189 195 199 
159 171 183 195 205 
159 198 204 205 206 
198 207 208 210 211 
159 169 172 186 206 
195 198 199 201 202 
169 193 197 202 204 
156 197 198 203 209 
150 198 203 211 214 
156 165 196 197 207 
156 160 167 203 211 
160 203 208 210 212 
150 160 173 185 211 
116 117 165 166 190 
150 163 180 200 208 
8 216 217 224 225 
215 217 221 224 225 
215 216 218 225 233 
217 219 225 231 233 
218 220 230 231 233 
219 221 224 230 231 
215 216 220 224 230 
4 146 147 223 232 
4 146 222 229 232 
143 215 221 227 230 
7 215 217 218 233 
228 229 230 231 233 
144 224 226 229 230 
5 6 226 232 233 
144 145 146 226 227 
220 221 224 227 231 
219 220 226 230 233 
4 5 6 223 228 
218 225 226 228 231 
242 247 326 328 341 
249 250 261 287 289 
237 244 248 277 281 
236 238 248 252 264 
237 239 251 252 266 
238 241 251 254 268 
243 246 256 259 263 
239 251 253 254 268 
234 253 254 321 326 
247 255 262 263 319 
236 248 250 264 281 
242 253 308 321 326 
240 256 257 259 291 
234 255 262 319 341 
236 237 244 252 264 
235 257 261 287 289 
235 244 264 289 297 
238 239 241 267 268 
237 238 248 264 266 
234 241 242 245 254 
241 242 253 262 268 
234 243 247 262 319 
249 257 258 259 291 
249 256 258 260 265 
256 257 259 260 265 
258 260 263 265 269 
258 259 263 265 269 
235 249 264 265 270 
247 255 263 269 271 
259 260 262 269 271 
244 248 252 266 270 
258 260 261 266 270 
252 264 265 267 270 
251 266 268 269 271 
251 254 262 267 271 
259 260 262 263 271 
252 261 264 265 266 
262 263 267 268 269 
273 274 280 309 332 
272 274 283 309 332 
273 275 283 332 343 
274 276 286 342 343 
275 286 293 317 342 
278 281 284 285 292 
277 279 282 285 292 
278 280 282 285 296 
272 273 279 283 296 
236 244 250 277 284 
278 279 294 296 303 
273 274 275 286 296 
277 281 285 292 297 
277 278 284 292 299 
275 283 293 294 302 
235 249 288 289 295 
249 287 295 298 300 
235 250 287 295 297 
287 288 291 298 300 
246 256 257 288 290 
284 285 295 299 303 
275 276 286 302 317 
282 283 286 296 302 
289 292 297 298 299 
279 280 282 283 294 
284 289 292 295 299 
295 299 300 301 303 
292 295 298 301 303 
298 299 301 302 303 
298 299 300 302 303 
286 293 294 301 303 
282 292 298 299 301 
305 313 318 333 334 
304 306 318 322 327 
305 307 314 322 327 
306 308 314 321 327 
245 307 314 321 326 
272 273 310 332 335 
309 316 332 335 340 
310 312 316 325 350 
311 313 320 350 351 
304 312 320 333 359 
307 308 326 328 330 
323 324 336 345 363 
310 311 325 335 367 
276 293 342 347 349 
304 305 334 352 358 
243 247 255 341 348 
312 313 333 350 351 
242 245 308 314 326 
305 306 327 331 358 
315 336 345 363 364 
240 315 323 329 345 
311 316 350 366 367 
234 242 321 328 341 
306 307 322 330 331 
234 314 326 341 348 
315 324 336 337 345 
314 327 331 339 348 
322 327 330 338 358 
273 274 309 310 340 
304 313 320 334 359 
304 333 352 360 361 
309 310 316 332 340 
337 345 346 349 357 
336 345 346 349 357 
330 331 339 358 364 
330 331 338 348 364 
332 335 342 343 344 
234 247 319 328 348 
275 276 343 344 347 
274 275 332 340 342 
340 342 347 356 367 
315 323 336 337 346 
336 345 353 357 362 
276 317 342 343 344 
319 328 330 339 341 
317 336 337 356 357 
312 320 325 351 366 
320 350 359 365 368 
304 318 334 358 361 
346 354 362 365 368 
353 355 360 361 368 
354 358 360 361 363 
344 347 349 366 369 
336 337 346 349 362 
322 331 338 352 361 
333 334 351 360 368 
334 354 359 361 368 
334 352 354 355 358 
346 353 357 365 368 
323 338 354 355 364 
319 338 339 348 363 
353 357 362 366 369 
325 350 365 367 369 
325 335 344 366 369 
351 353 354 359 360 
344 356 365 366 367 
