0
2
4
6
10
13
16
18
20
22
24
26
28
30
32
34
36
39
42
44
46
48
50
52
55
58
60
62
64
66
68
70
72
74
76
79
82
85
90
92
95
96
97
98
100
101
103
106
107
111
112
118
122
132
133
137
151
161
164
169
217
219
220
222
239
241
242
262
280
281
288
303
323
333
340
349
376
378
384
406
417
425
458
493
499
506
515
523
537
547
569
576
577
587
592
622
633
641
653
656
706
719
720
739
783
799
811
828
874
876
878
880
883
886
888
892
894
896
899
902
904
906
913
914
915
917
920
922
923
936
963
982
991
994
1019
1099
1101
1104
1107
1110
1113
1115
1119
1121
1123
1126
1129
1131
1136
1137
1138
1146
1147
1152
1153
1174
1175
1176
1184
1186
1187
1188
1221
1222
1226
1227
1228
1229
1230
1231
1241
1242
1243
1244
1246
1247
1256
1264
1267
1283
1294
1305
1312
1324
1339
1358
1367
1404
1414
1444
1456
1471
1494
1527
1541
1562
1612
1613
1614
1617
1636
1639
1659
1677
1695
1724
1756
1765
1827
1841
1844
1851
1857
1890
1938
1940
1942
1944
1947
1950
1952
1956
1959
1963
1965
1966
1972
1976
1986
2015
2017
2028
2061
2153
2170
2171
2173
2175
2181
2191
2210
2251
2253
2257
2286
2367
2389
2434
2439
2442
2528
2594
2622
2641
2700
2706
2768
2780
2787
2789
2842
2845
2891
2933
2942
2959
2960
2993
3010
3102
3110
3152
3157
3161
3164
3170
3195
3199
3201
3203
3223
3691
3726
3736
3786
3795
3841
3850
3875
3893
3976
4001
4054
4085
4091
4103
4131
4182
4184
4191
4207
4257
4281
4371
4373
4378
4381
4385
4406
4409
4413
4414
4417
4468
4485
4495
4512
4532
4536
4668
4789
4924
4982
4991
4994
5022
5059
5092
5111
5169
5204
5260
5316
5333
5345
5358
5411
5482
5490
5503
5519
5558
5571
5583
5591
5595
5619
5643
5678
5690
5691
5703
5721
5739
5742
5759
5772
5781
5822
5833
5877
5890
5896
5960
5990
6016
6017
6041
6048
