1 2 3
2 4 5
6 7 8
9 10 11
12 13 14
15 16 17
18 19 20
15 17 21
22 23 24
25 26 27
28 29 30
31 32 33
34 35 36
37 21 38
39 40 41
42 25 43
22 44 45
46 47 48
49 50 51
26 52 53
54 55 56
57 58 59
55 16 60
61 62 63
64 65 52
66 16 15
40 33 32
67 68 69
46 70 61
63 46 61
71 19 72
66 60 16
73 47 74
75 74 47
76 34 36
29 41 40
40 39 33
64 77 65
57 78 79
30 29 80
81 71 82
21 37 15
20 54 56
83 67 69
32 31 62
84 85 86
19 18 72
48 47 73
61 32 62
87 71 72
45 88 38
28 30 89
90 18 20
91 80 29
60 56 55
35 81 82
86 92 84
48 70 46
22 24 93
37 38 88
34 76 58
78 57 94
26 53 95
92 96 84
97 35 82
98 68 79
99 100 101
101 102 99
57 59 94
103 104 22
90 20 56
105 32 61
48 73 106
29 40 91
40 32 91
15 37 66
77 28 107
108 74 75
50 109 110
74 106 73
104 44 22
42 43 100
58 76 59
107 28 111
112 71 87
65 77 107
113 67 83
114 99 115
70 105 61
22 93 103
82 71 112
56 60 116
28 117 111
79 78 98
24 23 118
32 105 91
119 68 98
18 90 120
88 121 37
45 44 88
122 123 96
72 18 124
18 120 124
28 89 117
69 68 119
76 36 125
123 108 75
48 106 70
27 26 126
37 121 66
118 23 49
90 56 120
66 121 60
24 118 93
25 27 126
70 127 105
124 87 72
128 94 59
111 117 129
130 106 74
85 131 86
132 99 102
133 127 70
106 133 70
94 128 78
108 123 122
131 85 114
101 100 134
126 26 95
135 80 91
36 35 125
43 25 136
115 99 132
96 92 137
113 83 138
129 117 89
116 120 56
52 65 139
91 140 135
140 91 105
141 140 105
139 142 53
51 118 49
60 121 116
122 96 137
78 119 98
88 143 121
80 144 30
136 25 145
53 52 139
100 43 134
76 125 146
146 59 76
44 147 88
25 126 145
112 87 124
134 43 148
112 149 82
150 82 149
109 113 151
144 80 135
30 144 89
105 127 152
152 141 105
102 101 134
130 133 106
125 35 97
69 119 153
95 53 142
83 69 153
154 83 153
44 104 155
86 131 156
111 129 157
120 116 158
114 115 131
158 116 121
154 138 83
108 159 74
160 107 111
92 86 156
113 138 151
128 59 146
50 110 161
104 103 155
140 141 152
151 110 109
140 144 135
162 93 118
124 120 163
164 118 51
165 144 140
143 88 147
133 166 127
166 133 167
120 158 163
143 158 121
44 155 147
150 97 82
159 108 168
108 122 168
144 129 89
111 169 160
143 147 158
152 165 140
122 137 170
50 161 51
152 127 166
171 130 74
171 74 159
125 172 146
132 102 134
136 148 43
173 138 154
130 174 133
139 65 107
165 152 166
119 78 175
153 119 175
133 174 167
147 155 176
165 166 167
97 150 177
103 93 178
124 149 112
107 160 179
137 92 156
151 138 173
180 124 163
167 157 165
174 130 171
51 161 164
145 126 181
129 144 165
165 157 129
111 157 169
181 126 95
110 151 182
149 124 180
183 157 167
155 103 178
170 168 122
180 163 184
162 118 164
139 107 185
97 177 186
187 142 139
125 97 186
142 181 95
179 160 169
188 169 157
183 167 174
158 147 176
148 136 189
107 179 185
188 157 183
153 175 190
154 153 191
175 78 128
181 192 145
189 136 192
187 139 185
154 191 173
179 169 193
194 128 146
175 128 194
136 145 192
150 149 195
193 169 188
125 186 172
196 142 187
161 110 182
188 183 193
132 134 197
158 176 184
193 183 174
148 197 134
178 93 162
170 137 198
137 156 199
182 151 200
158 184 163
175 194 190
178 201 155
189 197 148
176 155 202
155 201 202
203 201 178
164 161 204
174 171 205
193 174 206
191 153 190
172 207 146
208 193 206
185 179 209
210 149 180
206 174 205
115 132 211
195 186 177
198 137 199
177 150 195
171 159 205
199 156 212
197 189 213
156 131 214
204 215 164
205 159 216
189 192 217
179 193 208
162 164 215
142 218 181
190 194 219
178 162 203
115 220 131
194 146 207
200 151 173
168 216 159
202 184 176
217 213 189
198 221 170
132 197 211
220 115 211
191 190 219
173 191 222
170 221 168
223 184 202
149 210 195
223 180 184
208 206 205
204 161 182
168 221 216
209 179 208
219 194 207
218 224 181
217 192 225
210 180 223
208 205 216
162 215 226
191 219 227
222 191 227
201 228 202
203 162 226
212 156 214
142 196 218
215 204 229
200 173 222
209 208 216
220 214 131
192 181 225
228 223 202
201 203 228
230 231 232
172 186 233
221 198 234
204 182 200
185 235 187
185 209 235
225 181 224
213 211 197
221 236 216
210 223 237
238 239 240
241 242 243
209 216 236
233 186 244
209 236 235
245 236 221
195 210 246
228 237 223
247 248 249
251 228 203
195 252 244
245 221 234
237 228 251
186 195 244
224 218 253
254 255 256
257 258 259
204 200 260
252 195 246
261 262 263
246 210 264
210 237 264
226 215 265
266 267 268
269 270 271
251 203 259
233 207 172
215 229 265
272 273 274
226 259 203
200 222 275
235 236 278
236 245 278
279 280 281
282 283 284
285 286 287
288 289 290
291 292 293
264 237 251
260 200 294
200 275 294
295 296 297
298 299 300
303 304 305
306 307 308
309 310 311
312 313 314
315 316 317
318 319 320
309 311 321
322 323 324
325 326 327
328 326 329
330 331 324
332 333 334
335 336 337
338 339 340
341 342 343
344 345 298
346 347 348
349 350 351
352 353 351
354 355 356
357 358 359
306 360 361
362 363 364
365 366 367
368 369 370
351 371 349
372 373 374
375 376 377
378 376 289
379 380 381
382 383 384
385 386 387
283 388 284
389 390 391
392 390 393
394 395 396
397 398 399
227 219 400
401 288 402
403 404 405
406 407 408
409 410 411
412 413 414
415 416 417
418 419 420
421 243 422
423 424 425
426 8 7
427 428 429
430 431 432
433 434 435
436 437 438
439 440 395
441 440 442
444 445 446
447 448 449
450 451 452
453 454 343
455 454 456
457 458 459
460 461 462
463 464 465
466 467 468
469 470 421
471 472 473
474 475 476
477 478 459
479 480 481
348 482 483
486 487 488
490 491 492
493 494 495
496 285 480
497 498 499
500 501 502
503 504 505
506 507 508
363 509 510
511 512 513
514 515 516
302 517 518
519 520 521
522 523 524
525 526 527
528 529 530
531 304 532
533 534 535
536 537 538
539 220 540
541 542 543
544 545 546
547 548 549
550 551 552
553 554 555
556 557 11
558 559 555
399 560 400
561 562 563
564 513 565
566 567 568
307 569 570
571 572 573
421 574 469
451 381 575
576 577 578
553 319 579
580 581 527
582 583 584
585 586 587
588 589 590
591 284 592
593 594 595
596 597 598
529 528 564
599 600 601
602 603 604
444 605 606
607 471 608
609 610 611
612 613 614
615 616 617
620 621 622
623 624 625
626 317 316
627 628 629
630 631 632
634 492 635
636 637 638
3 639 1
469 640 470
641 642 643
644 645 646
647 648 649
650 651 652
585 653 654
655 656 657
658 659 660
661 662 663
664 665 666
667 668 669
670 668 671
673 545 544
674 675 676
677 678 679
680 681 682
665 683 666
684 685 686
687 688 689
461 690 287
269 356 270
691 692 693
523 694 524
687 695 696
697 698 699
700 701 702
392 703 390
315 317 704
705 706 707
708 709 710
711 712 230
599 713 252
714 558 715
716 717 718
719 720 721
722 723 724
725 726 727
728 729 730
731 729 732
361 733 569
734 674 565
735 736 737
738 739 740
741 742 743
744 745 746
747 688 748
749 750 751
752 753 754
755 487 756
757 758 759
760 761 762
441 442 763
764 765 766
767 768 769
607 770 771
772 411 410
773 706 774
412 706 775
776 777 778
615 617 283
779 614 780
781 782 783
552 784 785
710 786 708
418 787 788
620 622 789
790 791 792
793 794 795
796 797 798
799 800 801
804 805 806
807 808 809
810 811 812
813 814 815
816 814 817
749 818 819
820 821 822
823 651 824
651 316 315
825 455 456
826 827 828
829 830 831
832 757 833
376 290 289
462 834 460
835 836 837
838 839 429
325 840 841
484 842 485
487 486 756
843 844 845
846 844 847
848 849 479
850 849 670
851 852 853
854 366 855
856 857 858
859 860 705
828 861 862
353 837 351
863 864 865
866 717 867
541 868 869
870 871 872
873 432 431
753 874 538
875 876 877
878 879 880
882 883 884
885 883 886
887 888 889
890 891 867
825 892 893
894 627 895
896 897 898
899 378 900
886 901 902
903 901 882
904 905 906
907 908 909
910 907 911
912 913 914
915 913 916
917 603 305
918 919 920
318 922 319
299 298 345
923 345 924
925 926 927
928 929 930
822 821 931
408 932 598
933 934 573
935 936 937
599 246 600
212 938 199
3 939 639
940 941 942
943 944 945
946 947 948
949 950 951
952 950 953
954 955 956
263 262 957
958 262 959
961 962 963
433 964 434
965 896 898
8 966 897
514 967 968
969 970 971
247 746 972
973 974 332
574 975 469
976 977 372
335 337 973
978 979 980
981 474 982
983 984 985
534 715 986
987 988 989
990 991 992
990 993 994
596 995 996
997 998 999
288 1000 289
646 1001 1002
421 422 1003
1004 948 1005
1006 1007 1008
679 1009 1010
1011 1012 1013
352 351 350
1016 1017 1018
248 1019 420
1020 1021 1022
1023 940 1024
491 1025 1026
1027 1028 1029
1030 1031 1032
1033 1034 1035
1036 1037 904
872 1038 1039
1040 599 601
246 599 252
826 1041 1042
1043 1044 1045
8 426 966
1046 1031 1047
414 1048 707
1049 11 1050
1051 1049 1052
1053 6 896
1054 506 271
875 387 876
1057 512 1058
1059 692 691
700 1060 1061
500 613 501
1064 1001 1065
1066 1001 1067
1068 1042 1069
1070 1071 1072
1073 695 1074
1075 1076 1077
1078 1079 1080
240 1081 1082
1083 1084 1085
1086 1084 1087
895 1088 894
1089 1090 1091
776 1090 1092
1093 453 1094
453 456 454
1095 1096 1097
1099 667 920
1100 1101 1102
1103 1104 1105
1106 1107 1108
415 1109 1110
1111 1109 1077
492 1112 635
1044 1043 1113
702 1114 705
1115 1116 490
464 1117 1118
1119 1070 1120
1121 1119 1122
1123 1124 1125
1126 1127 1128
1129 1130 1131
987 325 841
325 989 326
1132 930 1133
1134 936 1135
937 936 1120
512 1136 1137
1138 1139 1068
1140 1141 234
1142 1018 1017
1143 1142 1017
630 517 302
1144 389 391
612 614 1145
1146 1147 1148
1149 1141 1150
1151 903 882
903 1152 1153
1154 1155 958
1156 797 796
1157 789 478
1158 1115 1159
1160 1161 1162
1095 1163 1096
1164 1163 1165
1166 1061 1060
792 635 1112
1167 1168 1169
1170 1048 807
1171 1031 1030
988 1172 1173
722 1174 980
1043 1175 1176
1177 1178 624
1179 257 265
342 1180 343
789 1181 620
1182 684 1183
1184 1185 249
1186 1187 1006
1188 1189 1190
259 265 257
1191 1049 1051
1192 1193 1194
1195 1196 1197
1198 1199 1200
1191 1201 556
1202 834 536
1203 1204 1205
717 1072 1206
1207 442 1208
763 442 1209
1055 1210 1211
1212 1213 1076
368 370 468
1075 781 997
753 1214 874
1215 1214 909
1216 1217 1218
1219 1220 1029
352 1221 353
1222 1223 1224
1225 1226 1227
1228 715 558
1229 1230 1231
539 938 212
725 1232 1233
1234 14 13
1235 1236 1237
1238 1239 868
665 1240 683
1028 1027 1020
1241 1242 649
1243 523 1244
735 1245 1246
1247 1245 1248
540 1249 539
1250 1251 567
1036 336 1252
1186 741 1118
1158 942 1115
368 468 1074
1253 714 715
467 1074 468
876 1203 877
1114 1254 1255
1152 861 1256
1164 1220 1257
1220 1258 447
435 1259 1260
1261 1262 291
1263 1264 1265
1266 1267 1268
1102 1032 1269
1270 1271 760
1272 1273 1274
570 733 1225
1176 1113 1043
346 348 1275
645 644 1276
646 1065 1001
388 1277 592
1278 1279 1280
1281 1031 1171
1282 1153 1256
1283 1110 1284
1285 960 1286
1170 859 1048
803 802 1287
1288 874 593
966 488 1136
368 689 369
1281 1047 1031
536 1288 1202
1288 538 874
1291 1292 1293
1294 1295 1296
1297 1295 1298
1299 1300 1301
700 702 1060
887 1302 1303
1304 1208 440
1305 804 1253
570 1225 1306
1307 1308 1227
1309 673 544
856 551 1310
552 551 858
555 1228 558
1261 1311 1128
621 620 1130
1312 1313 1314
239 238 1315
1316 1317 1318
1319 1320 1321
1322 1323 1324
686 1325 1326
1327 1328 1329
1330 1331 1332
1333 1321 1334
348 1003 422
1335 1231 1230
367 1336 1337
1266 1268 1111
1338 1339 1340
1339 961 1341
645 1276 1342
1343 1270 1344
1023 1345 1346
1347 1348 1349
1350 732 1351
1352 1353 1354
1355 1356 1357
718 1358 716
1162 1359 1360
1361 464 1243
1362 759 1363
785 1364 1365
1366 1283 831
1367 1267 1368
768 344 769
1025 491 1116
1320 723 1334
724 723 1369
1370 518 1371
1124 1372 567
500 1365 1373
1374 1375 543
1376 1377 493
1378 1379 1380
1381 1382 1383
1313 1384 1385
1386 1387 561
1388 1389 1099
577 675 984
1294 1298 1295
769 524 767
1390 1391 1392
615 1393 232
595 1394 593
373 1395 374
613 1396 1397
357 1398 919
358 357 1399
1215 593 874
632 1400 630
1401 1402 1403
1404 1401 1405
1406 1380 1407
1408 1409 1317
1410 1411 1412
1413 1248 254
1414 621 1415
1416 1417 1418
693 1415 1130
1419 1420 556
1185 371 838
1421 355 445
7 355 426
1422 292 1423
293 292 1424
1425 709 1426
1427 1428 1429
1430 1041 1151
386 1431 1432
1385 1433 334
1434 1435 952
1436 254 256
361 1437 1438
1439 431 430
1407 308 1440
611 1441 609
1442 1441 1443
1186 1360 741
1444 1299 1445
1446 1447 1342
999 1448 1449
1292 1450 1167
1451 1180 310
785 784 1364
1442 1135 366
1271 1270 1453
1454 1455 1173
449 1027 447
1456 1091 1457
1458 792 1112
1388 1459 1389
283 1393 615
1161 1460 951
776 778 1461
1408 476 475
1462 1463 1464
1465 1466 1467
394 1468 395
1469 1470 1471
1472 432 1473
906 1474 1475
999 998 1476
1477 1478 1479
1480 1481 1305
1482 1378 1380
1378 1483 1379
1484 1485 1486
1487 1488 1489
1312 1490 1491
1492 663 1493
661 663 605
1494 1495 1303
577 1496 676
1497 697 658
382 1500 1501
1502 1366 1503
1504 1443 1441
479 496 480
496 1505 1506
1021 449 1507
1022 1021 975
1503 1508 1502
956 622 954
843 847 844
917 525 977
300 1404 1405
1509 1510 1511
1512 450 364
478 477 1157
973 1513 1281
823 1287 1514
1424 292 1422
465 1515 463
273 1516 853
1517 1518 1519
1520 529 564
1327 532 854
1521 1522 1523
721 1524 1319
857 692 1525
1362 1526 1527
1528 1470 575
608 473 1529
839 836 1530
993 990 1530
846 1533 1534
1535 1533 1536
1437 329 326
1353 1509 1296
367 1337 1537
1044 1538 900
1539 1540 1541
1542 1543 1544
232 1546 230
1447 1547 865
1439 430 1548
680 1549 681
1550 1551 296
1342 1447 865
969 1552 1553
13 927 1234
1554 1359 1435
1360 1359 742
1555 1556 1418
1557 1558 1559
499 1560 1561
1562 1563 1564
1241 648 1565
1264 1566 1467
1518 1517 1567
1569 1570 410
1274 1571 1272
1572 1571 1573
435 1507 433
1507 449 448
1574 1575 497
1576 1577 1578
576 1579 1580
1253 715 533
1581 1582 1216
1583 1584 1450
1585 1586 1501
1587 1586 1046
339 825 893
1554 1434 1589
459 956 1590
1392 1391 1265
732 1591 1351
1132 425 1592
572 1593 933
1594 1417 601
1595 1315 238
421 1003 574
828 1596 1058
1597 1596 1598
1599 947 946
1496 1520 564
1019 1483 1600
1601 1602 1603
650 652 1604
1605 652 704
1606 1277 1607
949 953 950
1128 1311 1608
1609 1333 1236
1610 280 1307
1307 595 594
1613 1423 1614
543 542 1614
1250 567 1615
1616 1196 1617
1384 1618 1385
1433 1618 1066
1574 1232 1575
312 314 1619
939 314 1620
1371 672 1370
457 389 1144
1621 627 623
895 627 629
1622 1623 413
1624 1528 381
1528 1625 1626
444 661 605
444 446 1627
646 645 864
1303 1495 1629
1327 935 1328
1067 1630 1631
1632 1549 1633
858 1549 552
832 833 1537
339 1634 825
276 1635 1523
1636 1520 1637
530 529 1636
1624 1625 1528
1638 1639 1472
1640 827 1641
988 987 10
987 989 325
929 1642 1643
1580 1579 1644
1371 1645 672
1106 1646 655
399 207 397
1613 542 1647
1648 1649 1399
1650 1651 1652
1653 1654 1655
1656 1657 1658
1209 1654 763
1489 1659 1660
1120 891 937
467 1661 1662
1297 1663 1295
1664 407 1322
1665 1666 1667
1472 1668 430
1432 1431 1669
1355 1662 1661
1670 1589 1671
887 1303 1672
1198 1404 1673
1575 1674 1675
1676 1323 406
1323 1562 1677
587 1607 1277
614 613 1397
912 916 913
1501 1500 1585
1105 1643 1642
1678 1679 1622
1460 1161 1680
1681 1682 1450
1683 1684 1492
1685 1686 1635
1521 1686 746
970 1536 847
971 970 1258
1457 1687 1688
536 1687 1461
678 677 591
1490 1689 1690
1203 1432 1204
1691 1163 503
332 760 1271
1692 1053 965
6 1053 1693
1033 1035 1694
694 463 767
488 966 486
920 919 1398
272 1579 1516
701 700 1695
1022 574 401
956 459 478
1637 1496 1580
676 1496 564
580 526 1329
1698 880 879
296 1079 1699
1080 1079 1694
768 439 1468
677 679 1010
718 717 1206
1700 1632 1369
1701 1702 14
1703 1704 1705
1706 1707 1708
1709 1367 1710
611 1711 1504
1068 1069 1138
1712 1713 1459
447 1029 1220
1714 321 311
929 1643 800
1039 1715 872
1683 1715 1684
1059 794 1716
1202 1717 460
280 1717 595
1070 1119 1463
1115 942 1116
349 1718 1719
1016 1720 1017
1647 542 1721
1722 612 1723
389 1347 1349
1724 1725 1558
1457 1090 776
1728 1100 1104
1043 1045 1729
289 1045 378
839 427 429
558 806 559
1521 746 745
1732 1733 1121
612 501 613
1348 1722 1723
1099 1389 667
1734 1735 1736
1737 609 365
831 1738 1739
589 1740 1741
1425 1742 709
1743 1425 1426
667 671 668
1263 1265 1391
957 1155 1742
1641 1234 927
290 1028 402
296 1551 1079
1169 1293 1167
1728 1101 1100
839 837 836
1567 1744 1745
1746 1191 1051
1747 1748 1749
1398 1750 1099
885 1024 1751
281 322 1754
1682 1755 1583
1274 1573 1571
1756 773 1757
773 775 706
1758 1759 1760
330 1648 331
1627 508 632
1761 1762 1763
576 1764 1579
308 657 656
1765 656 1766
1086 1524 1767
1197 1616 1768
1033 1769 1770
423 425 1132
1771 739 1592
1483 1019 1772
595 1307 280
1773 1774 1714
1775 1679 698
360 1765 1286
1285 1766 1696
1030 1478 1171
1373 1364 1083
617 1077 1076
354 1776 446
506 1776 269
1449 1778 1212
239 1779 1780
447 1258 1781
1782 1783 274
1784 404 1658
1034 1770 1568
1131 1181 1785
1786 505 1787
267 1788 1789
1790 1160 1008
1791 1792 1009
1536 846 847
673 1793 540
1390 1794 1545
1795 949 951
477 1795 772
1796 1797 1798
1799 1797 1800
377 899 1801
270 1802 1803
1804 1278 1280
873 1805 863
1806 276 277
437 1807 1808
1752 1809 1753
1205 1446 1810
1811 1446 338
1071 1462 1812
853 1813 273
1741 830 1812
1625 1624 1814
1184 419 1340
420 419 249
1352 1815 1816
586 585 654
1817 1449 1448
702 705 860
721 720 1524
375 1219 1028
941 945 944
1065 1805 1064
1818 1174 1633
1820 1800 1821
1320 1369 723
1403 522 1405
1151 1041 1152
1603 1822 1204
1823 1333 1609
1282 1256 1058
1363 1824 1526
1433 761 334
1825 978 1615
1826 1827 1828
497 499 1574
1782 1346 1345
1829 1830 1831
1356 584 583
1179 639 257
1774 423 1133
1044 900 378
1832 1833 1834
1835 1836 1445
610 852 611
1837 1010 1792
1454 1438 1455
879 1838 1839
596 996 597
1099 1750 1388
989 1437 326
1798 1706 1796
1840 1706 905
1125 1841 1123
234 1141 245
1150 1141 1842
1314 334 333
937 1328 935
1329 1328 890
1843 787 1844
1140 938 1842
1845 1846 1610
879 1731 1838
253 218 196
912 1847 1848
1849 1850 1306
1851 1850 908
974 337 1474
1852 1853 1854
1842 1855 1856
1437 360 329
523 1243 694
1384 644 1618
1357 519 1857
1401 1403 1405
1858 560 1859
1217 1860 1619
1861 1038 871
1862 1828 1863
1823 1609 1750
250 1063 1062
1864 994 619
1700 1865 1866
1291 875 1867
1255 774 1114
1062 1868 1035
1869 1775 1326
769 298 300
1870 1871 923
921 1015 662
754 788 752
1136 897 966
1873 1582 1874
759 1362 1875
973 1281 335
1554 742 1359
1630 1439 1876
1877 1878 1578
1420 1878 557
258 601 600
1111 1268 1879
1284 1879 718
1469 1880 575
1881 1882 1883
1142 1143 1884
1829 466 468
461 287 462
1296 1354 1353
1006 1187 1885
753 911 1214
753 538 1886
1887 1888 1889
1890 1888 1891
1756 497 1575
1676 597 1563
1806 1893 1685
1650 1894 1424
915 501 612
1122 1134 1443
1895 1896 1897
1898 450 1899
1261 1128 1262
1169 1261 293
1900 1091 1456
1239 1901 868
1509 297 1510
1760 1759 602
1902 1201 1903
1542 1860 1904
1572 1905 1597
1124 1896 1372
655 1646 1766
247 1185 838
1906 253 1907
1908 1909 638
1100 1102 1269
1910 1911 1149
854 855 935
1421 1410 486
1410 606 1411
1912 1913 1148
971 1164 1165
1164 1258 1220
500 1373 1396
659 1675 1674
471 473 608
894 1088 824
823 1088 1287
630 1400 517
1914 507 1054
1874 1749 1748
1211 1563 1915
1126 1608 1868
1762 586 1916
1487 1835 842
971 1258 1164
1917 1559 1558
1033 1551 1769
1177 894 824
1166 379 1918
1687 536 834
460 834 1202
660 549 1919
1920 1921 1796
1700 784 1632
1593 1774 1133
1922 1923 1503
1503 1739 1922
1498 1301 1300
502 1924 1365
1925 942 941
816 1581 815
703 1209 1207
1598 828 827
1653 1926 1654
1927 1678 1928
770 1253 533
1929 1311 1168
414 413 1930
974 973 337
1416 1418 1931
1932 1933 1934
851 1711 852
1935 1936 1937
1882 1938 1883
318 1939 922
527 977 525
472 1940 1838
499 498 1560
1574 499 1941
1942 1943 1944
859 1170 860
1945 1170 809
1004 295 1946
1705 1947 1703
671 436 670
1948 519 1543
625 624 1949
1950 1831 1951
1952 632 631
1825 1538 1953
1622 413 412
1578 628 1621
629 628 1420
877 1203 1810
986 1228 554
1954 321 1714
1280 1279 1223
328 327 326
953 1144 952
1955 1956 303
916 912 1848
1251 1125 1124
1205 1822 1447
863 865 1547
1036 1475 336
1701 14 1139
1959 1317 1316
809 1814 1945
1225 1227 1308
354 269 1776
365 833 1737
1060 702 860
985 984 675
1086 1960 1084
1961 1374 1962
769 1405 524
1963 1577 1964
1578 1577 1877
1421 426 355
1695 1881 701
555 559 1938
1965 1886 537
1798 906 905
1178 1966 1967
1939 1695 700
281 1754 1968
1095 1382 504
858 857 681
1518 1870 1969
650 824 651
1369 1632 724
448 843 1507
1727 869 1726
640 1557 1559
1462 1464 1970
388 283 1213
899 376 378
1751 1158 1159
1663 1591 1815
1869 1623 1775
1333 1334 1971
848 479 481
479 1505 496
727 1575 1232
1103 1728 1104
1972 1607 1761
1871 1673 1404
1532 1629 1973
1137 488 734
1974 979 1953
1299 485 1835
1975 1976 1097
1630 431 1439
1826 1862 1977
664 666 1724
1255 1757 773
1137 1136 488
1978 1979 1963
1980 808 1981
441 820 396
820 1926 821
340 1681 1811
1982 1162 1161
1143 1720 346
1983 1626 1625
886 882 901
1984 1466 1786
1984 1265 1467
1600 1985 1843
779 1666 1145
1932 1986 481
1266 231 1368
232 231 615
1581 1987 1582
1988 1194 1175
1989 1162 1360
1990 993 1991
716 1992 1993
1367 1992 1267
1527 1526 1994
829 1284 1206
930 1132 928
1509 1946 297
1283 416 1110
1995 1651 1613
1927 1928 1675
1362 1363 1526
379 1898 1918
285 1996 286
1688 1456 1457
1072 866 1070
1682 1583 1450
522 1403 1998
1531 1770 1672
1449 1817 1778
1999 1240 2000
1728 1703 1101
1676 598 597
423 2001 424
1133 423 1132
1407 1440 1406
1674 547 2002
1951 1831 1827
663 662 1493
753 1886 754
960 328 1286
2003 1961 1962
1084 1960 1085
1244 523 2004
767 524 694
5 4 1156
2005 1428 643
958 535 534
579 319 1899
899 900 568
983 405 2006
1754 322 324
1845 322 1846
772 1460 411
1904 1217 1541
1218 1217 1619
2007 2008 2009
1825 1615 566
2010 1995 2011
1026 1025 963
1514 626 316
1990 2012 872
688 1869 1325
1345 2013 1782
902 2013 886
2014 850 2015
2016 1044 1113
2017 1784 1658
1679 1775 1622
2005 643 2018
285 287 480
689 368 687
1606 592 1277
2019 1014 1545
2020 2021 749
1355 1357 1857
520 1357 1556
538 537 1886
1632 552 1549
2022 1748 1826
1399 2023 1648
2024 1834 1833
2025 2026 2027
1442 1443 1135
1134 1120 936
2028 1998 1519
979 1971 980
699 698 1679
2029 2030 2031
857 1415 692
1358 1268 1267
2033 2034 1736
360 1286 329
1527 274 273
1132 1592 2035
620 1131 1130
1268 718 1879
1490 1821 1689
2036 2037 2038
2039 2040 267
1272 1725 1273
1381 504 1382
665 664 964
2041 213 545
1238 543 1375
1962 1374 1423
740 1771 341
1690 1592 739
972 1772 248
1199 1198 1673
280 1846 281
1868 1080 1694
727 1674 1575
659 1927 1675
2042 1037 1036
1856 1037 2042
324 1934 1754
2043 604 917
1520 1636 529
848 670 849
943 1526 1824
1270 760 1344
1487 842 1488
2044 1412 1038
1547 1822 1602
1972 2045 2046
1959 476 1317
917 304 525
940 1023 945
897 1136 2047
1456 286 1996
1695 318 1882
1073 1074 2048
1688 286 1456
1078 1929 1011
443 672 2049
1917 1913 2050
636 638 1564
2018 643 2051
916 502 915
873 431 1805
1473 873 2052
1487 1836 1835
1528 1626 1470
1875 1737 759
1542 2053 1543
683 1693 1053
666 683 1692
238 2030 2054
1917 2050 2055
247 838 744
416 1366 1502
1739 1366 831
1890 1891 1276
1078 1699 1079
1482 1985 1378
1021 435 1260
298 769 344
949 459 458
1186 1118 1187
1885 1117 2056
1707 1704 1708
1732 765 2057
767 2058 768
1207 1208 1671
1209 392 1654
918 2023 919
1648 2023 331
696 1869 687
486 426 1421
777 1458 778
1601 2059 1602
1720 1016 2061
1970 2062 1462
1313 1889 1384
1225 733 1226
332 761 760
766 851 1189
1539 1216 1582
1590 956 955
1006 1885 931
832 352 757
903 1153 530
1828 1862 1826
1463 1121 1464
1760 1733 1758
2063 980 1174
1077 617 616
1414 1310 2064
2058 1304 439
1575 1675 1756
823 316 651
2065 1287 1088
2024 2066 1834
1936 559 806
1486 1485 2067
705 774 706
1383 1896 1123
2035 1689 928
829 1206 1072
1255 1254 1757
280 1610 1846
1610 1227 1978
2068 404 403
1653 1655 2069
1077 616 1111
537 778 2070
777 792 1458
473 1730 2071
945 1346 943
2072 1452 1872
1291 1424 1894
498 1757 1254
2073 2074 2075
1676 1562 1323
750 1392 2076
1613 1614 542
1432 876 386
935 1327 854
531 1327 1329
933 1593 799
1593 1714 1774
1915 996 2077
1862 1863 747
1732 1504 765
1443 1504 1122
1408 1317 476
2063 1174 1818
1033 1694 1551
300 1405 769
1871 300 299
1095 1097 1382
1952 631 921
2078 1429 2079
963 962 2080
910 1843 1985
703 1207 1589
1036 904 1475
1372 1801 568
1125 1716 1841
1978 1963 1964
1877 1963 2081
1012 1583 2008
1940 472 261
309 1298 310
816 2082 1987
1251 2083 1125
2085 2074 1922
1779 239 1499
349 2086 2087
1362 1527 1813
1875 1362 1813
1952 1627 632
822 2088 396
1790 1680 1160
716 1358 1992
1782 1994 1346
1355 1857 1662
1335 1230 1643
391 1434 952
612 1145 2089
1873 2090 2091
1458 1112 1026
248 1772 1019
1564 1211 1210
696 413 1623
1649 1949 1967
12 14 1702
1418 1556 1931
462 287 286
1960 1086 2092
1586 1100 1269
698 697 686
640 1259 1557
1152 1256 1153
804 1481 805
566 1615 567
1888 1887 1634
700 1061 1939
1585 2093 1104
387 1894 2094
1817 1448 585
602 2095 1760
1784 405 404
854 1336 366
888 887 1550
1469 575 1470
1890 644 1384
566 1538 1825
647 649 2096
1890 1889 1888
587 1817 585
764 1758 2057
764 766 2017
1724 1273 1725
1915 1563 597
1166 1918 1061
716 867 717
1778 388 1213
587 1277 1817
2086 349 1719
969 1553 1535
1007 931 821
974 1800 1820
879 1839 1698
467 2048 1074
2053 1625 1980
1596 1905 1057
718 1268 1358
1326 1325 1869
498 1254 2097
1434 1554 1435
1583 1012 1584
1093 2008 1755
2098 931 1885
1605 2099 1604
1381 2100 504
461 1968 690
417 782 781
1885 2056 2098
1291 1867 1292
752 1843 911
1406 2101 1482
1421 606 1410
480 287 690
414 1073 1048
2102 869 495
455 825 1634
990 992 427
1865 1700 2103
1756 1675 1928
2104 653 1792
2105 1479 1030
1173 1455 988
1994 1526 943
817 3 5
745 744 428
1199 1673 1567
324 2106 1934
481 1933 1932
1178 650 1604
2107 2079 1429
1901 1726 868
2108 374 1395
345 344 1468
550 1924 1848
1821 1800 1797
1798 1799 906
1424 1422 1650
1866 1083 1364
1087 1084 1865
2109 1515 743
1904 1983 2053
544 1906 2110
365 609 1442
1211 1564 1563
1211 1056 1055
955 2064 1847
1782 274 1994
1033 1770 1034
785 550 552
1765 306 656
569 306 361
974 1474 1800
377 1801 1976
308 656 306
1978 1964 1845
506 269 271
1655 392 393
2106 918 1934
1620 314 313
722 724 1174
1776 508 1627
1771 425 424
279 1968 461
1069 812 1138
2016 1974 1953
941 940 945
1087 1865 2103
603 917 604
1756 775 773
268 591 677
2109 1304 2058
2109 2058 1515
856 858 551
2066 1750 1609
1414 856 1310
1995 1613 1647
1984 1787 2076
1849 594 1215
1849 908 1850
863 1547 2052
848 1986 668
306 1765 360
1765 1766 1285
1304 2109 1671
2113 2114 2115
332 334 761
728 1816 1815
2116 1892 2003
367 366 1336
997 1449 1212
930 800 799
1798 905 1706
1853 1037 1854
550 785 1924
722 1971 1334
1832 1834 1235
1655 393 2117
911 907 1214
1732 1122 1504
1944 5 1156
491 1112 492
1351 1663 1297
1604 1966 1178
512 1137 513
1965 962 2118
1437 361 360
1848 1924 916
1365 1924 785
2046 679 678
1006 931 1007
728 1815 1591
1711 766 765
1764 1189 851
519 521 1543
1454 1979 1226
2119 1867 877
306 569 307
1873 1874 1748
2120 2056 2121
2107 363 510
1640 927 926
765 1504 1711
1122 1732 1121
722 980 1971
2122 1500 382
2022 1873 1748
887 1672 1769
541 1721 542
583 1357 1356
625 1949 330
591 2040 282
1158 940 942
444 1627 661
1733 1464 1121
1146 1148 1913
1329 526 531
1400 508 507
1877 2081 1172
1458 1026 2080
537 2070 1965
2082 1749 1987
2007 2009 1510
1305 1081 1480
1965 2118 754
1148 2123 1912
2123 2124 2125
2126 1912 2123
925 2127 926
1148 2124 2123
1143 1275 2128
750 2129 751
2038 2130 2131
241 2128 242
2124 2131 2125
348 483 1003
1912 2050 1913
1950 2132 1831
2125 2131 2130
2133 347 346
1275 1143 346
242 1275 422
241 2055 2050
1720 2061 2133
2061 1192 2133
1146 1913 1917
893 340 339
1837 1792 653
2037 1597 1640
482 2134 483
2015 1018 2135
1275 348 422
1725 1272 1147
2131 2124 2136
1192 1712 1193
243 2055 241
243 242 422
2061 1808 1192
2124 1148 1147
348 347 482
397 207 2137
1018 2015 1016
2061 437 1808
615 231 616
421 470 243
2102 494 1721
813 314 939
1138 634 1139
1712 1192 1713
1735 1599 1736
1701 1139 634
2055 1559 1917
1069 2138 812
2055 243 470
1640 1597 1598
293 1424 1293
1193 1175 1194
1069 1430 2138
2015 2135 2139
1712 1833 1193
1041 1430 1069
1185 1718 371
2038 2131 2036
482 1988 1729
1430 2140 2138
1057 1905 2141
1808 1713 1192
528 1282 511
2055 470 1559
929 1920 1642
1833 1176 1193
1193 1176 1175
2014 2139 2142
2016 1832 1974
2024 1833 1712
2140 1430 884
2014 2015 2139
1510 2009 1511
2138 1159 810
1151 884 1430
1159 2138 2140
1041 826 1152
2024 1712 1459
1721 2143 2144
2142 2145 1506
2146 12 2147
1152 862 861
1702 1701 791
1052 1050 841
1832 1176 1833
1175 1729 1988
812 811 1138
987 1050 10
1272 1571 2136
828 1058 861
483 574 1003
1151 882 884
828 1598 1596
1936 1935 559
1751 2140 883
1387 1386 1397
1151 1152 903
1176 1832 1113
1043 1729 1175
490 492 811
791 1701 635
1092 2148 2146
1235 1834 2066
882 886 883
780 1386 563
1729 1000 482
1702 2147 12
2145 2149 1900
1751 1159 2140
792 791 635
1092 2147 2150
850 670 436
1444 1779 1300
1900 2151 1091
401 483 2134
1089 2148 1090
1832 1235 1974
1505 850 2014
810 490 811
884 883 2140
640 1559 470
1093 2009 2008
1388 2024 1459
1389 1807 671
1089 1091 2151
1092 1090 2148
483 401 574
850 1505 849
2134 482 1000
790 2150 2147
401 2134 288
1807 437 436
1538 1044 2016
1807 1389 1459
574 1022 975
1388 2066 2024
1111 1879 1109
1115 490 810
1505 2014 1506
1000 1729 1045
1235 2066 1236
861 1058 1256
469 1260 640
1724 666 1273
1383 1897 1896
1557 1724 1558
686 1326 698
1751 1024 1158
530 1153 528
434 1557 1259
1158 1024 940
975 1260 469
640 1260 1259
596 932 995
792 777 790
1573 2141 1572
965 1573 1274
885 1345 1024
2047 512 1057
2145 1900 1996
1457 1091 1090
1020 1022 402
670 848 668
776 2150 777
2016 1113 1832
401 402 1022
1361 2056 1117
1637 2152 902
1505 479 849
1389 671 667
285 496 1996
1333 1823 1321
2066 1388 1750
1557 664 1724
1636 902 901
1028 1020 402
1573 965 898
1649 1967 719
898 2047 2141
1906 546 225
669 668 1986
491 1026 1112
290 402 288
1345 885 2013
2108 1395 2153
1445 1197 1768
1237 1236 1971
923 924 2154
2047 898 897
2063 978 980
669 920 667
978 1825 1953
1461 1457 776
435 434 1259
376 375 290
537 1461 778
918 669 1932
2070 778 1458
1027 449 1020
1538 566 900
920 1398 1099
886 2013 885
1852 1854 1249
273 1813 1527
1782 2013 1783
1023 1024 1345
1346 945 1023
699 1679 1678
920 669 918
1637 902 1636
1925 1116 942
962 2070 2080
566 568 900
528 511 564
8 896 6
462 1688 834
1028 290 375
1398 1823 1750
1457 1461 1687
699 1927 658
1240 1693 683
719 1966 720
979 1237 1971
1708 1103 1642
460 279 461
1933 481 690
899 377 376
447 1027 1029
1637 1644 2152
1783 2013 2152
665 2000 1240
961 2118 962
1975 375 377
1021 1020 449
565 676 564
433 845 964
965 1053 896
1644 272 1783
918 2106 2023
1823 1398 357
1496 1637 1520
724 1633 1174
565 674 676
1319 1321 359
1137 734 565
1461 537 536
1976 1801 1895
1688 1687 834
1693 1240 1802
1823 359 1321
588 590 2155
1025 1341 963
2023 1399 919
1925 2156 1341
1580 1644 1637
2157 2156 1925
1555 1418 1594
2157 1925 941
1338 2118 961
1219 1975 1096
1771 424 342
577 1580 1496
448 847 843
2000 845 1999
2086 2157 944
1754 1933 1968
1633 680 1818
6 2158 7
279 281 1968
460 1717 279
723 722 1334
1885 1187 1117
1338 961 1339
1999 1802 1240
1719 2156 2157
1999 2159 1803
1320 1319 2160
2161 2162 2163
845 433 843
358 1319 359
1339 2156 2164
2118 1338 788
593 1394 1288
844 846 2165
1219 1257 1220
1580 577 576
734 2166 674
1202 1288 1394
1399 1649 358
487 734 488
2157 2086 1719
2160 1369 1320
674 2166 675
426 486 966
2106 324 331
1802 270 2158
1845 1964 322
1319 358 721
2166 985 675
1534 2165 846
2165 2159 1999
273 272 1516
754 2118 788
1338 1340 418
272 1644 1579
577 676 675
1124 567 1251
1250 1818 2168
448 1781 847
2166 734 755
1975 1097 1096
1534 2159 2165
1633 724 1632
1124 1123 1896
1976 1895 1897
595 1717 1394
755 734 487
680 1633 1549
2159 271 1803
1764 1516 1579
853 610 1813
2169 1009 2045
1190 1764 576
1184 2164 1718
1994 943 1346
1215 874 1214
7 356 355
943 1824 944
239 1315 2170
846 1536 1533
752 911 753
1246 2171 735
1649 1648 1949
1866 1364 784
358 719 721
1649 719 358
1363 758 2087
1227 1610 1307
681 1525 682
624 1967 1949
324 1576 330
1516 1764 851
1843 752 787
578 1190 576
2166 755 2044
269 354 356
969 1536 970
354 445 355
1849 1215 909
1576 324 323
2166 2044 985
1306 1308 594
853 1516 851
1383 2172 1381
1257 1096 1163
281 1846 322
1648 330 1949
445 606 1421
2173 1534 1533
2174 271 2159
1718 349 371
752 788 787
418 1844 787
910 911 1843
1849 1306 594
2175 2176 2177
2176 2175 2178
964 2000 665
1164 1257 1163
1087 2160 1524
1412 755 756
1764 1190 1189
756 486 1410
1428 1427 641
2173 2174 1534
719 1967 1966
459 1590 457
1165 1552 971
552 1632 784
2175 2177 2179
2175 2180 2178
2177 2176 2181
1361 1244 2121
1621 625 1576
1525 1059 2083
1426 641 2182
2183 2175 2184
2184 2175 2179
2176 2178 2185
2181 2176 2185
720 1767 1524
2181 2179 2177
2173 1533 2186
2099 1767 1966
1577 1576 323
758 352 350
1095 503 1163
720 1966 1767
858 681 1549
418 1340 419
2187 2179 2181
1188 1190 2006
2044 1861 985
2044 755 1412
758 1363 759
1184 249 419
1185 1184 1718
2188 2189 2184
2175 2183 2190
2185 2191 2181
2184 2179 2188
2185 2178 2180
969 971 1552
1086 1087 1524
1054 271 2174
610 853 852
2101 1406 1851
1536 969 1535
420 1844 418
983 578 984
2190 2180 2175
2083 1716 1125
1737 833 757
1578 1621 1576
2184 2189 2192
2193 2188 2194
2194 2188 2179
983 985 1861
1412 756 1410
766 1189 2017
908 907 2101
1861 871 870
2193 2195 2188
2188 2195 2189
2196 2185 2180
1711 611 852
1086 1767 2092
1844 420 1019
2081 1963 1979
2180 2190 2197
2187 2194 2179
2191 2187 2181
2185 2196 2198
2189 2195 2199
2172 2100 1381
1963 1877 1577
1369 2160 2103
2193 2194 2200
578 2006 1190
1621 623 625
1784 2006 405
1466 2201 1691
766 1711 851
609 1875 610
1604 2099 1966
1383 1123 2202
2192 2189 2199
837 838 371
351 837 371
2185 2198 2191
2196 2180 2203
2195 2193 2200
1866 784 1700
446 1776 1627
1083 1865 1084
446 445 354
1420 628 1878
1059 1525 692
2184 2192 2183
1165 1691 2201
2202 1123 1841
1525 681 857
2204 2173 2186
917 977 976
2204 2174 2173
1843 1844 1600
2205 2206 2172
2198 2196 2207
1039 1038 1412
1308 1306 1225
623 1177 624
544 546 1906
1450 1584 1167
1737 1875 609
1160 1680 1161
1600 1378 1985
1851 908 2101
2180 2197 2208
2209 2180 2208
2180 2209 2210
2210 2203 2180
856 1415 857
1999 1803 1802
2211 2183 2192
2190 2183 2211
2204 1054 2174
2202 2205 2172
1306 1850 570
420 249 248
2202 1841 2212
2208 2197 2213
2196 2203 2207
2214 2194 2187
623 894 1177
838 837 839
2202 2172 1383
247 249 1185
1188 2017 1189
2215 1553 1552
983 403 405
2213 2197 2216
2208 2213 2217
2214 2218 2194
927 13 925
2100 2172 2206
2209 2208 2217
2203 2210 2219
2191 2198 2207
2214 2187 2191
870 403 983
1411 606 605
1840 905 1853
1059 1716 2083
352 758 757
1877 9 1878
1011 1584 1012
1465 1552 2201
627 1621 628
2220 2199 2195
692 1415 693
1578 1878 628
2197 2190 2216
2212 2205 2202
650 1178 1177
353 835 837
2209 2217 2210
2214 2191 2207
2207 2203 2221
2222 1535 1553
1552 1465 2215
2216 2190 2211
444 606 445
2017 1188 1784
2207 2221 2223
2203 2219 2221
1605 2092 2099
800 1643 1230
2204 1914 1054
1466 1691 1786
2224 2212 1841
1776 506 508
2200 2194 2225
1409 2206 2205
2217 2226 2210
2226 2227 2210
2227 2219 2210
247 972 248
2226 2217 2228
270 1803 271
894 623 627
2223 2229 2207
2129 2206 751
2225 2194 2218
1146 1558 1725
475 2092 2230
403 870 2012
2231 2218 2214
2092 818 2230
978 1953 979
2224 1716 794
2232 2199 2220
2192 2199 2232
2233 2226 2234
2226 2233 2227
2214 2207 2235
2207 2229 2235
2226 2228 2234
1409 751 2206
2236 2237 2219
244 2137 233
2219 2237 2221
365 367 833
1848 1847 1310
513 564 511
1038 872 871
2238 836 835
2205 2212 1317
2239 2227 2233
2227 2236 2219
394 2088 2120
2195 2200 2240
2241 2200 2225
836 2238 1530
2228 2217 2213
1685 1893 1772
2233 2234 2242
2243 2218 2231
2222 2244 2186
2230 1409 1408
2211 2192 2245
1305 1253 2246
2238 835 2247
2245 2192 2232
2214 2248 2231
818 1409 2230
2225 2218 2243
1409 818 751
2239 2233 2242
2223 2221 2249
832 1221 352
330 1576 625
1952 661 1627
972 1685 1772
2250 2229 2223
2251 2252 2253
2254 2253 2255
2068 1991 2247
1415 856 1414
2256 2227 2239
2236 2227 2256
2214 2235 2248
2249 2221 2257
2253 2252 2255
2221 2237 2257
2258 2259 2255
2259 2254 2255
2258 2252 2260
2255 2252 2258
1483 1378 1600
2220 2195 2240
2241 2240 2200
2261 2234 2228
2224 1318 2212
315 652 651
2215 1645 1553
795 794 691
1465 1566 2215
764 2017 1657
793 1318 2224
2216 2262 2213
1406 1482 1380
2251 2263 2264
2240 2265 2220
1173 2081 1454
751 818 749
361 1438 733
2245 2232 2266
2016 1953 1538
2228 2213 2262
2263 2251 2267
2266 2232 2265
353 1224 835
1365 1364 1373
556 1420 557
404 2268 1658
2269 2237 2236
2270 2271 2258
2272 2235 2229
2273 2251 2264
2260 2251 2273
2260 2252 2251
2258 2260 2270
2220 2265 2232
2216 2211 2245
2244 1914 2204
2253 2274 2251
2258 2271 2275
2238 2247 1991
2122 1231 2093
1605 1604 652
2267 2251 2274
2250 2276 2229
2277 1407 1380
2259 2258 2275
2271 2270 2278
2239 2242 2279
2081 1173 1172
2280 1199 1567
1455 1438 1437
1414 954 621
2281 2234 2261
1177 824 650
2215 1566 2049
2241 2225 2282
2282 2225 2243
2216 2283 2262
2228 2262 2284
1596 1057 1058
1129 693 1130
2122 382 2285
2245 2283 2216
2281 2242 2234
2282 2240 2241
2272 2229 2276
981 1085 474
2264 2263 2286
2287 2260 2273
2287 2270 2260
2256 2269 2236
2223 2249 2250
429 744 838
2242 2281 2288
1783 2152 1644
2284 2261 2228
1010 1837 2289
895 629 1419
2284 2262 2290
2291 704 317
2292 2278 2270
2242 2293 2279
2256 2239 2279
2250 2249 2294
793 2224 794
1223 2068 2247
9 557 1878
677 1010 2289
353 1221 1224
2262 2283 2290
2064 954 1414
1419 629 1420
2231 2248 2295
2268 1656 1658
2222 1645 1371
619 2296 1683
2282 2243 2295
771 533 535
2281 2261 2284
2248 2235 2272
2250 2294 2297
2270 2287 2298
2294 2257 2299
2257 2237 2299
2017 1658 1657
2293 2242 2300
2244 1371 518
2301 2254 2259
365 1442 366
2275 2271 2302
2302 2271 2278
1407 657 308
2270 2298 2292
247 744 746
2303 2267 2304
2305 2298 2306
2300 2242 2288
2243 2231 2295
1605 819 2092
1049 556 11
1715 1039 1684
2273 2307 2287
2298 2308 2306
2249 2257 2294
832 2309 1221
2267 2274 2304
507 517 1400
476 982 474
2274 2253 2310
750 749 2021
2259 2275 2311
2301 2259 2311
2276 2250 2312
2302 2313 2275
2277 1380 2314
2315 2316 2288
2288 2316 2317
315 704 652
1984 1467 1466
2068 1279 404
1407 2277 657
1914 2244 518
2293 2256 2279
2318 2287 2307
2315 2288 2281
2273 2264 2286
2248 2272 2319
2299 2237 2269
2298 2287 2318
2308 2298 2318
2299 2297 2294
2312 2250 2297
2300 2288 2317
2240 2320 2265
1758 1733 2057
2314 1380 1379
839 1530 427
895 2065 1088
1370 302 518
2245 2266 2321
607 771 471
242 2128 1275
10 9 1172
663 1492 1684
1508 2322 2323
2324 2308 2325
2284 2315 2281
2307 2273 2326
2269 2256 2327
2263 2267 2303
2317 2328 2300
2329 2306 2308
795 2330 793
2310 2253 2331
2254 2331 2253
1401 1198 2332
994 993 1990
562 1318 793
1016 2015 438
2283 2245 2321
2320 2333 2265
1645 2049 672
2272 2276 2334
1419 2065 895
2282 2295 2240
2256 2293 2335
2272 2336 2319
2286 2326 2273
2334 2336 2272
2308 2318 2325
704 2020 819
1570 2337 1785
1685 972 1686
2335 2293 2300
872 1715 2296
2284 2290 2315
1959 982 476
2068 1223 1279
2298 2338 2292
2266 2265 2333
2263 2303 2339
2299 2340 2297
2312 2297 2340
994 1990 2296
427 1530 990
2301 2341 2254
2338 2298 2305
2304 2274 2342
2317 2316 2343
972 746 1686
2335 2300 2344
1493 662 1015
655 1766 656
2313 2311 2275
2327 2256 2335
1455 989 988
641 643 1428
2318 2345 2325
823 824 1088
2310 2342 2274
2344 2300 2328
2310 2331 2342
1337 2309 1537
2331 2254 2341
2346 2292 2338
2343 2316 2315
1794 1392 750
2301 2311 2347
2278 2292 2346
2330 562 793
954 2064 955
2290 2283 2321
2324 2348 2308
2317 2343 2328
2306 2329 2349
1120 1134 1119
2334 2276 2350
1611 443 2049
2351 1656 2268
2295 2352 2240
2290 2321 2353
2315 2290 2354
2348 2324 2325
1804 1280 1222
1521 1635 1686
2277 655 657
2355 2307 2356
2269 2340 2299
912 2357 1847
2327 2358 2269
2340 2269 2358
2326 2286 2359
2360 2307 2355
2360 2318 2307
2315 2354 2343
502 916 1924
2333 2320 2361
955 2357 1590
1806 1379 1893
2321 2266 2333
982 1387 981
2320 2240 2352
2309 1222 1221
455 1634 1887
2290 2353 2354
2345 2362 2325
2363 2325 2362
2359 2286 2339
2286 2263 2339
2308 2348 2364
2329 2308 2364
2330 795 1129
2305 2306 2349
1106 2277 2314
2348 2325 2363
2129 505 2100
1656 1759 1657
2331 2341 2342
2345 2318 2365
2366 2340 2358
2278 2367 2302
2319 2336 2368
1316 982 1959
1201 2065 1419
1134 1135 1443
2369 2248 2319
1685 1635 1806
2311 2313 2370
2318 2360 2365
2361 2320 2371
2371 2320 2352
2021 2020 2019
1611 1566 1264
2291 2020 704
2340 2366 2372
2369 2319 2368
2336 2334 2368
2334 2350 2373
2359 2356 2326
2326 2356 2307
1285 1286 1765
2276 2374 2350
2346 2367 2278
2375 2303 2304
1316 562 561
1455 1437 989
2313 2302 2370
2376 2348 2363
1106 655 2277
1917 1558 1146
2321 2333 2377
2378 2344 2328
2377 2353 2321
1122 1119 1134
1337 2379 2309
2295 2248 2380
2309 2379 1222
500 502 1365
2276 2312 2340
2327 2335 2381
2358 2327 2381
2356 2359 2382
2351 1759 1656
1191 556 1049
2330 563 562
1758 1657 1759
1264 1263 1612
1733 1760 1464
2383 2328 2343
563 2330 2384
2369 2380 2248
1514 316 823
2347 2311 2370
1320 1334 1321
2365 2385 2345
2377 2333 2361
2341 2304 2342
2352 2295 2380
2334 2373 2368
2354 2353 2386
2376 2364 2348
2370 2302 2367
301 631 630
2384 2330 1129
2349 2329 2387
1722 914 913
1806 277 1107
2276 2340 2372
2381 2335 2344
427 992 428
2388 2351 1278
2338 2305 2387
2363 2362 2376
2376 2362 2389
512 2047 1136
2276 2372 2374
1287 2065 1902
2390 2372 2366
2305 2349 2387
1462 1071 1463
2387 2329 2364
2352 2380 2371
474 1085 1960
2359 2339 2391
2360 2355 2392
2392 2365 2360
2362 2345 2385
2359 2393 2382
2366 2358 2394
2378 2328 2383
2375 2304 2341
2347 2370 2395
956 478 622
1864 991 990
1387 1397 1396
2394 2358 2381
2383 2343 2354
1106 2314 1107
622 478 789
936 935 855
1191 1903 1201
1106 1697 1646
1337 1956 2379
1336 1956 1337
2382 2355 2356
2385 2389 2362
2392 2355 2382
1683 1492 618
2341 2301 2396
987 841 1050
2301 2347 2396
2374 2373 2350
2303 2375 2397
2379 1955 1804
1052 1049 1050
2381 2344 2378
2398 2372 2390
780 1397 1386
2368 2373 2399
2398 2374 2372
277 1108 1107
2367 2346 2400
2388 2401 2351
915 1722 913
2346 2338 2400
2402 2376 2389
2393 2359 2403
2402 2364 2376
2394 2390 2366
2369 2368 2399
2404 2392 2382
1521 1523 1635
2339 2303 2397
2405 2385 2365
2386 2383 2354
561 563 1386
2396 2347 2395
2359 2391 2403
2401 602 1759
1392 1794 1390
1085 1373 1083
1121 1463 1119
2377 2361 2406
1157 1570 789
2393 2407 2382
1804 2388 1278
2394 2381 2408
2389 2385 2405
2351 2401 1759
10 1050 11
2409 2387 2364
2353 2377 2386
428 992 2032
1120 866 891
2370 2367 2400
276 1806 1635
2404 2382 2407
2386 2377 2406
2375 2341 2410
2384 2411 563
1955 2379 1956
325 327 840
2338 2387 2412
2409 2364 2402
2391 2339 2413
1766 1646 1696
2392 2404 2414
2365 2392 2414
2412 2387 2409
2378 2415 2381
2396 2395 2416
2417 2388 1955
2398 2169 2374
2291 317 1290
2384 1785 2411
1570 1785 1181
2418 2338 2412
2378 2383 2415
2361 2371 2419
1251 2168 682
2415 2420 2381
2381 2420 2408
589 1741 590
1956 1336 532
2398 2390 2421
780 563 2411
1795 477 459
2406 2361 2422
2388 2417 2401
2423 2369 2399
1804 1955 2388
614 1397 780
2402 2389 2424
2338 2418 2400
2086 944 1824
1948 1543 2053
2397 2375 2410
2341 2396 2410
2357 914 1347
2361 2419 2422
2389 2405 2424
2380 2425 2419
603 2401 2417
2394 2421 2390
2404 2426 2414
2403 2391 2413
680 2168 1818
2424 2405 2427
2411 779 780
1408 475 2230
1760 2095 1464
2380 2419 2371
2428 2386 2406
2429 925 13
2421 2394 2408
2405 2365 2414
2400 2395 2370
2383 2428 2415
2373 2374 2430
2383 2386 2428
2409 2402 2431
1955 2432 2417
2410 2339 2397
1557 434 664
2433 2407 2393
2169 2430 2374
2380 2369 2425
2373 2430 2399
2404 1745 2426
1672 1629 1531
2413 2339 2410
2421 2408 2434
1590 2357 457
1902 1903 803
2402 2424 2431
546 545 213
2393 2403 2433
1453 1513 1271
1747 1749 1943
2435 2423 2399
305 2432 303
941 944 2157
2395 2436 2416
2400 2436 2395
1425 2437 1919
2418 2438 2400
779 2411 2337
1955 303 2432
2408 2420 2434
602 2401 603
2405 2414 2439
1336 854 532
2425 2369 2423
2399 2430 2435
2426 1745 2414
2432 305 2417
2169 2398 1791
2410 2396 2440
2409 2431 2441
1570 1157 410
541 869 2102
2438 2436 2400
603 2417 305
2412 2441 2418
2404 2407 1745
2427 2405 2442
1807 1713 1808
949 1795 459
2443 2095 604
2444 2407 2433
391 952 1144
2439 2442 2405
2441 2412 2409
1514 1287 802
1328 937 891
2438 2418 2441
1194 1988 2133
1745 2407 1567
2445 1349 1348
457 1347 389
2089 1723 612
2440 2396 2416
2431 2424 2427
2421 2434 2446
2413 1200 2447
2415 2428 2448
1972 1606 1607
2433 2403 2447
2045 2423 2435
2403 2413 2447
2407 2444 1567
533 715 534
2436 2449 2416
2415 2450 2420
952 1435 950
718 1206 1284
1785 2337 2411
2451 2406 2422
1435 1982 950
2452 2434 2420
1195 2453 2454
1348 1723 2445
2450 2415 2448
2410 1200 2413
1157 477 772
2431 2427 2455
305 304 917
2051 643 642
2423 2045 1972
2446 2434 2452
2428 2406 2451
1059 691 794
2448 2428 2451
1935 1937 1883
2442 2439 1744
2441 2456 2438
393 390 1349
1327 531 532
890 867 1993
2425 2423 1972
2452 2420 2450
772 410 1157
2337 1667 779
2425 1761 2419
1192 1194 2133
2444 2433 2280
1567 2444 2280
1250 2168 1251
1667 2337 1569
2043 2443 604
779 1667 1666
779 1145 614
1318 1317 2212
1875 1813 610
1567 1673 1870
1970 2457 2062
2433 2447 2280
1325 2078 748
531 525 304
2427 2442 2455
2089 2458 1723
2431 2455 2459
341 1771 342
1761 2425 1972
2450 2448 2460
2416 2449 2440
2443 2457 1970
2456 2436 2438
1763 2419 1761
1207 1671 1589
1993 580 890
1665 2089 1666
2441 2431 2459
2459 2461 2441
1763 2422 2419
2451 2422 1763
2455 2442 2462
1993 867 716
1145 1666 2089
1741 1738 830
2441 2461 2456
1667 1569 2463
2447 1200 1199
1434 391 703
2280 2447 1199
890 580 1329
1200 2410 2440
1723 2458 2445
2064 1310 1847
2457 590 2062
2445 393 1349
409 1569 410
1982 1435 1359
2449 2436 2332
580 527 526
1674 727 547
2443 2043 2457
2463 1665 1667
391 390 703
1665 2458 2089
525 531 526
409 2463 1569
1589 1670 1554
1982 951 950
550 1310 551
2462 1519 2455
2452 2450 2460
866 1072 717
590 1741 2062
2097 1254 701
2458 2117 2445
527 373 977
1519 2459 2455
2448 2451 1916
2458 2464 2117
2462 1517 1519
976 2043 917
2155 2457 2043
2456 2332 2436
2465 797 4
438 2015 850
2332 2456 2461
1709 580 1993
639 1620 257
1665 2464 2458
2466 1431 967
2448 1916 2460
1670 1671 2109
393 2445 2117
2449 1198 2440
976 2155 2043
1110 1879 1284
1747 1943 1951
1283 1284 829
800 1230 801
1709 1993 1992
1200 2440 1198
2463 409 2467
1162 1982 1359
1915 597 996
1974 1237 979
2463 2464 1665
2468 2464 2463
2459 2469 2461
1709 581 580
2460 2104 2452
976 372 2155
954 622 621
1554 1670 742
1058 512 1282
1740 1739 1738
703 392 1209
373 372 977
2459 1519 2469
1508 1923 2322
1727 495 869
2069 1655 2117
2155 590 2457
1358 1267 1992
2117 2464 2069
1709 1710 581
2451 1763 1916
416 415 1110
1367 1368 712
372 374 588
731 2470 1639
1738 1741 1740
581 373 527
2468 2069 2464
2469 1402 2461
712 1710 1367
1916 654 2460
1790 2471 1680
1879 1110 1109
2134 1000 288
2155 372 588
654 2104 2460
1266 616 231
1360 1186 1989
1013 2007 1510
1838 1730 472
1068 1234 1641
1207 1209 442
725 1233 638
2025 2467 2026
1366 416 1283
1507 435 1021
369 1863 1828
357 919 1399
2332 2461 1402
747 2113 1862
1515 465 743
347 2133 1988
1890 1276 644
2205 1317 1409
2025 2069 2468
2027 2026 2472
1914 517 507
2471 2026 2467
742 741 1360
415 1077 1109
465 1118 741
1009 1792 1010
1989 1008 1160
1368 230 712
1266 1368 1267
1573 898 2141
1075 1077 415
373 581 1395
666 1692 1273
1740 589 2085
2351 2268 1278
1502 417 416
1710 2153 1395
1640 1598 827
1655 1654 392
368 1074 695
1773 310 1180
1165 1163 1691
2046 678 1606
1740 1922 1739
1767 2099 2092
868 541 543
1008 2472 1790
1790 2472 2026
862 826 828
1739 1503 1366
589 588 2085
2008 2007 1012
1198 2449 2332
417 1075 415
1926 763 1654
1926 1653 2473
1208 442 440
2108 2075 374
1006 1008 1989
1653 2069 2025
2153 1710 712
2322 1923 2474
2085 2075 2074
1483 1893 1379
737 881 735
915 612 1722
2027 2473 1653
1325 685 2078
767 1515 2058
1111 616 1266
2027 2472 2473
417 1502 782
2108 2153 2073
2028 1969 2004
304 303 532
827 826 1641
1842 1856 1150
2072 1872 1958
230 1368 231
441 395 440
1076 1213 617
463 1243 464
1502 1508 782
1855 539 1249
711 2073 2153
511 1282 512
1075 417 781
711 2153 712
1788 2322 1789
2472 1008 1007
997 781 998
997 1212 1076
763 1926 820
344 768 1468
1922 2074 2474
1147 1146 1725
2475 1789 2476
1987 1874 1582
1234 1068 1139
1007 2473 2472
230 1546 711
1710 1395 581
2108 2073 2075
1117 1187 1118
1007 821 2473
1926 2473 821
515 1753 1809
395 441 396
1922 2474 1923
464 1361 1117
636 1698 637
711 1546 2476
768 2058 439
822 396 820
2073 2476 2074
2136 1571 2036
1458 2080 2070
2113 2477 2114
1567 1517 1744
1788 2323 2322
2079 2477 2078
1212 1778 1213
711 2476 2073
369 689 1863
673 540 545
541 2102 1721
232 2039 1546
584 1356 466
1778 1817 1277
463 694 1243
2039 232 1393
2475 2476 1546
2323 2478 783
997 999 1449
1970 2095 2443
592 284 388
1546 2039 2475
2474 2476 1789
1147 2136 2124
1097 1897 1382
1372 1895 1801
2474 1789 2322
1400 632 508
1565 2479 2480
1640 926 2037
2475 267 1789
1361 1243 1244
1788 2478 2323
1450 2481 1681
388 1778 1277
1625 2053 1983
1361 2121 2056
394 396 2088
2120 2088 2098
1990 1991 2012
1114 701 1254
1585 1100 1586
394 924 345
2039 1393 2040
822 2098 2088
1351 1297 309
2478 2482 783
524 1405 522
2039 267 2475
267 266 1788
783 2482 998
2154 2121 1244
2482 1476 998
1460 772 1795
703 1589 1434
2062 1741 1812
999 653 1448
522 2004 523
1356 1355 466
1476 653 999
2038 926 2130
2483 2482 2478
1438 1226 733
585 1448 653
1309 1101 1947
345 923 299
268 267 2040
522 2028 2004
1445 1768 1444
282 284 591
2120 2121 924
1347 457 2357
1332 1331 1777
1476 2482 2289
308 307 1440
429 428 744
266 2483 2478
8 897 896
2154 924 2121
268 2483 266
1829 370 1830
690 1968 1933
2028 522 1998
543 1614 1374
1969 2154 2004
866 1120 1070
1244 2004 2154
1921 1821 1797
587 1762 1607
1664 1660 407
1402 2469 1998
1021 1260 975
2484 1331 2485
1790 2026 2471
2104 654 653
949 458 953
1062 1035 250
592 1606 678
934 2486 2067
2332 1402 1401
1762 587 586
1436 2466 2487
2483 2289 2482
1979 1978 1227
1969 923 2154
239 1780 240
2028 1518 1969
1404 300 1871
2170 1499 239
677 2289 2483
653 1476 1837
1234 1139 14
2469 1519 1998
923 1969 1870
2463 2467 2468
1518 1567 1870
654 1916 586
1792 2446 2452
1476 2289 1837
2480 2488 1937
1383 1382 1897
250 1035 1034
272 274 1783
660 2437 658
1265 2076 1392
775 1622 412
2106 331 2023
2489 735 881
1985 1482 910
634 635 1701
2028 1519 1518
484 2167 842
474 1960 475
1779 1444 1780
387 2490 385
409 411 2471
411 1680 2471
750 2076 1787
2063 1615 978
2462 1744 1517
1465 1467 1566
1919 2437 660
906 1799 1474
1692 965 1274
1744 2462 2442
1451 310 1298
899 568 1801
2046 2045 1009
2414 1744 2439
546 217 225
602 604 2095
2435 2430 2045
1025 1116 1925
1791 2398 2446
1160 1162 1989
2414 1745 1744
1907 253 1477
2169 1791 1009
2430 2169 2045
2421 2446 2398
1908 638 1233
583 1931 1556
1998 1403 1402
1144 953 458
1042 1641 826
1984 2076 1265
1264 1467 1265
1582 2091 1539
1497 658 2437
1532 1531 1629
233 2137 207
439 395 1468
1873 2022 2090
1775 698 1326
1333 1971 1236
428 2032 745
1895 1372 1896
1039 1412 1411
2485 2144 2484
473 472 1730
1227 1226 1979
830 829 1072
1202 1394 1717
1515 767 463
691 693 795
1914 518 517
430 432 1472
1650 1422 1651
394 345 1468
679 2046 1009
1950 1951 1942
2078 2477 748
862 1152 826
1829 1831 2132
2165 1999 845
1126 1128 1608
961 963 1341
1299 2491 485
1137 565 513
296 1699 297
404 1279 2268
1322 2492 647
1991 2068 2012
870 872 2012
2109 743 1670
1531 1568 1770
1814 1980 1625
1856 2042 1150
963 2080 1026
1425 1743 2437
1278 2268 1279
1572 2141 1905
1527 1994 274
2062 1812 1462
645 1342 865
283 282 1393
328 329 1286
1897 1097 1976
725 727 1232
282 2040 1393
1988 482 347
814 3 817
2182 1183 1743
1792 2452 2104
1352 1816 948
1497 1183 684
1350 1351 321
634 811 492
1642 1103 1105
1714 311 1773
1756 1757 497
621 1130 1415
993 1530 2238
925 2429 2493
2471 2467 409
263 2494 2495
1083 1866 1865
1651 1995 1652
1678 775 1928
2145 1996 1506
434 964 664
491 490 1116
397 2137 2496
887 889 1302
878 880 1210
2246 2497 1305
816 817 2082
1773 311 310
1249 1793 1852
1029 1028 1219
848 481 1986
440 439 1304
1954 1350 321
1824 2087 2086
1638 2034 1639
1004 1946 1353
2063 1818 1250
1871 1870 1673
1103 1708 1704
1942 1156 2498
2470 731 2499
198 199 1140
1692 1274 1273
850 436 438
1908 1233 1941
1460 1680 411
1755 893 892
1919 2494 957
1980 1981 1948
387 2094 2490
876 387 386
998 781 783
457 1144 458
2144 2143 2484
2143 494 2500
1222 1224 1221
613 500 1396
771 535 959
2072 2502 1376
1965 754 1886
1564 1210 636
2072 1958 2502
1469 1471 2503
1762 1916 1763
2072 1376 493
2502 1377 1376
577 984 578
494 493 1377
2489 881 1973
1957 1377 1958
1372 568 567
2133 346 1720
2502 1958 1377
2090 2162 2503
493 2084 2072
2084 493 2504
256 2505 2506
1629 1672 1303
2503 1471 2091
1143 1017 1720
536 538 1288
1957 2501 1377
1469 2503 2161
1369 2103 1700
1786 503 505
907 909 1214
2041 540 220
1691 503 1786
1727 2504 495
1954 1714 572
1304 1671 1208
2204 2186 2244
1795 951 1460
1161 951 1982
731 1639 2507
2501 2508 1377
1617 1242 2509
1488 842 2167
338 1342 1276
466 2132 584
2160 1319 1524
1489 1488 2111
493 495 2504
869 868 1726
1848 1310 550
2489 1495 735
2510 2508 2501
591 592 678
1535 2186 1533
1377 2508 2500
677 2483 268
2474 2074 2476
1972 2046 1606
1377 2500 494
394 2120 924
2323 782 1508
2511 1560 2097
2144 2011 1647
2143 1721 494
1301 2491 1299
1899 922 1898
2512 2508 1997
2500 2508 2512
1068 1641 1042
593 1215 594
1991 993 2238
2 1859 4
1444 1300 1299
1070 1463 1071
2102 495 494
1300 1779 1498
2446 1792 1791
1483 1772 1893
1660 1659 408
1574 1941 1233
932 2060 1289
1489 2111 1659
1997 2112 2512
1851 1440 307
1498 1779 1499
598 932 596
1323 1677 1324
5 3 2
2514 2513 2171
2510 1997 2508
2484 2500 2512
2077 1056 1915
736 2171 2513
2112 2484 2512
2500 2484 2143
1487 1489 2453
2116 489 1892
2060 408 1659
2075 2085 588
2484 2112 1331
1740 2085 1922
2171 1246 2514
1960 2092 475
1374 1961 1375
498 2097 1560
1915 1056 1211
2138 810 812
1374 1614 1423
598 406 408
2116 1262 1127
2136 2036 2131
1572 2036 1571
1752 2514 1809
1262 2003 291
1562 1564 1909
1835 1445 1299
1836 1197 1445
1011 1013 1078
1055 878 1210
1195 1836 2453
299 923 1871
1487 2453 1836
1768 1780 1444
1777 1331 2112
1962 291 2003
1932 669 1986
1262 2116 2003
406 1322 407
1660 408 407
1868 1694 1035
515 1332 1753
561 982 1316
2465 1859 398
1836 1195 1197
1768 2517 1780
1246 1809 2514
1131 2384 1129
1838 1731 1730
608 2515 2029
295 297 1946
2009 1093 1511
1330 2485 1331
1563 1562 1676
1826 1977 2022
1529 473 2071
750 1787 2129
1629 1495 2489
406 598 1676
2515 608 1529
515 1330 1332
240 1082 238
240 1780 2517
2029 2515 2516
1868 1608 1080
1262 1128 1127
2029 2516 2030
1770 1769 1672
1768 1616 2517
1248 1245 1494
968 2485 1330
238 2054 1595
530 901 903
1422 1423 1651
1246 1247 1809
2323 783 782
1664 2454 2453
1322 406 1323
1616 1197 1196
291 1962 292
2010 1652 1995
1210 880 636
516 515 1809
2485 2010 2011
1613 1651 1423
968 2010 2485
2096 1196 2454
1929 1608 1311
2096 1617 1196
1082 2497 238
238 2497 2030
514 1330 515
2029 607 608
2054 2030 2516
2100 505 504
1247 1246 1245
1769 1551 1550
1839 1838 1940
1929 1080 1608
514 968 1330
2517 1616 1480
2497 2031 2030
291 293 1261
968 2490 2010
1322 1324 2492
1894 1650 2094
2490 1652 2010
1195 2454 1196
1698 636 880
2246 2031 2497
2031 607 2029
1839 2518 1698
1929 1078 1080
789 1570 1181
261 472 471
1494 1245 1495
1413 516 1247
2519 1324 1677
1081 1305 2497
889 2520 1302
1617 1480 1616
1617 2096 1242
1962 1423 292
1261 1169 1311
1494 1302 2520
1168 1311 1169
1694 1079 1551
1413 2487 516
2487 514 516
1562 1909 1677
1413 1247 1248
2518 637 1698
1909 1564 638
1480 1617 1481
637 725 638
1940 2495 1839
385 2490 968
804 1305 1481
296 295 1550
2031 2246 770
1652 2490 2094
1324 2519 2492
1909 1908 2519
385 968 967
981 1373 1085
1565 648 2521
1078 1013 1699
2495 1940 263
889 255 2520
471 959 261
637 2518 726
607 2031 770
649 1242 2096
2520 254 1248
981 1396 1373
1293 1169 293
295 888 1550
514 2487 967
2522 2521 2519
1168 1011 1929
888 295 1005
2523 255 889
1436 2487 1413
648 1241 649
1241 2509 1242
261 959 262
254 2520 255
2522 2519 1908
726 547 727
959 471 771
1291 1293 1424
548 2518 2495
261 263 1940
1168 1167 1584
1510 297 1013
967 386 385
548 2495 2494
1241 2524 2509
2492 2521 648
725 637 726
1005 2523 888
1481 2509 805
1565 2524 1241
806 714 804
958 959 535
770 2246 1253
2518 548 726
2479 2521 2522
1436 2506 2466
295 1004 1005
2487 2466 967
1436 1413 254
262 958 1155
1941 2522 1908
1291 1894 875
1292 1167 1293
255 2523 1599
806 805 1936
387 875 1894
1565 2480 2524
549 660 2002
1599 256 255
2479 2522 1561
256 2506 1436
1005 947 2523
1941 1561 2522
1919 549 2494
1004 1352 948
263 957 2494
256 1735 2505
1660 2453 1489
876 1432 1203
947 1005 948
2480 1936 2524
1450 1292 2481
1735 256 1599
806 558 714
549 548 2494
2506 1669 1431
534 1154 958
386 967 1431
1292 1867 2481
660 659 2002
2119 1681 2481
1561 2488 2479
1835 485 842
875 877 1867
710 1742 1155
1561 1941 499
1154 710 1155
1352 1004 1353
1735 1601 2505
1296 1509 2525
1937 1936 2480
1742 1425 1919
1509 1353 1946
931 2098 822
1012 2007 1013
1669 1603 1204
957 1742 1919
728 946 1816
2119 877 1810
1205 1810 1203
1669 2506 2505
1228 986 715
2008 1583 1755
946 2033 1736
986 786 1154
555 554 1228
2488 1561 1560
1734 1601 1735
1205 1204 1822
1354 1663 1815
730 2033 946
1810 1811 2119
946 728 730
710 1154 786
340 893 1682
1354 1296 1295
710 709 1742
659 658 1927
2119 1811 1681
893 1755 1682
1938 320 555
554 786 986
497 1757 498
1935 1883 1938
1497 2437 1743
1734 2059 1601
1511 2525 1509
708 642 709
775 1756 1928
554 2526 786
1446 1205 1447
642 1426 709
786 2526 708
1426 642 641
1094 1511 1093
1603 1602 1822
1094 1294 2525
2059 2052 1602
732 729 1591
731 2507 729
1638 1734 2034
2097 1881 2511
728 1591 729
2033 2507 2034
1882 320 1938
1811 1810 1446
553 2527 554
1497 1743 1183
1351 1591 1663
1426 2182 1743
697 699 658
1093 1755 892
1638 2059 1734
708 2051 642
1891 338 1276
1294 1094 1451
1811 338 340
2526 2051 708
2527 2526 554
579 2527 553
1547 1447 1822
2247 835 1224
1497 684 697
1881 1695 1882
320 1882 318
774 1255 773
321 1351 309
1678 1622 775
1350 731 732
2507 1639 2034
2527 2528 2526
1093 456 453
2528 2051 2526
1891 1634 339
1298 1294 1451
1638 1473 2059
1451 343 1180
553 320 319
2470 1472 1639
1899 319 922
2182 1182 1183
701 1881 2097
1602 2052 1547
2528 2527 579
1427 2182 641
825 456 892
1623 1622 1775
318 1695 1939
1350 2499 731
453 343 1451
684 686 697
1180 2001 1773
2511 1881 1883
2499 2529 2470
863 2052 873
2182 1427 1182
1954 2499 1350
865 864 645
579 1512 2528
1182 685 684
2528 2018 2051
412 707 706
1065 864 1805
873 1473 432
1182 1429 685
1512 2018 2528
1087 2103 2160
2078 685 1429
1899 1512 579
1114 702 701
431 1064 1805
341 343 454
863 1805 864
1918 1898 922
1065 646 864
1939 1061 1918
1869 696 1623
2005 2107 1428
2018 1512 364
2107 1429 1428
2470 2529 1668
2001 1774 1773
342 2001 1180
740 341 455
364 2005 2018
1887 740 455
1469 452 1880
571 2529 2499
860 2530 1060
1512 1899 450
1889 738 1887
1166 380 379
1166 1060 2530
571 1954 572
572 1714 1593
450 1898 451
1066 1002 1001
452 364 450
859 707 1048
2107 2005 363
571 1485 2529
1889 1313 738
1668 2529 1484
379 451 1898
1945 2530 860
1668 1548 430
342 424 2001
2005 364 363
2079 2114 2477
2163 510 509
748 688 1325
1133 799 1593
933 573 572
1771 740 739
1932 1934 918
1484 1548 1668
1491 1690 739
1889 1890 1384
1774 2001 423
380 1166 2530
1250 1615 2063
1064 431 1630
1064 1067 1001
2114 2079 510
452 362 364
1073 807 1048
747 748 2113
1485 571 573
1945 860 1170
451 575 1880
738 1491 739
747 689 688
2530 1945 2531
807 809 1170
2115 1862 2113
2531 1624 380
687 1869 688
696 1930 413
1385 1314 1313
1066 1618 1002
1876 1439 2532
1067 1064 1630
738 1313 1491
451 379 381
2531 1945 1814
1876 1631 1630
1312 1491 1313
2115 2114 510
362 509 363
1469 362 452
1486 1548 1484
2161 509 362
1067 2533 1066
1433 1385 1618
1690 2035 1592
510 2163 2115
573 2067 1485
1631 2533 1067
509 2161 2163
2161 362 1469
934 2067 573
2533 1433 1066
575 381 1528
1548 1486 2532
1548 2532 1439
1229 934 801
1862 2115 1977
1314 333 1312
2285 2534 2532
2067 2285 1486
695 1073 1930
1977 2163 2162
1624 2531 1814
2163 1977 2115
2534 2535 1876
809 1980 1814
799 1133 930
1433 762 761
695 687 368
1662 808 2048
1980 809 808
1631 1876 2535
933 801 934
946 1736 1599
807 1073 2048
2035 928 1132
1231 2486 1229
1540 1470 1626
2533 1344 762
1539 1471 1540
934 1229 2486
2122 2285 2486
467 1662 2048
2035 1690 1689
2067 2486 2285
2535 1344 1631
2535 2534 384
1312 1820 1490
2285 382 2534
2161 2503 2162
2091 2090 2503
1921 928 1689
1314 1385 334
2090 2022 2162
1690 1491 1490
800 930 929
808 1662 1981
807 2048 808
333 1820 1312
384 2534 382
1343 2535 384
468 370 1829
1983 1540 1626
1470 1540 1471
929 928 1920
1828 1830 369
1734 1736 2034
2535 1343 1344
1820 1821 1490
1857 1948 1981
467 466 1661
762 1344 760
1827 1830 1828
1335 1643 1105
1471 1539 2091
382 1501 383
974 1820 333
1541 1540 1983
2053 1980 1948
1920 928 1921
2151 1900 2149
1747 1826 1748
1231 1335 2093
1343 384 383
1981 1662 1857
2091 1582 1873
332 974 333
973 332 1271
1335 1104 2093
1453 1270 2536
1857 519 1948
1830 1827 1831
1585 1500 2093
1343 2536 1270
383 1587 2536
1708 1920 1796
1747 1951 1827
2053 1542 1904
1800 1474 1799
1541 1216 1539
1475 1474 337
466 1829 2132
349 2087 350
1542 1544 1860
198 1140 234
1619 1860 312
1799 1798 1797
1501 1587 383
816 1987 1581
1943 1749 2082
1684 1411 605
584 2132 582
1363 2087 1824
1217 1904 1860
1281 1513 1047
1942 1951 1943
2149 2145 2537
1874 1987 1749
1587 1047 1453
906 1475 904
1357 520 519
1708 1796 1706
1216 1541 1217
1103 1704 1728
1453 1047 1513
1920 1708 1642
521 1544 1543
1585 1104 1100
1475 337 336
1587 1501 1586
973 1271 1513
1544 312 1860
2146 2148 2538
946 948 1816
1218 1581 1216
1950 1942 2498
2539 2105 1032
815 1581 1218
1950 582 2132
1047 1587 1046
520 1555 521
2498 582 1950
1269 1046 1586
520 1556 1555
1555 2540 521
813 1218 1619
1907 1479 2110
1705 1707 1840
2498 796 2541
813 815 1218
1942 1944 1156
1156 796 2498
2540 312 1544
336 335 2542
1707 1705 1704
2537 2145 2543
2142 2543 2145
335 1281 1171
1102 2539 1032
2542 1171 1478
1269 1032 1046
1664 1322 647
813 1619 314
1309 1102 1101
1089 2151 2544
2540 1555 1594
3 814 939
313 312 2540
816 815 814
2542 335 1171
2538 12 2146
1252 2042 1036
2542 1252 336
1046 1032 1031
904 1853 905
796 798 2541
1705 1793 1947
813 939 814
1156 4 797
2540 1594 313
1030 1479 1478
1037 1853 904
1855 1249 1854
2539 1102 1309
1910 2042 1252
1030 1032 2105
798 2545 1931
2546 2542 1478
2547 798 797
1910 1252 2546
1417 1594 1418
2542 2546 1252
2151 2149 2548
2465 2547 797
673 1309 1947
1620 639 939
2547 2545 798
2105 2110 1479
2545 2496 1416
1620 313 258
1856 1855 1854
2549 2148 1089
1040 601 1417
601 313 1594
1477 2546 1478
258 313 601
1910 1150 2042
1416 1040 1417
1858 1859 2
1670 743 742
1907 1477 1479
2539 2110 2105
1040 1416 2496
1309 544 2539
741 743 465
2465 398 2547
1793 1249 540
1 2550 2
2550 1858 2
1910 2546 1911
1477 1911 2546
2429 13 12
1179 1 639
397 2545 2547
560 398 1859
398 397 2547
1601 1603 2505
2544 2549 1089
2538 2551 12
2552 2149 2537
2496 2545 397
2142 2139 2543
539 1855 938
2550 294 1858
2544 2151 2548
1858 275 560
1910 1149 1150
258 257 1620
2496 244 713
2429 12 2551
1179 2550 1
2139 2135 2553
2554 278 1911
1911 1477 253
599 1040 713
259 258 600
2477 2113 748
260 294 2550
294 275 1858
1911 278 1149
2149 2552 2548
260 2550 1179
1140 1842 1141
1911 253 2554
600 251 259
244 252 713
540 2041 545
1149 245 1141
275 400 560
600 246 251
2553 2543 2139
399 398 560
278 245 1149
229 260 1179
244 2496 2137
259 226 265
265 229 1179
1842 938 1855
2538 2148 2549
196 2554 253
2537 2543 2552
399 400 219
2554 235 278
264 251 246
2050 2555 241
224 253 225
2553 2135 2556
2135 1018 2556
2551 2538 2557
260 229 204
546 213 217
926 2558 2130
1912 2555 2050
1906 225 253
1140 199 938
926 2127 2558
539 214 220
2538 2549 2559
2560 2549 2544
187 235 196
2555 2128 241
2554 196 235
2128 2555 2561
2543 2553 2562
2563 2429 2551
2564 2560 2544
1884 1143 2565
2558 2125 2130
2548 2552 2566
925 2493 2558
2544 2548 2564
925 2558 2127
2564 2548 2567
2125 2558 2568
1912 2126 2569
2128 2565 1143
1018 1142 1884
2568 2123 2125
2563 2551 2557
2570 2561 2555
2555 1912 2569
2566 2552 2571
2561 2565 2128
1018 1884 2572
2493 2429 2563
2556 1018 2572
2573 2126 2123
2574 2123 2568
2558 2493 2563
2123 2574 2573
2575 2563 2557
2569 2570 2555
2576 2568 2558
2572 1884 2565
2568 2576 2574
2557 2538 2559
2552 2543 2562
2577 2575 2557
2126 2573 2569
2576 2558 2578
2563 2578 2558
2565 2561 2579
2571 2552 2580
2567 2548 2566
2561 2570 2581
2556 2582 2553
2559 2549 2560
2572 2565 2579
2573 2583 2569
2556 2572 2584
2581 2570 2585
2577 2557 2586
2559 2560 2587
2579 2561 2581
2570 2569 2583
2562 2580 2552
2570 2583 2585
2557 2559 2586
2578 2563 2575
2583 2573 2574
2567 2588 2564
2589 2582 2556
2585 2583 2590
2564 2591 2560
2566 2592 2567
2588 2567 2592
2593 2583 2574
2584 2589 2556
2578 2575 2577
2564 2588 2591
2584 2572 2579
2574 2576 2594
2595 2588 2596
2596 2588 2592
2581 2597 2579
2584 2579 2597
2583 2593 2590
2560 2591 2598
2599 2571 2580
2595 2591 2588
2582 2562 2553
2600 2577 2586
2578 2577 2601
2560 2598 2587
2578 2601 2576
2586 2559 2587
2566 2571 2599
2593 2574 2594
2602 2603 2595
2602 2595 2596
2595 2604 2591
2592 2566 2599
2605 2596 2592
2599 2580 2606
2605 2602 2596
2603 2602 2607
2602 2608 2607
2608 2602 2605
2562 2606 2580
2603 2607 2609
2585 2590 2610
2594 2576 2601
2592 2611 2605
2587 2598 2612
2599 2611 2592
2598 2591 2604
2606 2613 2599
2604 2595 2603
2604 2603 2614
2609 2614 2603
2615 2590 2593
2593 2594 2616
2606 2617 2613
2599 2613 2611
2608 2605 2618
2584 2619 2589
2562 2582 2606
2581 2585 2620
2612 2586 2587
2605 2611 2618
2594 2601 2621
2610 2620 2585
2609 2607 2622
2597 2581 2620
2613 2617 2623
2616 2624 2593
2597 2620 2625
2608 2618 2626
2614 2627 2604
2615 2593 2624
2628 2604 2627
2604 2628 2598
2616 2594 2621
2608 2626 2607
2616 2629 2624
2630 2614 2609
2612 2598 2628
2625 2584 2597
2624 2629 2615
2616 2631 2629
2615 2632 2590
2619 2584 2625
2627 2614 2630
2633 2610 2632
2632 2610 2590
2631 2616 2634
2632 2615 2635
2621 2636 2616
2629 2637 2638
2635 2629 2638
2615 2629 2635
2631 2637 2629
2630 2609 2622
2622 2607 2626
2637 2631 2639
2601 2577 2600
2618 2611 2640
2616 2636 2634
2617 2606 2582
2637 2641 2638
2634 2642 2631
2612 2628 2643
2637 2639 2641
2644 2601 2600
2586 2612 2645
2641 2639 2646
2613 2640 2611
2626 2618 2647
2642 2639 2631
2633 2632 2648
2642 2634 2649
2630 2622 2650
2620 2610 2633
2636 2621 2644
2645 2612 2643
2642 2649 2651
2652 2653 2632
2621 2601 2644
2647 2618 2654
2639 2642 2655
2646 2639 2655
2635 2652 2632
2640 2613 2656
2613 2623 2656
2625 2620 2657
2653 2648 2632
2657 2620 2633
2622 2647 2658
2626 2647 2622
2659 2619 2625
2628 2660 2643
2618 2640 2654
2650 2622 2658
2627 2660 2628
2645 2600 2586
2634 2636 2649
2661 2638 2641
2623 2617 2662
2635 2638 2661
2582 2663 2617
2625 2657 2659
2640 2656 2664
2648 2653 2665
2655 2666 2646
2657 2633 2648
2652 2635 2661
2646 2661 2641
2667 2643 2660
2623 2662 2656
2582 2668 2663
2661 2646 2666
2658 2669 2650
2582 2589 2668
2653 2652 2670
2617 2663 2662
2636 2644 2649
2671 2627 2630
2672 2643 2667
2666 2655 2673
2653 2670 2665
2674 2648 2665
2675 2654 2640
2670 2676 2665
2645 2643 2672
2660 2627 2671
2657 2677 2659
2630 2650 2669
2678 2619 2659
2589 2619 2678
2657 2648 2674
2655 2679 2673
2661 2680 2652
2670 2652 2680
2651 2649 2681
2682 2663 2668
2651 2683 2684
2642 2651 2684
2660 2671 2685
2647 2654 2675
2589 2678 2668
2665 2676 2674
2658 2647 2686
2645 2672 2687
2675 2686 2647
2688 2660 2685
2676 2670 2689
2666 2680 2661
2684 2683 2690
2651 2681 2683
2691 2630 2669
2684 2679 2655
2655 2642 2684
2659 2677 2692
2678 2659 2692
2674 2677 2657
2660 2688 2667
2673 2679 2693
2664 2694 2640
2674 2695 2677
2696 2600 2645
2664 2656 2697
2692 2677 2698
2675 2640 2694
2671 2630 2691
2656 2662 2699
2666 2700 2680
2682 2668 2701
2695 2698 2677
2676 2689 2702
2700 2670 2680
2644 2703 2649
2669 2658 2704
2673 2705 2666
2674 2676 2702
2658 2686 2706
2649 2703 2681
2644 2600 2696
2705 2673 2707
2695 2674 2708
2678 2709 2668
2672 2710 2687
2705 2700 2666
2645 2687 2696
2673 2693 2711
2701 2668 2709
2689 2670 2712
2674 2702 2708
2658 2706 2704
2689 2713 2702
2705 2714 2700
2692 2698 2709
2715 2695 2708
2700 2712 2670
2695 2715 2698
2669 2704 2716
2673 2711 2707
2683 2681 2717
2690 2683 2717
2703 2644 2718
2719 2714 2720
2679 2684 2711
2692 2709 2678
2644 2696 2718
2663 2721 2662
2705 2707 2722
2700 2714 2723
2722 2720 2714
2714 2705 2722
2688 2724 2667
2719 2723 2714
2725 2690 2717
2726 2720 2722
2727 2682 2701
2707 2728 2722
2719 2720 2729
2729 2730 2719
2708 2702 2731
2702 2713 2731
2732 2663 2682
2733 2715 2708
2675 2734 2686
2706 2735 2704
2693 2679 2711
2720 2726 2736
2737 2707 2711
2710 2738 2687
2687 2739 2696
2718 2696 2739
2723 2719 2730
2684 2690 2725
2707 2737 2728
2709 2698 2740
2726 2722 2741
2730 2729 2742
2743 2671 2691
2682 2727 2732
2741 2722 2744
2745 2729 2720
2689 2712 2713
2735 2706 2746
2694 2664 2747
2725 2748 2684
2664 2697 2747
2669 2716 2749
2721 2663 2732
2704 2735 2750
2734 2675 2694
2744 2722 2728
2731 2733 2708
2672 2667 2710
2691 2669 2749
2723 2751 2700
2686 2746 2706
2704 2750 2716
2699 2697 2656
2701 2709 2740
2745 2720 2736
2681 2703 2752
2753 2746 2686
2688 2685 2754
2717 2681 2755
2712 2700 2751
2713 2712 2731
2711 2684 2737
2744 2728 2756
2732 2727 2757
2758 2727 2701
2698 2715 2759
2751 2723 2730
2728 2737 2760
2761 2691 2749
2742 2729 2745
2734 2753 2686
2737 2684 2748
2744 2762 2741
2703 2718 2752
2739 2687 2763
2667 2724 2764
2733 2731 2765
2755 2725 2717
2698 2759 2740
2758 2701 2740
2752 2755 2681
2751 2731 2712
2766 2738 2710
2685 2671 2743
2747 2734 2694
2731 2751 2742
2715 2733 2759
2742 2751 2730
2761 2743 2691
2756 2728 2760
2750 2735 2767
2735 2746 2767
2699 2662 2721
2765 2768 2733
2736 2726 2741
2756 2769 2744
2770 2716 2750
2771 2732 2757
2764 2710 2667
2742 2745 2772
2760 2737 2773
2752 2718 2774
2687 2738 2763
2775 2741 2762
2718 2739 2774
2731 2742 2776
2721 2732 2771
2777 2747 2778
2740 2759 2758
2762 2744 2769
2745 2736 2779
2699 2721 2780
2781 2767 2746
2782 2755 2752
2737 2748 2773
2765 2731 2776
2783 2716 2770
2783 2749 2716
2685 2743 2754
2784 2776 2742
2739 2763 2774
2753 2781 2746
2710 2764 2766
2760 2785 2756
2741 2779 2736
2747 2697 2786
2750 2767 2770
2787 2748 2725
2697 2699 2780
2738 2766 2788
2725 2755 2787
2769 2756 2785
2784 2742 2772
2743 2761 2789
2734 2747 2777
2727 2790 2757
2727 2758 2791
2792 2764 2724
2775 2779 2741
2772 2745 2779
2688 2792 2724
2759 2733 2768
2721 2771 2780
2793 2753 2734
2734 2777 2793
2794 2769 2785
2763 2738 2788
2790 2727 2795
2761 2749 2783
2781 2753 2793
2769 2775 2762
2780 2771 2796
2727 2791 2795
2773 2797 2760
2754 2792 2688
2765 2776 2798
2768 2765 2799
2752 2774 2782
2757 2790 2771
2785 2760 2797
2754 2743 2800
2748 2787 2773
2755 2782 2801
2764 2792 2802
2747 2786 2778
2789 2761 2803
2763 2788 2804
2796 2771 2805
2759 2768 2806
2798 2776 2784
2807 2772 2779
2799 2765 2798
2775 2769 2808
2784 2772 2807
2781 2793 2809
2804 2774 2763
2697 2780 2810
2784 2811 2798
2766 2764 2812
2805 2771 2790
2801 2813 2755
2779 2775 2808
2758 2759 2806
2783 2803 2761
2802 2792 2814
2769 2794 2808
2814 2792 2754
2784 2815 2811
2816 2743 2789
2791 2758 2806
2764 2802 2812
2768 2799 2817
2800 2743 2816
2767 2781 2809
2782 2774 2818
2817 2806 2768
2784 2807 2815
2812 2788 2766
2786 2697 2810
2810 2780 2796
2819 2820 2785
2805 2790 2795
2787 2755 2813
2794 2785 2820
2789 2803 2821
2778 2786 2822
2823 2773 2824
2774 2804 2825
2797 2773 2823
2767 2809 2770
2793 2777 2822
2826 2810 2796
2818 2774 2825
2778 2822 2777
2779 2808 2827
2799 2798 2811
2809 2793 2828
2773 2787 2824
2797 2819 2785
2818 2829 2782
2812 2804 2788
2812 2802 2830
2787 2813 2831
2807 2779 2827
2807 2832 2815
2795 2791 2833
2809 2828 2834
2801 2782 2829
2814 2830 2802
2835 2803 2783
2797 2823 2836
2835 2783 2770
2806 2833 2791
2799 2811 2837
2828 2793 2822
2808 2794 2827
2811 2815 2838
2789 2821 2816
2754 2800 2839
2836 2819 2797
2840 2822 2786
2827 2794 2841
2805 2795 2833
2810 2826 2842
2824 2787 2831
2813 2801 2829
2807 2843 2832
2844 2770 2809
2816 2821 2845
2846 2843 2807
2830 2814 2847
2786 2810 2848
2805 2833 2796
2843 2849 2832
2820 2841 2794
2828 2822 2850
2754 2839 2814
2836 2823 2851
2835 2770 2844
2807 2827 2846
2820 2819 2852
2850 2822 2840
2853 2812 2830
2826 2796 2833
2804 2812 2853
2825 2804 2853
2800 2816 2854
2835 2855 2803
2815 2832 2856
2851 2823 2824
2857 2811 2838
2829 2858 2813
2859 2847 2814
2859 2814 2839
2840 2786 2848
2815 2856 2838
2850 2840 2860
2842 2826 2861
2831 2813 2862
2826 2833 2861
2841 2820 2863
2834 2828 2850
2837 2811 2857
2827 2841 2846
2856 2832 2864
2845 2821 2855
2821 2803 2855
2841 2863 2846
2865 2818 2825
2836 2852 2819
2853 2830 2847
2820 2852 2863
2816 2845 2866
2839 2867 2859
2849 2843 2846
2865 2858 2818
2829 2818 2858
2832 2849 2864
2799 2837 2868
2855 2835 2844
2869 2853 2847
2866 2854 2816
2833 2806 2870
2813 2858 2862
2867 2839 2800
2836 2851 2871
2872 2849 2863
2852 2836 2871
2849 2846 2863
2845 2855 2873
2868 2817 2799
2864 2849 2872
2872 2863 2852
2809 2873 2844
2810 2842 2848
2852 2871 2872
2834 2850 2874
2831 2862 2875
2833 2870 2876
2824 2831 2877
2878 2848 2842
2861 2833 2879
2873 2855 2844
2851 2824 2877
2879 2833 2876
2851 2880 2871
2847 2859 2881
2838 2856 2882
2853 2865 2825
2874 2850 2860
2868 2837 2857
2840 2848 2883
2884 2882 2856
2809 2834 2874
2869 2847 2881
2859 2867 2881
2885 2883 2848
2886 2867 2800
2817 2887 2806
2862 2858 2888
2862 2888 2889
2845 2890 2866
2800 2854 2886
2860 2840 2883
2809 2874 2873
2874 2860 2891
2838 2892 2857
2856 2864 2884
2872 2871 2864
2851 2877 2893
2866 2890 2854
2870 2806 2887
2861 2878 2842
2877 2831 2875
2880 2851 2893
2887 2817 2894
2862 2889 2875
2838 2882 2892
2894 2817 2868
2864 2871 2895
2865 2853 2896
2871 2880 2895
2884 2864 2897
2880 2893 2895
2845 2873 2890
2884 2897 2898
2867 2899 2881
2854 2900 2886
2888 2858 2901
2857 2902 2868
2903 2864 2895
2864 2903 2904
2870 2887 2905
2883 2885 2906
2896 2907 2865
2858 2865 2907
2893 2877 2908
2864 2904 2897
2891 2909 2874
2875 2889 2910
2894 2868 2902
2902 2857 2892
2911 2869 2881
2877 2875 2912
2878 2861 2879
2901 2858 2907
2904 2903 2913
2900 2854 2890
2886 2914 2867
2860 2906 2891
2860 2883 2906
2915 2878 2879
2900 2916 2886
2899 2867 2914
2876 2917 2879
2918 2870 2905
2893 2919 2895
2869 2920 2853
2903 2895 2919
2848 2878 2921
2918 2876 2870
2901 2922 2888
2923 2873 2909
2873 2874 2909
2896 2853 2920
2913 2903 2919
2881 2899 2911
2882 2884 2924
2885 2848 2921
2875 2910 2912
2889 2888 2922
2897 2904 2913
2890 2873 2923
2893 2908 2925
2919 2893 2925
2920 2869 2911
2902 2892 2926
2908 2877 2927
2884 2898 2924
2897 2928 2898
2886 2916 2914
2929 2887 2894
2915 2879 2930
2910 2889 2931
2900 2890 2932
2933 2882 2924
2922 2931 2889
2905 2887 2929
2934 2916 2900
2891 2906 2935
2914 2936 2899
2879 2917 2930
2907 2896 2937
2913 2938 2897
2939 2918 2905
2940 2877 2912
2911 2899 2936
2908 2927 2925
2925 2941 2919
2917 2876 2918
2892 2882 2933
2896 2920 2942
2942 2920 2911
2897 2938 2928
2927 2877 2940
2906 2885 2921
2892 2933 2926
2905 2929 2939
2900 2932 2934
2909 2891 2935
2921 2878 2915
2943 2940 2912
2890 2923 2944
2910 2931 2945
2924 2898 2946
2947 2927 2940
2917 2918 2939
2911 2936 2948
2937 2896 2949
2919 2941 2950
2913 2919 2950
2910 2943 2912
2928 2946 2898
2947 2925 2927
2949 2896 2942
2951 2915 2930
2914 2916 2952
2929 2894 2953
2913 2950 2938
2910 2954 2943
2901 2907 2955
2945 2954 2910
2931 2922 2945
2930 2917 2956
2946 2957 2924
2925 2958 2941
2890 2944 2932
2935 2906 2921
2894 2902 2959
2936 2914 2952
2916 2934 2952
2960 2950 2941
2925 2947 2958
2954 2961 2943
2923 2909 2935
2922 2901 2955
2962 2921 2963
2960 2941 2958
2928 2938 2964
2942 2911 2948
2921 2915 2963
2938 2950 2960
2907 2937 2955
2946 2928 2964
2965 2924 2957
2966 2940 2943
2940 2966 2947
2934 2932 2944
2944 2923 2967
2930 2956 2968
2933 2924 2965
2951 2963 2915
2939 2929 2969
2935 2921 2970
2971 2960 2972
2973 2938 2960
2923 2935 2967
2952 2934 2974
2917 2939 2956
2966 2958 2947
2945 2922 2975
2966 2943 2976
2926 2959 2902
2977 2960 2971
2973 2960 2977
2938 2973 2964
2955 2975 2922
2933 2965 2926
2960 2958 2972
2921 2962 2970
2955 2937 2978
2964 2973 2979
2974 2934 2944
2949 2978 2937
2978 2949 2980
2929 2953 2981
2948 2982 2942
2953 2894 2981
2951 2983 2963
2984 2935 2970
2942 2982 2949
2926 2965 2985
2977 2971 2972
2936 2952 2986
2987 2958 2966
2987 2966 2976
2974 2988 2952
2968 2956 2989
2972 2958 2990
2967 2935 2991
2951 2930 2968
2944 2967 2992
2979 2946 2964
2986 2948 2936
2965 2957 2993
2943 2961 2976
2959 2926 2985
2987 2994 2958
2970 2962 2963
2969 2929 2995
2996 2988 2974
2957 2946 2993
2984 2991 2935
2990 2958 2994
2976 2961 2997
2894 2959 2981
2979 2973 2977
2979 2998 2946
2998 2993 2946
2982 2999 2949
2977 2972 2990
2954 2945 3000
2948 2986 3001
2961 2954 3000
2983 2951 3002
2975 2955 2978
2977 2990 3003
3000 2945 2975
2995 2929 2981
2952 2988 3004
2986 2952 3004
2987 2976 3005
2968 3002 2951
2944 2992 3006
3007 2963 2983
2939 2969 2956
3008 2967 2991
2974 2944 3006
2948 3001 2982
2992 2967 3008
2979 2977 3003
2976 2997 3005
2996 2974 3006
2970 2963 3007
2969 3009 2956
3007 2984 2970
3010 2961 3000
3004 2988 2996
2985 2965 3011
2997 2961 3010
2985 3012 2959
2981 2959 3013
2999 2980 2949
2987 3005 3014
2990 3015 3003
3003 3016 2979
2997 3010 3005
2984 3017 2991
2993 3011 2965
3000 2975 3018
3002 2968 2989
3015 2990 2994
2994 2987 3014
2978 2980 3019
2959 3012 3013
2998 2979 3020
2998 3021 2993
3014 3005 3022
3004 2996 3023
3011 2993 3021
2982 3001 3024
2979 3016 3020
3008 2991 3025
2978 3018 2975
2989 2956 3009
3014 3015 2994
3008 3026 2992
2969 3027 3009
2980 2999 3028
3018 2978 3029
2999 2982 3024
2984 3007 3017
3030 2996 3006
3001 2986 3023
3003 3015 3016
3026 3031 2992
3006 2992 3031
3000 3032 3010
3033 3002 2989
3005 3010 3032
2995 2981 3013
3012 2985 3034
2995 3027 2969
3019 2980 3028
3011 3034 2985
3026 3008 3025
3022 3005 3032
2986 3004 3023
3029 2978 3019
2996 3030 3023
3015 3014 3035
2995 3013 3027
3036 3037 3016
3020 3016 3037
3015 3036 3016
3031 3030 3006
3025 2991 3038
2991 3017 3038
3027 3039 3009
3007 2983 3040
3040 3017 3007
3038 3017 3040
3015 3035 3041
3036 3015 3041
3042 3024 3001
3012 3034 3013
3014 3022 3043
3001 3023 3044
3045 3020 3037
3021 2998 3020
3014 3046 3035
2983 3047 3040
3028 2999 3048
3022 3032 3049
3043 3022 3049
2999 3024 3048
3050 3031 3026
3000 3018 3051
3036 3041 3037
3019 3028 3029
3030 3031 3052
2983 3002 3047
3042 3001 3044
3032 3000 3051
3025 3038 3026
3044 3023 3053
3052 3031 3050
3035 3046 3041
3021 3020 3054
3039 3027 3055
3013 3034 3056
3053 3023 3030
3024 3042 3048
3011 3057 3034
3058 3009 3039
3018 3029 3059
3043 3060 3014
3038 3050 3026
3046 3014 3060
3060 3061 3046
3021 3062 3011
3063 3064 3038
3046 3065 3041
3050 3038 3064
3058 3033 2989
3047 3066 3040
3057 3011 3062
3054 3020 3045
2989 3009 3058
3040 3063 3038
3067 3030 3052
3033 3047 3002
3062 3021 3054
3043 3049 3068
3029 3028 3069
3040 3066 3063
3067 3053 3030
3044 3053 3042
3056 3034 3057
3029 3069 3059
3027 3013 3070
3063 3066 3071
3065 3046 3061
3070 3013 3056
3028 3048 3069
3051 3018 3059
3048 3042 3072
3059 3069 3073
3064 3052 3050
3067 3052 3074
3037 3041 3075
3045 3037 3075
3068 3060 3043
3033 3058 3076
3072 3042 3077
3045 3078 3054
3070 3055 3027
3052 3064 3079
3067 3080 3053
3080 3081 3053
3042 3053 3077
3058 3039 3082
3066 3047 3083
3048 3072 3069
3056 3084 3070
3062 3054 3085
3063 3079 3064
3074 3052 3079
3077 3053 3081
3061 3060 3065
3041 3065 3086
3075 3041 3086
3047 3087 3083
3088 3051 3059
3080 3067 3089
3032 3051 3090
3087 3047 3033
3058 3082 3091
3082 3039 3055
3049 3032 3092
3093 3081 3094
3056 3057 3095
3096 3055 3084
3084 3055 3070
3080 3094 3081
3092 3032 3090
3097 3077 3081
3098 3080 3089
3077 3097 3072
3097 3081 3093
3068 3049 3099
3067 3074 3089
3049 3092 3100
3079 3063 3071
3087 3033 3076
3078 3101 3054
3083 3071 3066
3062 3095 3057
3069 3072 3097
3069 3097 3102
3088 3090 3051
3059 3103 3088
3069 3102 3073
3099 3049 3100
3045 3075 3078
3104 3079 3071
3104 3074 3079
3105 3065 3060
3086 3065 3105
3073 3103 3059
3058 3106 3076
3093 3094 3107
3073 3102 3103
3094 3080 3098
3082 3055 3096
3095 3084 3056
3097 3093 3108
3062 3084 3095
3102 3097 3108
3106 3058 3091
3108 3093 3107
3104 3089 3074
3060 3068 3109
3104 3071 3083
3110 3078 3075
3106 3087 3076
3083 3087 3111
3112 3102 3108
3082 3113 3091
3108 3107 3114
3115 3084 3062
3087 3116 3111
3117 3086 3105
3118 3086 3117
3110 3086 3118
3087 3106 3116
3103 3102 3119
3102 3112 3119
3094 3098 3120
3101 3078 3110
3086 3110 3075
3089 3104 3098
3083 3098 3104
3098 3083 3111
3121 3101 3122
3090 3088 3123
3062 3085 3115
3101 3085 3054
3113 3106 3091
3124 3101 3121
3109 3068 3099
3101 3110 3122
3085 3101 3124
3120 3098 3125
3098 3111 3125
3125 3111 3116
3106 3125 3116
3112 3108 3126
3106 3113 3125
3127 3125 3113
3120 3107 3094
3060 3109 3105
3122 3110 3118
3088 3103 3123
3112 3128 3119
3124 3129 3115
3100 3092 3130
3115 3085 3124
3115 3096 3084
3113 3082 3096
3131 3096 3129
3112 3126 3128
3129 3124 3121
3131 3132 3096
3129 3096 3115
3109 3099 3105
3107 3120 3133
3126 3108 3114
3090 3123 3134
3130 3092 3090
3134 3130 3090
3119 3128 3135
3099 3100 3130
3122 3136 3121
3127 3133 3125
3132 3113 3096
3121 3137 3129
3127 3138 3139
3139 3133 3127
3128 3140 3135
3133 3120 3125
3136 3122 3118
3103 3119 3123
3131 3129 3140
3129 3137 3140
3119 3135 3141
3141 3136 3134
3127 3113 3132
3114 3107 3133
3123 3119 3134
3142 3133 3139
3130 3134 3143
3119 3141 3134
3143 3134 3118
3136 3118 3134
3143 3099 3130
3138 3131 3139
3126 3140 3128
3126 3142 3140
3114 3142 3126
3131 3127 3132
3138 3127 3131
3135 3140 3141
3140 3139 3131
3137 3121 3136
3139 3140 3142
3141 3137 3136
3141 3140 3137
3114 3133 3142
3099 3143 3105
3105 3143 3117
3117 3143 3118
211 2041 220
275 222 400
211 213 2041
222 227 400
57 79 68
57 68 67
58 57 67
38 21 17
55 54 20
34 58 67
38 17 16
35 34 67
45 38 16
109 50 49
19 71 81
67 113 109
22 45 16
67 109 49
49 23 22
81 35 67
16 55 20
19 81 67
67 49 22
67 22 16
16 20 19
67 16 19
25 42 100
62 31 33
100 99 114
33 39 41
33 41 29
26 25 100
100 114 85
33 29 28
100 85 84
84 96 123
75 47 46
84 123 75
100 84 75
63 62 33
33 28 77
64 52 26
100 75 46
26 100 46
33 77 64
64 26 46
33 64 46
63 33 46
932 1289 995
339 338 1891
1342 338 1446
634 1138 811
1541 1983 1904
383 2536 1343
451 1880 452
1684 1039 1411
496 1506 1996
1719 2164 2156
1340 2164 1184
1868 1062 1126
1229 801 1230
799 801 933
983 2006 578
1188 2006 1784
530 1636 901
356 7 2158
1535 2222 2186
1992 1367 1709
1500 2122 2093
845 2000 964
2142 1506 2014
910 1482 2101
1354 1815 1352
1684 605 663
2038 2037 926
2215 2049 1645
798 1931 2541
1416 1931 2545
1715 1683 2296
970 1781 1258
447 1781 448
2511 1883 1937
2092 819 818
1807 436 671
340 1682 1681
1979 1454 2081
1927 699 1678
1472 2470 1668
280 279 1717
1693 2158 6
356 2158 270
1806 2314 1379
2129 1787 505
2110 1906 1907
1762 1761 1607
2519 1677 1909
2083 1251 682
1264 1612 1611
747 1863 689
1016 438 437
1019 1600 1844
777 2150 790
1092 2150 776
1328 891 890
1596 1597 1905
1609 1236 2066
549 2002 547
1674 2002 659
1025 1925 1341
1669 2505 1603
2485 2011 2144
1769 1550 887
673 1947 1793
2129 2100 2206
2120 2098 2056
1302 1494 1303
1248 1494 2520
1348 1347 914
262 1155 957
2247 1224 1223
2052 2059 1473
1703 1728 1704
1802 2158 1693
437 2061 1016
740 1887 738
1057 2141 2047
986 1154 534
414 707 412
705 707 859
1213 283 617
1705 1852 1793
1041 1069 1042
879 878 1731
1307 594 1308
2037 1572 1597
2521 2492 2519
647 2492 648
2517 1081 240
1106 1108 1697
1219 375 1975
370 369 1830
1944 2082 817
609 1441 1442
763 820 441
1629 2489 1973
1702 791 790
2468 2467 2025
1095 504 503
502 501 915
1954 571 2499
774 705 1114
2291 2019 2020
2021 2019 1794
1921 1689 1821
309 1297 1298
1937 2488 2511
970 847 1781
1978 1845 1610
323 322 1964
1201 1902 2065
750 2021 1794
661 1952 662
955 1847 2357
1338 418 788
1473 1638 1472
736 735 2171
704 819 1605
749 819 2020
1348 914 1722
912 914 2357
1094 2525 1511
1296 2525 1294
1944 1943 2082
11 557 9
830 1072 1071
1053 1692 683
1984 1786 1787
2291 1290 1014
1611 2049 1566
1006 1989 1186
2019 1545 1794
981 1387 1396
2072 2084 1452
1624 381 380
378 1045 1044
2011 1995 1647
403 2012 2068
425 1771 1592
2509 1481 1617
1071 1812 830
1944 817 5
547 726 548
1427 1429 1182
921 662 1952
997 1076 1075
1634 1891 1888
2466 2506 1431
1852 1840 1853
1706 1840 1707
1096 1257 1219
2533 1631 1344
207 399 219
2524 805 2509
528 1153 1282
1804 1222 2379
1245 735 1495
570 569 733
570 1850 307
630 302 301
1000 1045 289
1544 521 2540
561 1387 982
533 771 770
1339 2164 1340
433 1507 843
2075 588 374
266 2478 1788
1947 1101 1703
1504 1441 611
647 2454 1664
1168 1584 1011
2480 2479 2488
1970 1464 2095
790 2147 1702
2146 2147 1092
2222 1553 1645
758 350 2087
693 1129 795
1877 1172 9
1956 532 303
1454 1226 1438
2027 1653 2025
1921 1797 1796
2498 2541 582
1237 1974 1235
1699 1013 297
1851 307 1850
1508 1503 1923
380 2530 2531
1918 922 1939
2174 2159 1534
1223 1222 1280
591 268 2040
1719 1718 2164
1339 1341 2156
2060 932 408
465 464 1118
389 1349 390
507 506 1054
680 682 2168
2083 682 1525
1849 909 908
2224 1841 1716
1754 1934 1933
1485 1484 2529
2517 1480 1081
1738 831 830
583 1556 1357
1456 1996 1900
1587 1453 2536
1574 1233 1232
2496 713 1040
2107 510 2079
539 212 214
2524 1936 805
2541 583 582
1371 2244 2222
553 555 320
855 366 1135
962 1965 2070
990 994 1864
764 1657 1758
562 1316 1318
1856 1854 1037
2144 1647 1721
832 1537 2309
1652 2094 1650
2533 762 1433
453 1451 1094
866 867 891
1560 2511 2488
868 543 1238
757 759 1737
947 1599 2523
1465 2201 1466
1165 2201 1552
936 855 1135
764 2057 765
1732 2057 1733
1014 2019 2291
2044 1038 1861
1669 1204 1432
2539 544 2110
1570 1569 2337
1577 323 1964
1283 829 831
1935 1938 559
646 1002 644
1002 1618 644
480 690 481
844 2165 845
2285 2532 1486
1876 2532 2534
1746 1903 1191
367 1537 833
2497 1082 1081
730 729 2507
2033 730 2507
1661 466 1355
927 1640 1641
2518 1839 2495
1401 1404 1198
2096 2454 647
10 1172 988
1660 1664 2453
2003 1892 1961
983 1861 870
994 2296 619
872 2296 1990
1147 1272 2136
803 1287 1902
1354 1295 1663
1975 377 1976
2036 1572 2037
695 1930 696
414 1930 1073
1093 892 456
1688 462 286
1977 2162 2022
2119 2481 1867
1807 1459 1713
1859 2465 4
1253 804 714
357 359 1823
583 2541 1931
1107 2314 1806
1751 883 885
902 2152 2013
1325 686 685
1826 1747 1827
2122 2486 1231
1178 1967 624
1851 1406 1440
910 2101 907
618 619 1683
889 888 2523
341 454 455
516 1809 1247
1419 556 1201
1335 1105 1104
1565 2521 2479
1131 1785 2384
1131 620 1181
1840 1852 1705
1159 1115 810