-0.073348 -0.961210 -0.046415
-0.078790 -0.957200 -0.072015
-0.069391 -0.942019 -0.051842
-0.094546 -0.950978 -0.087263
-0.076911 -0.936335 -0.078090
-0.048830 0.182176 -0.103137
-0.056998 0.164357 -0.106467
-0.069784 0.182517 -0.103281
0.087939 0.086016 0.165788
0.074830 0.070139 0.172117
0.094494 0.066338 0.168290
-0.046831 0.265079 0.017034
-0.068232 0.277389 -0.004316
-0.071028 0.266750 0.006250
-0.089676 -1.078729 0.141603
-0.098393 -1.079849 0.123354
-0.088292 -1.080669 0.151800
-0.143211 -1.082130 0.097524
-0.153969 -1.086692 0.097299
-0.134008 -1.085443 0.115388
-0.079945 -1.077170 0.135156
-0.072982 -1.065693 0.057117
-0.075995 -1.062308 0.005628
-0.073180 -1.057266 0.018900
0.081109 -1.070505 -0.050589
0.069778 -1.072350 -0.007432
0.073863 -1.064398 -0.027011
0.062013 -1.085038 0.104857
0.062783 -1.089503 0.134856
0.062962 -1.082119 0.125466
0.091263 -1.092782 0.147792
0.086906 -1.088981 0.143435
0.086669 -1.094033 0.159133
-0.136030 -1.069199 -0.055392
-0.138345 -1.070937 -0.020608
-0.137439 -1.064761 -0.041135
-0.083094 -1.070658 0.119523
-0.074377 -1.073149 0.111173
0.075171 -1.093335 0.162043
0.075787 -1.087105 0.154322
0.068513 -1.092099 0.150954
0.094164 -1.069735 -0.067251
0.092304 -1.060997 -0.063520
-0.074046 -1.058601 0.066747
-0.071083 -1.068372 0.083805
0.127041 -1.093178 0.140986
0.145709 -1.091472 0.120800
0.132392 -1.089009 0.127340
-0.072321 -1.061136 -0.021326
-0.073961 -1.059017 -0.045675
-0.072283 -1.050269 -0.030975
0.067595 -1.072855 0.028190
0.064737 -1.065179 0.019157
-0.120590 -1.083803 0.121200
-0.107134 -1.082070 0.131311
-0.112700 -1.074148 0.109540
-0.119688 -1.066281 -0.077050
-0.127049 -1.067601 -0.071462
-0.129258 -1.056336 -0.072689
-0.102928 -1.074828 0.115194
0.100554 -1.087609 0.141692
0.100895 -1.093344 0.155707
0.117076 -1.093709 0.148031
0.067585 -1.077257 0.048704
0.064476 -1.067826 0.049599
-0.092289 -1.072770 0.119140
-0.089013 -1.062790 -0.086551
-0.105174 -1.064026 -0.089387
-0.096430 -1.057034 -0.091253
0.113059 -1.083546 0.126993
-0.153250 -1.080515 0.057297
-0.151129 -1.079888 0.085647
0.142712 -1.085418 0.113762
0.136933 -1.078754 0.085983
0.145623 -1.085500 0.073679
-0.134658 -1.060681 -0.059480
0.064038 -1.080220 0.074151
-0.112319 -1.047623 -0.079261
-0.105672 -1.060115 -0.083400
0.066377 -1.080343 0.133505
-0.143861 -1.074255 0.016525
-0.139562 -1.062930 0.014131
-0.085906 -1.052891 -0.084207
0.136421 -1.077129 -0.006174
0.138965 -1.075630 -0.028525
0.135802 -1.065548 -0.015914
-0.147154 -1.073085 0.059772
-0.076859 -1.057795 0.084094
0.064950 -1.074977 0.116960
-0.126143 -1.075631 0.099487
0.075577 -1.083718 0.142114
0.133959 -1.063606 0.008035
-0.071577 -1.042197 0.012956
-0.121270 -1.060223 -0.078502
0.068293 -1.063300 -0.005194
0.138023 -1.078450 0.025638
-0.135723 -1.053246 -0.005226
-0.109532 -1.053711 -0.085450
0.126499 -1.072562 -0.064201
0.100654 -1.071376 -0.064202
0.106733 -1.060713 -0.066724
0.121322 -1.060169 -0.066401
-0.073600 -1.046862 0.032689
-0.073040 -1.057860 0.049583
0.092081 -1.080925 0.131030
0.130470 -1.082104 0.109914
0.064424 -1.065250 0.068146
0.131674 -1.068632 0.057873
-0.077162 -1.060997 -0.060920
-0.079931 -1.043500 -0.054589
0.067214 -1.066486 0.090937
-0.134791 -1.056449 0.040627
-0.079088 -1.060352 -0.072774
0.138188 -1.074286 -0.040918
0.125027 -1.049708 -0.055139
-0.106597 -1.066463 0.100290
0.063677 -1.076454 0.102941
-0.069016 -1.046748 -0.007630
-0.106241 -1.047409 -0.087523
-0.126624 -1.067127 0.081129
-0.086836 -1.059153 0.102123
0.132467 -1.066096 0.039929
0.143804 -1.082196 0.053104
-0.131627 -1.060626 0.062948
-0.132371 -1.046936 -0.037999
0.076862 -1.052217 -0.024824
0.100622 -1.073875 0.118572
-0.120153 -1.047687 -0.080040
0.073149 -1.064354 0.114230
0.117915 -1.067070 0.088173
0.130215 -1.052559 -0.040044
0.120713 -1.048572 -0.063122
0.107924 -1.072608 0.109412
0.106980 -1.050852 -0.063511
0.074687 -1.075000 0.134721
0.091269 -1.048085 -0.054596
0.129988 -1.047590 0.013549
-0.084644 -1.045005 -0.078901
0.064776 -1.054962 0.035547
0.077967 -1.072422 0.121886
0.087032 -1.071117 0.123773
0.067571 -1.047497 0.017067
-0.087256 -1.055026 0.092865
0.072336 -1.067832 0.123965
0.082352 -1.044207 -0.037911
-0.127220 -1.047869 -0.064227
-0.085013 -1.047089 0.074044
0.097726 -1.046842 -0.062428
-0.127829 -1.044956 0.036949
-0.133384 -1.048859 0.016645
-0.083004 -1.035725 -0.068535
0.088694 -1.069105 0.116592
-0.101126 -1.040491 -0.088288
-0.090961 -1.039258 -0.083818
-0.079851 -1.039232 0.048050
0.131011 -1.047977 -0.020613
0.076162 -1.059376 0.101675
-0.100782 -1.051213 0.085358
0.115769 -1.054802 0.066302
0.068637 -1.057761 0.075259
-0.076129 -1.036717 -0.038880
-0.073479 -1.026465 -0.000159
-0.111631 -1.051931 0.078662
-0.074210 -1.027331 -0.023393
0.082195 -1.064592 0.114532
0.093286 -1.063819 0.113208
0.095066 -1.062002 0.104657
0.118837 -1.050843 0.054323
0.075620 -1.055161 0.086596
0.125828 -1.047387 0.033741
0.108490 -1.053461 0.074531
-0.130245 -1.028763 -0.049171
-0.087684 -1.031408 -0.078242
0.095748 -1.054117 0.090331
-0.108620 -1.037028 -0.083769
-0.092409 -1.035712 0.059881
-0.134138 -1.039348 -0.003181
-0.076796 -1.031665 0.023743
0.072047 -1.045278 0.063423
-0.119307 -1.041027 0.049159
0.072469 -1.034757 -0.017464
-0.081854 -1.023372 -0.054272
0.092236 -1.056005 0.097733
-0.105100 -1.034681 0.057501
0.071361 -1.036244 0.041537
-0.132625 -1.034675 -0.015709
0.069963 -1.030175 0.031930
0.078713 -1.054153 0.096413
0.093014 -1.038249 -0.054388
-0.103507 -1.029319 -0.083886
-0.095074 -1.026777 -0.084683
0.085249 -1.032431 -0.042373
0.083048 -1.051097 0.083637
-0.117412 -1.029639 -0.075806
-0.126915 -1.021272 -0.001093
0.069621 -1.015705 0.018437
0.106332 -1.033814 -0.063696
0.122738 -1.032951 0.021408
0.131556 -1.030521 -0.002257
-0.084408 -1.011928 -0.063558
-0.083960 -1.024237 0.030057
-0.093066 -1.026210 0.043493
-0.081523 -1.017645 0.016640
-0.075874 -1.008962 -0.041723
0.096031 -1.044215 0.074416
0.080766 -1.046297 0.076550
-0.124292 -1.014228 -0.058061
0.082409 -1.038636 0.067842
0.082967 -1.030737 0.054292
-0.115804 -1.022522 0.028808
0.113865 -1.025291 -0.062034
0.135315 -1.023604 -0.015108
0.096674 -1.025090 -0.059861
0.131031 -1.027892 -0.027861
-0.073819 -1.013962 -0.021783
0.101241 -1.033700 0.054562
0.087309 -1.025352 -0.045293
0.069215 -1.023064 0.003288
-0.110542 -1.019681 -0.078705
0.124019 -1.012938 -0.045225
0.112956 -1.029631 0.037128
-0.090768 -1.013983 -0.080894
-0.106333 -1.024112 0.041532
0.072400 -1.016437 -0.019232
0.078080 -1.015129 -0.030974
-0.080815 -1.006151 0.005604
-0.102812 -1.012160 -0.083905
-0.094543 -1.015050 0.028491
-0.070962 -0.995487 -0.034608
-0.480461 0.178441 -0.014998
-0.490053 0.199013 -0.005283
-0.500747 0.186477 -0.014136
-0.136047 -1.005565 -0.044123
0.113612 -1.016454 0.023936
0.078868 -1.020088 0.038772
0.095026 -1.022163 0.043999
-0.105134 -1.013434 0.024396
-0.044124 -0.535794 -0.030262
-0.046236 -0.517371 -0.015840
-0.048087 -0.538922 -0.014024
0.040860 0.276944 -0.060111
0.058103 0.275662 -0.053927
0.052659 0.268588 -0.065007
-0.134593 -1.003320 -0.027931
0.105001 -1.010842 0.031145
-0.115656 -1.002961 0.005284
-0.144203 0.100207 0.069396
-0.133081 0.108086 0.090208
-0.138191 0.125211 0.077191
0.168923 -0.513756 -0.029301
-0.093282 -1.005008 0.016765
-0.126850 -1.005207 -0.011598
0.068684 -1.007080 -0.013508
0.074014 -0.592931 -0.071644
0.094117 -0.604806 -0.073318
0.069781 -0.619936 -0.063357
-0.079960 -0.968962 -0.013301
-0.098321 -0.962969 -0.002727
-0.092701 -0.982411 0.003013
-0.080175 -0.995199 -0.050588
-0.091508 -0.579561 -0.087695
-0.085632 -0.604249 -0.088219
-0.104895 -0.595817 -0.093577
-0.108743 -1.003280 0.013429
-0.074876 -0.990702 -0.013559
-0.532038 0.189692 -0.063058
-0.520560 0.179629 -0.051033
-0.544290 0.186000 -0.048419
-0.031659 0.130475 -0.107643
-0.023037 0.149028 -0.105277
-0.008581 0.131154 -0.108693
-0.207843 0.246723 -0.016550
-0.222104 0.241229 -0.002425
-0.205233 0.248870 0.005126
-0.087495 -0.997678 -0.076975
-0.114676 0.036925 0.109769
-0.105122 0.037947 0.126969
0.088454 -1.008896 0.034199
0.030480 0.166607 0.091096
0.026868 0.151255 0.107428
0.048958 0.161339 0.101145
-0.535686 0.195217 -0.018898
-0.534528 0.208711 -0.010728
-0.551929 0.201116 -0.018314
0.034445 0.214089 0.062349
0.018985 0.209725 0.066476
0.034413 0.199586 0.070622
0.122402 0.240961 -0.071427
0.139327 0.241804 -0.062155
0.134862 0.225833 -0.072143
0.123294 -0.548847 0.048133
0.101946 -0.554793 0.054046
0.117460 -0.574109 0.045985
-0.081784 -0.990847 -0.065652
0.147036 -0.612488 -0.061650
0.155817 -0.595829 -0.044084
0.161607 -0.622378 -0.042507
0.005098 -0.514661 -0.092240
0.024631 -0.513123 -0.094511
0.599932 0.225823 -0.022589
0.608764 0.214598 -0.029371
0.616236 0.230614 -0.022676
-0.015713 0.048948 -0.099803
0.006669 0.059120 -0.101290
-0.332511 0.152848 -0.014038
-0.346548 0.155292 -0.011346
-0.325658 0.148656 -0.018106
-0.016934 0.079294 0.165804
-0.028285 0.086173 0.163497
-0.044395 0.084684 0.163783
0.150500 -0.720979 -0.086534
0.161123 -0.729743 -0.071917
0.150948 -0.738648 -0.085875
-0.100607 -0.908436 -0.010876
-0.105500 -0.935704 -0.008039
-0.085250 -0.922462 -0.017255
0.153478 0.067287 0.056951
0.150138 0.054475 0.071082
0.155693 0.048773 0.047570
-0.081615 -0.706244 -0.010119
-0.064566 -0.706945 -0.025375
-0.067891 -0.683680 -0.018382
0.135924 -0.734618 -0.095556
0.067040 0.151876 0.109879
0.082772 0.147490 0.114836
0.093720 0.155572 0.106022
0.046236 0.038382 0.171061
0.027960 0.044547 0.170953
0.029958 0.020399 0.171147
0.013707 0.033880 0.169916
0.013293 0.050467 0.169839
0.120945 0.147877 0.100175
0.116725 0.160907 0.092340
0.102693 -0.845533 0.012314
0.120700 -0.836145 0.013452
0.105202 -0.823502 0.012510
0.093588 -0.905181 0.012076
0.109103 -0.920443 0.016004
0.113982 -0.894344 0.015137
0.103487 -0.697541 0.018264
0.127524 -0.705306 0.017659
0.119808 -0.680384 0.018082
0.164681 -0.749834 -0.021631
0.168457 -0.757318 -0.041773
0.168300 -0.734128 -0.036177
0.583826 0.220747 -0.022374
0.589561 0.208590 -0.031312
0.090591 0.282232 -0.034895
0.104427 0.278276 -0.040715
0.091683 0.274005 -0.053601
-0.177080 0.166550 0.040300
-0.197989 0.163122 0.041437
-0.189329 0.146858 0.031478
-0.216758 0.154444 0.034368
-0.203552 0.136412 0.020619
-0.052624 0.129533 -0.106913
-0.065721 0.145533 -0.106784
-0.044000 0.147346 -0.107243
0.154050 0.190477 0.053061
0.167833 0.177332 0.048678
0.171362 0.191743 0.043740
0.004088 0.060729 0.168822
0.010580 0.074124 0.168531
-0.050208 -0.776864 -0.064928
-0.055160 -0.764772 -0.083887
-0.049425 -0.750203 -0.061162
-0.286629 0.206376 0.024926
-0.314503 0.203794 0.021847
-0.292170 0.182130 0.026264
-0.147978 -0.813947 -0.094256
-0.129702 -0.824308 -0.105922
-0.140572 -0.835776 -0.097815
-0.162238 0.134651 0.039782
0.057963 -0.515270 -0.105403
-0.399868 0.156942 -0.042901
-0.407772 0.153938 -0.024239
-0.423656 0.155486 -0.041506
0.141606 0.209321 -0.073480
0.150316 0.227569 -0.065805
0.160117 0.213427 -0.069372
0.156403 0.242819 -0.052588
-0.086941 -0.762268 -0.012036
-0.103518 -0.775602 -0.007127
-0.085851 -0.782920 -0.014086
0.064891 -0.844835 -0.063601
0.058499 -0.857029 -0.044696
0.055904 -0.838678 -0.046175
0.052404 -0.585441 -0.001769
0.054587 -0.607276 -0.007349
0.065007 -0.595784 0.012678
-0.556429 0.219619 -0.014399
0.430077 0.226609 -0.011822
0.450575 0.214422 -0.008928
0.452792 0.235517 -0.014144
0.471268 0.199824 -0.010340
0.447912 0.193731 -0.008836
0.566196 0.196686 -0.035210
0.551457 0.210427 -0.021342
0.543299 0.190127 -0.032375
-0.128379 -0.982436 -0.056932
-0.113900 -0.974474 -0.076898
-0.112555 -0.996149 -0.072654
-0.096062 -1.001223 -0.083001
0.103922 0.246134 -0.077367
0.112287 0.227877 -0.082742
-0.019216 -0.513621 -0.077889
-0.194246 0.137990 -0.041386
-0.221003 0.143543 -0.042045
-0.205417 0.155111 -0.046254
-0.146703 -0.532347 0.024188
-0.134172 -0.529983 0.038181
-0.144967 -0.508638 0.038611
0.422434 0.179665 -0.061891
0.407243 0.194944 -0.066523
0.428750 0.197927 -0.068562
-0.165504 -0.735117 -0.052613
-0.164602 -0.753524 -0.071505
-0.163924 -0.765239 -0.054797
0.006440 -0.521888 -0.057763
0.002746 -0.509175 -0.042361
-0.011559 -0.516093 -0.053276
-0.490178 0.248283 -0.032857
-0.474564 0.243496 -0.048076
-0.496330 0.242598 -0.053686
-0.112279 0.147236 0.091396
-0.129743 0.140962 0.081601
-0.124476 0.128353 0.092433
0.067128 0.259579 -0.073555
0.069416 0.271057 -0.059906
0.162897 -0.786832 -0.060857
0.167494 -0.775817 -0.047830
0.165707 -0.791099 -0.044556
-0.078599 0.164433 -0.103309
-0.170788 0.079021 0.010894
-0.163871 0.068048 0.034711
-0.165241 0.087205 0.032550
0.053042 -0.754621 -0.061319
0.049958 -0.754726 -0.039505
0.051592 -0.736738 -0.052268
0.040826 0.194663 -0.099991
0.032123 0.211476 -0.092870
0.052951 0.211030 -0.099271
0.092439 0.244598 0.024458
0.097103 0.259324 0.010643
0.079933 0.254272 0.016379
0.552354 0.225229 -0.019934
0.533707 0.215447 -0.016720
0.525770 0.196592 -0.021548
0.514449 0.207216 -0.014897
0.073792 0.051259 -0.084798
-0.075240 0.108034 -0.103384
-0.072554 0.126703 -0.105348
-0.060168 0.114631 -0.107332
0.096187 0.179744 -0.100881
0.073677 0.177769 -0.104752
0.085277 0.195959 -0.100324
-0.057001 -0.749126 -0.036785
-0.067269 -0.768482 -0.023770
-0.053734 -0.768045 -0.041771
0.166940 -0.710490 -0.027023
0.163474 -0.728641 -0.018374
0.155717 -0.735822 -0.000911
0.160271 -0.710411 -0.007110
0.410608 0.238841 -0.019444
0.422976 0.247780 -0.032153
0.405716 0.245022 -0.043844
0.012946 0.176189 0.085543
0.033180 0.183213 0.080612
0.016138 0.192725 0.075863
0.562226 0.243320 -0.065640
0.555099 0.229466 -0.078113
0.541522 0.240703 -0.070150
-0.153922 -0.863615 -0.073147
-0.158497 -0.837541 -0.065179
-0.152520 -0.837284 -0.084247
0.063709 0.244254 -0.086389
0.048451 0.254034 -0.077665
-0.075087 -0.564784 -0.083541
-0.097148 -0.553863 -0.087456
-0.085904 -0.539658 -0.083939
0.245376 0.135635 -0.004639
0.203051 0.127067 -0.003431
0.247612 0.128531 -0.022014
0.406115 0.226031 -0.058347
0.387597 0.232722 -0.056777
0.062816 0.219299 0.053105
0.050551 0.208479 0.062852
0.071640 0.202661 0.063068
0.106502 0.267753 -0.052446
0.096917 0.260575 -0.067043
-0.081558 -0.471119 0.062615
-0.069921 -0.474255 0.053943
-0.101131 0.165629 -0.095325
-0.118230 0.173295 -0.086587
-0.109497 0.187386 -0.088435
0.153875 -0.503962 0.042350
-0.114218 0.252034 0.045956
-0.107548 0.231406 0.049569
-0.096993 0.249372 0.040005
0.050048 -0.459708 0.027308
0.049153 -0.475667 0.018364
0.051161 -0.469725 0.033918
0.044737 0.224898 0.053329
-0.158191 -0.656185 -0.034425
-0.150283 -0.667537 -0.015588
-0.150202 -0.644305 -0.016868
0.323569 0.176110 0.006431
0.345082 0.178929 0.005542
0.335247 0.192506 0.013107
0.152609 0.130550 -0.069047
0.169239 0.141523 -0.056626
0.163277 0.118774 -0.053919
-0.021582 0.112297 -0.109195
-0.011432 0.094966 -0.108735
-0.031666 0.096679 -0.107513
-0.056755 -0.783807 -0.082933
-0.066829 -0.778361 -0.100257
-0.122263 0.235370 -0.068298
-0.108248 0.234396 -0.076342
-0.127336 0.221113 -0.070674
0.040932 -0.561760 -0.034417
0.044766 -0.539712 -0.046700
0.048383 -0.557624 -0.057013
-0.002261 0.078756 -0.106073
0.020973 0.076844 -0.104454
-0.144197 -0.880176 -0.023172
-0.144686 -0.898926 -0.026382
-0.133320 -0.895835 -0.014177
0.616682 0.244284 -0.061160
0.593592 0.239364 -0.068733
0.594912 0.246685 -0.049463
-0.365331 0.157091 -0.009623
-0.381533 0.169399 0.000480
-0.396422 0.160188 -0.009350
-0.134334 0.245774 -0.056141
-0.146773 0.243342 -0.049326
-0.143107 0.255689 -0.042562
-0.362747 0.168878 0.003955
-0.339399 0.167903 0.007112
-0.050716 -0.601431 -0.059586
-0.056257 -0.618578 -0.065776
-0.061264 -0.601834 -0.072355
-0.025541 0.180841 0.078784
-0.052593 0.184926 0.073842
-0.044503 0.167469 0.089201
0.131380 -1.003829 -0.026132
0.122647 -0.990298 -0.047551
0.065346 -0.484842 0.045350
0.066986 -0.504533 0.044579
0.082980 -0.494311 0.058422
0.088563 -0.976788 -0.052585
0.109275 -0.994761 -0.059898
0.087822 -1.004649 -0.048925
-0.148811 -0.620946 -0.082660
-0.137065 -0.604816 -0.087302
-0.132446 -0.627364 -0.095731
0.313687 0.229524 0.007374
0.305495 0.239091 -0.005541
0.287054 0.230299 0.006843
-0.059051 -0.685091 -0.033674
-0.053645 -0.664757 -0.047951
-0.062489 -0.656396 -0.022684
0.114185 0.062549 0.156637
0.103601 0.080036 0.160174
-0.056811 -0.628910 -0.026869
-0.071993 -0.642794 -0.011335
-0.098439 -0.983515 -0.081497
0.303401 0.152740 -0.039439
0.301112 0.167258 -0.057086
0.326274 0.166035 -0.051974
-0.143768 0.227815 -0.060556
-0.132625 0.206706 -0.072279
0.191032 0.251452 -0.041412
0.208183 0.236944 -0.050729
0.185856 0.234344 -0.055701
-0.011869 0.087648 0.163554
-0.011943 0.102022 0.155431
0.097202 -0.765610 -0.099108
0.118971 -0.774720 -0.099555
0.100105 -0.789575 -0.097446
0.084313 0.248639 -0.080040
-0.068594 -0.789697 -0.023907
-0.200691 0.213831 -0.047792
-0.177119 0.207364 -0.055641
-0.193540 0.190317 -0.053297
-0.057021 -0.707808 -0.041483
-0.402050 0.180592 0.001015
-0.413366 0.166096 -0.008181
-0.138674 -0.901421 -0.081842
-0.145826 -0.904377 -0.060862
-0.148079 -0.887315 -0.073332
-0.595042 0.247103 -0.043024
-0.610431 0.245591 -0.035930
-0.597768 0.241280 -0.026281
-0.416019 0.168518 -0.058934
-0.420220 0.189360 -0.065332
-0.402842 0.186695 -0.061128
-0.556050 0.194038 -0.030304
-0.568808 0.206978 -0.017983
-0.018378 0.149917 0.108113
-0.010178 0.135429 0.123514
0.002129 0.146740 0.108713
-0.027862 -0.460419 0.035050
-0.162557 -0.496511 0.009253
-0.163084 -0.510413 -0.003188
-0.157227 -0.513842 0.018128
-0.124055 -0.984977 -0.007240
-0.106195 -0.987503 0.007253
-0.120807 -0.960544 -0.006496
-0.319461 0.165973 -0.050960
-0.325959 0.154075 -0.038025
-0.346939 0.167889 -0.050352
-0.093847 0.100525 -0.095888
-0.092229 0.122705 -0.101709
-0.055842 -0.561877 -0.073192
-0.069099 -0.542772 -0.079744
0.082321 -0.540638 -0.140290
0.083408 -0.528174 -0.121514
-0.274624 0.225939 0.012358
-0.255496 0.232289 0.001828
-0.273385 0.231979 -0.008807
0.368009 0.172365 -0.000889
0.341351 0.165178 -0.004726
0.358661 0.159385 -0.017290
-0.511094 0.203828 -0.006380
-0.497872 0.220774 -0.002540
-0.520140 0.226413 -0.008685
-0.118593 0.048197 -0.065211
-0.140211 0.064347 -0.049904
0.354010 0.218829 -0.061820
0.342705 0.233688 -0.051293
0.365174 0.232553 -0.053709
0.133123 0.112937 0.107867
0.136650 0.123476 0.089029
0.126070 0.131458 0.106141
0.151660 0.033766 0.067622
0.129283 0.100398 0.124122
0.116284 0.102162 0.138435
0.125981 0.089073 0.136610
-0.017422 0.068931 -0.102926
-0.035730 0.061551 -0.100028
-0.036599 0.079939 -0.104206
0.169410 -0.505985 -0.024319
-0.090275 0.262512 0.024597
-0.083543 0.243646 0.031855
-0.154834 -0.557654 -0.054017
-0.152115 -0.579998 -0.059463
-0.160042 -0.577628 -0.039949
-0.073424 -0.955768 -0.031383
0.044463 0.237997 -0.088696
-0.072036 -0.707986 -0.104300
-0.064994 -0.691833 -0.094552
-0.058692 -0.715642 -0.090998
0.090656 -0.752183 0.009496
0.079259 -0.729155 0.004982
0.074474 -0.750121 -0.001405
-0.113486 -0.565724 0.038785
-0.113750 -0.591061 0.030396
-0.099125 -0.583169 0.035751
0.152557 0.096765 0.072335
0.150666 0.074941 0.073323
0.157014 0.087432 0.054768
-0.590705 0.242309 -0.062370
-0.616567 0.248757 -0.051635
-0.061302 0.056150 0.161976
-0.040400 0.065626 0.164591
-0.059886 0.072706 0.164034
-0.136814 -0.675606 -0.105900
-0.149732 -0.656672 -0.092001
-0.131801 -0.649784 -0.101957
-0.074797 0.086953 -0.099711
-0.072960 0.067696 -0.094369
-0.092738 0.078070 -0.091199
0.010080 0.213773 -0.091487
-0.003402 0.197017 -0.089155
-0.010899 0.214503 -0.090692
0.116493 0.219437 0.047578
0.097886 0.218664 0.047773
0.106449 0.205463 0.059308
0.086475 0.230286 0.037823
0.106285 0.233165 0.034540
0.058059 0.064626 -0.094021
0.110403 -0.971949 -0.061480
-0.144753 0.194354 -0.066520
-0.159070 0.192408 -0.056033
-0.154764 0.210192 -0.060039
-0.572713 0.193793 -0.050558
-0.583078 0.201238 -0.033963
-0.594881 0.202037 -0.047827
0.254168 0.249609 -0.020384
0.273607 0.245437 -0.026747
0.257249 0.243446 -0.039736
-0.020874 0.198350 -0.095629
-0.113611 -0.711060 -0.118344
-0.109170 -0.734296 -0.118204
-0.128950 -0.726144 -0.114958
-0.148148 -0.786619 -0.097578
-0.131470 -0.778477 -0.109410
-0.132376 -0.802111 -0.107245
0.052744 0.191616 0.073222
0.295933 0.216118 -0.063283
0.295904 0.230905 -0.054556
0.311999 0.218347 -0.061432
0.579149 0.244697 -0.060853
-0.159035 -0.793472 -0.079826
-0.158719 -0.769552 -0.084890
-0.131920 -0.701931 -0.111928
-0.144840 -0.718696 -0.106716
-0.149054 -0.697658 -0.100119
-0.115100 -0.726444 -0.001303
-0.128673 -0.704679 -0.002140
-0.136622 -0.730237 -0.006420
0.477303 0.224394 -0.010808
0.161841 0.075224 0.035129
-0.154336 -0.734355 -0.022002
-0.161877 -0.722883 -0.040084
-0.161465 -0.748298 -0.038820
-0.060214 -0.674375 -0.083234
-0.073302 -0.668129 -0.098366
-0.067518 -0.650689 -0.087243
-0.471859 0.167541 -0.028310
-0.462122 0.176545 -0.013715
-0.133132 -0.987455 -0.020328
-0.052033 -0.612763 -0.030183
-0.050070 -0.620772 -0.044483
-0.424872 0.220612 0.000530
-0.415047 0.237167 -0.005520
-0.441004 0.236690 -0.002653
0.169836 0.159153 0.047409
0.170453 0.159769 0.025192
0.170980 0.170225 0.029521
0.213683 0.239610 0.021864
0.217786 0.224100 0.028382
0.232949 0.233548 0.018966
-0.158889 -0.601306 -0.044165
-0.151450 -0.600802 -0.070246
-0.158505 -0.620499 -0.063045
0.116628 -0.674436 -0.093337
0.105145 -0.691757 -0.095720
0.099174 -0.674904 -0.091806
0.093203 -0.713873 -0.095789
0.113353 -0.707114 -0.098411
0.004407 0.089221 0.163646
-0.130128 0.188350 -0.078458
0.086898 -0.514459 -0.076094
0.079903 -0.498111 -0.078064
0.087668 -0.494992 -0.078874
0.146644 -0.779232 0.006451
0.159181 -0.790610 -0.011274
0.157965 -0.764668 -0.006538
0.520858 0.237389 -0.072768
0.505393 0.245817 -0.059175
0.526427 0.247422 -0.056158
-0.154502 0.081099 0.051700
-0.150341 0.057638 0.055974
-0.143473 0.073076 0.071920
-0.114256 -0.795251 -0.113473
-0.111640 -0.774563 -0.115130
0.173649 0.091365 -0.006394
0.162941 0.083081 -0.026287
0.178391 0.107404 -0.017550
-0.081422 0.150793 0.105194
-0.060387 0.156507 0.101901
-0.076646 0.166370 0.092723
-0.133984 0.166064 -0.077899
-0.118270 0.157829 -0.086669
-0.242174 0.177988 0.038224
-0.218732 0.178206 0.042313
-0.238800 0.202528 0.035952
0.078162 -0.838603 0.001396
0.089865 -0.826705 0.006726
0.076364 -0.820741 0.000041
0.507719 0.185272 -0.021062
-0.273314 0.198952 -0.047725
-0.282475 0.216844 -0.038103
-0.258672 0.212565 -0.040510
0.571378 0.245706 -0.043456
0.570442 0.232751 -0.024254
0.593319 0.238061 -0.026858
-0.046233 -0.580617 -0.057194
-0.058646 -0.584054 -0.073410
0.416029 0.212308 -0.062846
-0.161000 -0.699231 -0.040144
-0.157767 -0.712970 -0.027304
-0.166072 -0.706962 -0.060803
-0.038047 0.223003 0.050299
-0.058825 0.223303 0.045015
-0.055142 0.205515 0.058268
0.369112 0.161644 -0.035782
0.345376 0.160631 -0.035623
-0.518570 0.240079 -0.059956
-0.502107 0.227865 -0.068152
-0.523874 0.223548 -0.071376
0.273936 0.207890 0.020519
0.299922 0.211470 0.017015
-0.056293 -0.657823 -0.070323
-0.098135 0.145030 0.103267
-0.095318 0.160501 0.095968
0.374473 0.216070 -0.061427
-0.060464 0.240280 0.035062
-0.070460 0.243892 0.028070
-0.074646 0.229867 0.038531
0.292488 0.184319 -0.066657
0.284786 0.203040 -0.067711
0.304579 0.201474 -0.067656
-0.121998 -0.931576 -0.084863
-0.113343 -0.947089 -0.085482
-0.130178 -0.942558 -0.072660
0.137656 -0.811958 -0.088574
0.133717 -0.833452 -0.085786
0.119970 -0.821729 -0.093150
0.140240 0.025492 0.103974
0.132626 0.029133 0.122110
-0.059528 -0.600616 -0.015995
-0.072020 -0.610106 0.002346
-0.066831 -0.621100 -0.014263
-0.157384 -0.797877 -0.036210
-0.154027 -0.820681 -0.031620
-0.145981 -0.801438 -0.018351
-0.119129 0.272936 0.037387
-0.103716 0.266947 0.031484
-0.108829 0.280596 0.022045
-0.073110 -0.913520 -0.031864
-0.067778 -0.924730 -0.049109
-0.066413 -0.907341 -0.046408
-0.065986 -0.902891 -0.060624
-0.070842 -0.919980 -0.068776
0.183720 0.109977 -0.007042
0.176472 0.097322 0.012453
0.523002 0.180770 -0.031555
0.515297 0.173049 -0.051332
0.535932 0.179378 -0.048134
0.145703 0.061661 0.091159
0.146265 0.083504 0.091493
0.147377 -0.710684 0.009955
-0.103038 0.281030 -0.028733
-0.091319 0.280314 -0.040836
-0.100418 0.272466 -0.051884
-0.430765 0.240970 -0.035900
-0.414375 0.227147 -0.048133
-0.438014 0.232480 -0.054010
0.089147 -0.511388 -0.107955
-0.246708 0.159468 0.028954
-0.268457 0.183595 0.030938
-0.003079 0.186602 0.078836
-0.183913 0.124056 0.005595
-0.177311 0.116341 0.005474
-0.174208 0.120899 0.023485
-0.161831 0.107311 0.043095
-0.170297 0.101352 0.020263
0.051710 0.018620 0.170083
0.066032 0.034379 0.171142
-0.086307 -0.481499 0.059049
0.051299 0.177161 -0.105547
0.041349 0.162644 -0.104660
0.026826 0.176421 -0.100019
0.042348 0.146103 -0.107398
0.061775 0.157841 -0.107696
0.080160 0.217097 0.049646
0.071090 0.228568 0.043037
0.070956 0.243112 0.031676
-0.243797 0.226466 -0.030378
-0.256521 0.233489 -0.015297
-0.239776 0.235420 -0.009955
-0.337155 0.191503 0.019002
-0.335242 0.209909 0.015752
0.311134 0.242783 -0.024576
0.294351 0.242177 -0.036460
0.289852 0.242720 -0.015261
-0.155101 -0.758137 -0.026086
-0.141466 -0.756570 -0.010748
-0.104732 0.265452 -0.053906
-0.103577 0.275475 -0.042315
0.011042 -0.467365 0.006009
0.025774 -0.455603 -0.000103
0.016166 -0.454496 0.023842
0.056751 -0.720673 -0.019609
0.064784 -0.734517 -0.007678
0.066646 -0.712469 -0.003311
-0.389434 0.237616 -0.007768
-0.402460 0.220232 -0.001154
0.077261 -0.469336 0.059493
0.063940 -0.467075 0.044955
-0.174999 0.135781 -0.037039
-0.171873 0.145319 -0.036975
-0.166734 0.116376 -0.050506
0.051708 -0.729296 -0.036678
-0.038099 0.153785 0.104510
0.075597 -0.616855 0.026917
0.067598 -0.622453 0.004406
0.079024 -0.638694 0.013320
-0.148600 -0.521008 -0.043813
-0.136915 -0.540765 -0.069162
-0.147828 -0.541490 -0.064078
0.104680 -0.503436 -0.080917
-0.144283 0.278034 -0.015416
-0.149467 0.280386 0.003957
-0.136692 0.284353 -0.004351
-0.164133 0.271808 0.013498
-0.161312 0.272494 -0.009514
0.132041 -0.568573 -0.074593
0.131981 -0.596725 -0.073229
0.116349 -0.589451 -0.079911
-0.390909 0.201620 0.000701
-0.380676 0.219797 0.003214
0.154027 -0.692904 0.003047
0.139897 -0.687995 0.013981
0.139881 0.093293 0.108925
0.135790 0.082193 0.126177
-0.061399 0.199701 -0.099641
-0.079857 0.202637 -0.097077
-0.071089 0.218037 -0.093625
0.167586 0.229832 -0.058868
0.173993 0.246810 -0.046655
-0.153348 0.265733 -0.027505
-0.168603 0.261295 -0.024357
-0.136261 0.269300 -0.032160
0.139213 -0.926208 0.003333
0.147248 -0.917246 -0.014499
0.143518 -0.904156 0.001659
-0.057620 0.130763 0.128726
-0.044629 0.121769 0.138565
-0.042196 0.132613 0.126225
-0.076089 0.125254 0.129982
-0.069499 0.140071 0.116502
-0.008419 -0.519569 -0.062825
-0.023325 -0.516042 -0.067889
-0.009484 -0.517883 -0.067448
0.362120 0.221946 0.005210
0.367498 0.206111 0.009089
0.384152 0.213118 0.001324
0.357820 0.191554 0.009903
0.347736 0.208107 0.012644
-0.356270 0.155577 -0.032692
0.114302 0.190106 0.075770
0.136139 0.188532 0.065049
0.128203 0.203649 0.058074
-0.053189 0.055479 -0.095459
-0.076233 -0.726681 -0.015304
0.610466 0.205379 -0.046103
0.587820 0.194515 -0.049224
-0.059087 0.291771 -0.029889
-0.060367 0.288189 -0.047447
-0.074226 0.287568 -0.024938
0.159439 -0.839382 -0.048292
0.147330 -0.849298 -0.070257
0.151351 -0.825079 -0.071453
0.527477 0.181191 -0.065897
-0.156360 -0.494644 0.028400
0.120219 -0.799641 -0.096616
0.103000 -0.811960 -0.094681
-0.352384 0.206622 0.014012
-0.346183 0.221832 0.007560
-0.362827 0.217673 0.006883
0.132440 -1.009155 -0.005495
-0.073283 -0.934207 -0.031385
-0.161231 0.242918 0.043680
-0.160069 0.221380 0.047826
-0.145023 0.236625 0.049752
-0.191330 0.226478 0.038181
-0.176893 0.211759 0.045397
-0.174987 0.232088 0.041969
0.105998 -0.649618 -0.087370
0.110479 -0.629909 -0.081921
0.125703 -0.640000 -0.082108
0.429765 0.245467 -0.047980
0.448343 0.246689 -0.047547
0.442080 0.234425 -0.060797
0.451793 0.249490 -0.027936
0.436969 0.249214 -0.034918
0.355213 0.242135 -0.037660
0.368189 0.244434 -0.021714
0.378962 0.243136 -0.041308
-0.095916 -0.619600 -0.098318
-0.068686 -0.613352 -0.079567
-0.073815 -0.591495 -0.080495
-0.005236 0.021833 0.169717
-0.107463 0.184770 0.075739
-0.089839 0.191720 0.074933
-0.104289 0.200901 0.066979
0.018638 0.196754 -0.096360
-0.052292 0.215449 -0.093803
-0.089789 0.185303 -0.099217
0.044777 -0.588585 -0.022693
0.045834 -0.562181 -0.007206
0.079645 0.124483 -0.104000
0.081016 0.145167 -0.104890
0.101249 0.135788 -0.099290
-0.136038 0.085477 0.088397
0.099157 -0.877950 0.012317
0.122070 -0.864960 0.014193
0.076706 0.232930 -0.090532
-0.380851 0.160566 -0.042212
-0.383700 0.154272 -0.026877
0.201187 0.259205 -0.010743
0.192698 0.259355 0.007228
0.208385 0.254104 0.007206
0.279310 0.148420 -0.006504
0.280990 0.139918 -0.019818
-0.183401 0.161261 -0.049491
-0.174959 0.184737 -0.054233
-0.163544 0.173720 -0.051555
-0.053217 -0.639820 -0.057618
0.060662 0.054054 0.172335
0.055482 0.074034 0.172801
0.041815 0.059157 0.171935
-0.169701 0.074627 -0.008958
-0.159594 0.045704 -0.008888
-0.171643 0.056887 0.013535
-0.175468 0.099356 -0.017585
-0.160589 0.080539 -0.032729
-0.160815 -0.485629 0.014570
-0.164055 -0.489992 -0.008940
-0.538370 0.246302 -0.046478
-0.543006 0.235188 -0.065712
-0.563887 0.244032 -0.057446
0.125749 0.256268 -0.058082
0.067261 -0.766711 -0.006260
0.079563 -0.766960 0.002321
0.082530 0.263544 -0.067632
0.142636 -0.635144 -0.072398
0.129326 -0.619908 -0.075320
0.515067 0.198103 -0.079452
0.504333 0.180006 -0.068800
0.489009 0.193363 -0.076787
-0.615057 0.208745 -0.054781
-0.592883 0.205997 -0.063950
0.153132 -0.607370 0.000866
0.154382 -0.631605 -0.001414
0.161879 -0.620242 -0.018190
0.152944 0.039499 0.009036
-0.067854 0.051629 -0.091423
0.078513 0.268985 0.000292
0.074489 0.281884 -0.010955
0.062185 0.280115 -0.001382
-0.121189 0.113402 0.106848
0.098084 0.212895 -0.094822
0.075906 0.214450 -0.097005
0.092491 0.230467 -0.088551
-0.173837 0.248833 0.035390
-0.164367 0.260456 0.032899
-0.118253 0.213264 0.057248
-0.097764 0.216369 0.058350
0.103109 0.197669 -0.096275
0.119417 0.207378 -0.086124
0.113672 0.189418 -0.092750
0.069685 -0.935502 -0.016515
0.066855 -0.914060 -0.016973
0.069725 -0.929076 -0.039346
0.158206 -0.544957 -0.043531
0.160865 -0.519753 -0.044181
0.167167 -0.532935 -0.028045
0.123928 -0.934859 0.014360
0.135350 -0.949712 0.003516
-0.156860 0.136861 -0.059084
-0.135926 0.114297 -0.071601
-0.134173 -0.967357 -0.019644
-0.113451 0.283953 -0.017408
-0.100703 0.286360 -0.014756
0.145400 0.269026 -0.031359
0.162337 0.258952 -0.035556
0.143893 0.256133 -0.047672
0.064671 -0.905104 -0.038611
0.065443 -0.891490 -0.015506
-0.160622 -0.773973 -0.038991
0.099603 0.045920 0.165197
0.080373 0.050067 0.171420
0.104219 0.026694 0.162502
0.085917 0.030724 0.169180
-0.040796 0.198689 -0.096899
0.000205 0.109642 -0.110836
-0.155887 -0.512972 -0.045760
-0.163952 -0.496914 -0.034045
-0.092469 0.246596 -0.077612
-0.106771 0.255928 -0.065133
0.279665 0.221533 -0.061226
-0.121144 -0.746366 -0.003609
-0.105205 -0.739851 -0.003733
0.169862 -0.523437 -0.009952
0.172568 -0.504576 -0.011194
0.056150 -0.763709 -0.019609
0.063199 -0.751517 -0.010957
0.075360 -0.785071 -0.000726
0.060524 -0.784392 -0.013396
-0.093063 0.283719 -0.003144
-0.106602 0.288697 0.001228
-0.373100 0.237847 -0.025768
-0.386469 0.227847 -0.042415
-0.405288 0.243408 -0.028365
-0.162334 -0.795319 -0.056568
-0.158733 -0.816049 -0.072596
0.019082 -0.520594 -0.063382
0.004590 -0.518540 -0.066763
0.021527 -0.516811 -0.077230
-0.512420 0.246999 -0.038744
-0.527380 0.242874 -0.023573
-0.502829 0.241537 -0.015945
0.160562 -0.594244 -0.012837
0.161658 -0.580507 -0.028612
0.161750 -0.569872 -0.009877
-0.049223 -0.556180 -0.014721
-0.043641 -0.547045 -0.025981
0.258905 0.168325 0.017828
0.226885 0.153701 0.018760
0.252011 0.149963 0.007878
0.186501 0.145054 0.017375
0.212771 0.165909 0.026600
0.142190 0.071367 0.109770
-0.010772 0.244966 0.043851
-0.019982 0.236373 0.042980
-0.006669 0.231679 0.050525
-0.034140 0.240815 0.034643
0.162568 -0.681944 -0.014396
0.169664 -0.690627 -0.038439
0.157887 0.152614 -0.069592
0.146301 0.169077 -0.078906
0.163686 0.171563 -0.067536
-0.109052 -0.531911 0.072438
0.133439 0.220127 0.045994
0.089878 -0.906172 -0.068576
0.103538 -0.929223 -0.066883
0.083681 -0.930656 -0.058505
0.128720 -0.886047 -0.075125
0.106801 -0.882761 -0.079100
0.129329 -0.870490 -0.078965
-0.082963 0.046569 0.152809
-0.102530 0.049877 0.137474
-0.092875 0.029773 0.141874
-0.482477 0.245185 -0.017193
-0.468692 0.247535 -0.028532
-0.481676 0.233776 -0.004902
-0.089821 0.230166 0.046645
0.157937 0.270296 -0.018982
-0.148562 -0.711726 -0.014200
-0.132730 0.254898 0.047736
-0.127059 0.231960 0.051234
0.547462 0.212390 -0.079904
0.535360 0.225112 -0.079639
-0.345893 0.232734 -0.024061
-0.361867 0.232771 -0.004862
-0.331697 0.221297 -0.038842
-0.320745 0.229515 -0.022156
0.219877 0.191456 -0.065699
0.216043 0.213646 -0.062498
0.238364 0.209583 -0.064370
0.163515 -0.535635 0.008476
0.156982 -0.527516 0.026391
0.150461 -0.549751 0.023227
0.324512 0.202460 -0.068172
0.332472 0.219328 -0.061165
0.345534 0.203542 -0.067629
0.162308 -0.810651 -0.053020
0.153385 -0.799742 -0.075098
-0.336032 0.232706 -0.005480
-0.324345 0.222588 0.009805
-0.099324 0.207726 -0.089834
-0.118257 0.207716 -0.081838
-0.096494 0.279527 0.013386
-0.088957 0.277633 0.007706
0.124166 -1.014347 0.010852
0.116534 -1.001299 0.020605
0.062766 0.287506 -0.012510
0.073018 0.286687 -0.030702
0.433761 0.243258 -0.020562
0.376665 0.161510 -0.013371
-0.005882 -0.474370 0.008725
-0.019490 -0.467056 0.017555
-0.000519 0.262133 -0.072361
-0.018645 0.262376 -0.073085
-0.012351 0.277224 -0.065504
0.102979 -0.992070 0.026112
0.118458 -0.981590 0.017603
-0.128584 0.281144 -0.018872
-0.117399 0.274325 -0.038506
-0.127538 0.260026 -0.048324
-0.061201 -0.634902 -0.076118
-0.076389 -0.627219 -0.089732
-0.104323 -0.929721 -0.090698
0.395908 0.211928 -0.060309
-0.149020 0.257736 0.042787
-0.135325 0.275616 0.034252
0.472662 0.207925 -0.076082
0.456453 0.222045 -0.072240
0.479251 0.227176 -0.075397
0.139115 0.144499 -0.083083
0.118576 0.149909 -0.093426
0.120851 0.127883 -0.091641
-0.104659 -0.756151 -0.005598
0.129082 -0.612734 0.028719
0.141502 -0.596974 0.016051
0.128932 -0.587350 0.030575
-0.151734 -0.778243 -0.022444
0.077266 -0.921362 0.000770
0.067750 0.089622 0.166814
0.050783 0.090029 0.167342
0.226355 0.248134 0.004887
0.130782 0.275580 -0.024693
0.144710 0.277066 -0.012096
0.144081 0.105079 0.090570
0.154856 0.120149 0.069416
-0.073278 -0.980711 -0.032842
0.167195 -0.742149 -0.057089
0.363077 0.204345 -0.065505
-0.095563 -0.718265 -0.117659
-0.101600 -0.700657 -0.116749
-0.141183 0.145211 0.068472
-0.150585 0.127239 0.058730
0.516200 0.220153 -0.080440
0.530533 0.210474 -0.080392
-0.225465 0.186203 -0.045837
-0.236167 0.206425 -0.043131
-0.213481 0.196885 -0.047271
0.113945 0.040220 0.151858
0.117201 0.278667 -0.002538
0.129133 0.280520 -0.005497
0.119856 0.279755 -0.018217
-0.087461 -0.531566 0.042144
-0.079919 -0.549747 0.033719
-0.072234 -0.528774 0.030803
0.650661 0.234589 -0.021014
0.662932 0.215571 -0.023219
0.672064 0.218684 -0.017740
0.127035 0.052007 0.141807
-0.006535 0.169886 0.087806
0.067924 -0.645047 0.000767
0.056080 -0.653432 -0.013295
0.066483 -0.666978 0.001525
-0.428001 0.246239 -0.017797
0.503383 0.223248 -0.012655
0.520758 0.223502 -0.015204
0.494039 0.203505 -0.011680
-0.155717 -0.533776 -0.051635
-0.163709 -0.522690 -0.036607
-0.545667 0.244040 -0.029238
-0.541196 0.231967 -0.015511
-0.049904 0.142215 0.115403
-0.031282 0.139883 0.117635
-0.063295 -0.864245 -0.039334
-0.079617 -0.875854 -0.022854
-0.070419 -0.891030 -0.034366
0.132206 0.186611 -0.085483
0.115091 0.171951 -0.093815
-0.229677 0.141826 0.019431
-0.243705 0.133511 0.003327
-0.225806 0.126704 -0.008771
-0.215176 0.128664 0.006653
0.005065 0.111297 0.147960
0.022173 0.105633 0.154732
0.024656 0.123741 0.137848
-0.052844 -0.642525 -0.039281
0.105521 -0.829481 -0.092083
0.116849 -0.841208 -0.089417
0.099288 -0.844057 -0.087200
-0.160182 -0.621690 -0.048685
-0.157559 -0.607865 -0.033169
-0.080465 0.280788 -0.005782
0.167689 0.262610 0.021715
0.173357 0.245869 0.030809
0.181584 0.257234 0.020606
0.096101 -0.477564 0.067256
0.090406 -0.459910 0.067167
-0.008774 0.181930 -0.096220
-0.095175 -0.598472 0.028036
-0.084691 -0.585386 0.030858
0.574366 0.233266 -0.074963
0.587216 0.219726 -0.077361
0.081722 -0.543413 -0.077060
0.068104 -0.526751 -0.074346
0.062146 -0.551973 -0.070808
0.077402 -0.568236 -0.075358
0.131703 -0.976628 -0.029486
0.224493 0.249142 -0.033646
0.235399 0.235085 -0.051637
0.105313 -0.945685 0.018040
-0.047519 -0.596545 -0.033453
-0.147823 -0.690287 -0.013085
-0.155860 -0.698292 -0.024526
-0.114533 0.262759 -0.054332
0.130974 0.164651 -0.088983
0.099812 0.157616 -0.100675
0.042755 0.223474 -0.093495
0.060021 0.227747 -0.094771
0.133876 -0.563043 0.034625
0.140673 -0.540419 0.038174
0.119122 0.045880 -0.058372
0.111647 0.061596 -0.070373
0.134849 0.065024 -0.055220
-0.476723 0.213852 0.000489
-0.456122 0.208073 0.000477
-0.460649 0.226498 -0.000333
0.074527 -0.913370 -0.054175
0.064374 -0.850808 -0.011273
0.080199 -0.860521 0.002930
-0.029097 0.247956 -0.083247
-0.020528 0.231151 -0.087838
-0.040988 0.231496 -0.087667
0.072780 0.280121 -0.046555
0.096572 -0.722389 0.014883
-0.580832 0.226779 -0.017105
-0.258976 0.135488 -0.028851
-0.233974 0.131581 -0.030343
-0.238866 0.128490 -0.013858
0.078086 -0.898266 0.000492
0.002756 -0.494886 -0.026550
0.016811 -0.504109 -0.033714
0.022610 -0.491145 -0.022500
-0.118098 0.254102 -0.066186
-0.452726 0.242713 -0.042026
-0.448295 0.247319 -0.021958
-0.022377 0.034578 0.167585
-0.002584 0.047477 0.168803
0.140242 0.047277 0.110659
-0.023687 0.161418 0.091728
-0.152630 -0.480026 0.036767
0.155092 0.033307 0.028019
0.091385 -0.607766 0.038194
0.110112 -0.621292 0.031129
0.112153 -0.599914 0.040864
0.166915 -0.692227 -0.058821
0.157187 -0.689889 -0.075512
0.162568 -0.672375 -0.064571
0.149503 -0.703970 -0.085519
0.161124 -0.708829 -0.072601
-0.059684 -0.484940 0.035481
-0.050256 -0.489163 0.018990
-0.047921 -0.469845 0.024913
0.114271 -0.567678 -0.079596
0.118015 -0.549717 -0.078281
0.535151 0.232512 -0.020206
-0.050680 -0.577528 -0.018801
-0.011883 0.119598 0.140566
0.014146 0.136944 0.122626
0.004281 0.125692 0.134749
0.095596 -0.951571 -0.062011
0.327851 0.240852 -0.009341
0.144217 -0.572559 0.019605
0.135829 -0.821465 0.011159
0.128316 -0.794762 0.014458
0.119369 -0.815587 0.013650
-0.039229 -0.522986 -0.031417
0.280123 0.150490 -0.042574
0.241966 0.136187 -0.035030
0.275280 0.165806 -0.058175
0.182740 0.186469 0.033913
0.206673 0.206004 0.034313
0.184764 0.206829 0.037911
-0.132142 -0.551873 0.026986
-0.146723 -0.551142 0.010329
-0.137177 -0.566447 0.011220
-0.126400 -0.752974 -0.114536
-0.141428 -0.738506 -0.107684
-0.358254 0.186813 0.013822
-0.370998 0.203410 0.008733
-0.379424 0.184743 0.008173
0.041642 -0.539330 -0.024710
0.042141 -0.517525 -0.021220
0.039198 -0.519886 -0.038431
0.179451 0.226909 0.035254
0.199699 0.224341 0.030669
0.112259 -0.859885 -0.084818
-0.315164 0.175252 0.018372
-0.287709 0.158879 0.018311
-0.110385 0.167434 0.085213
-0.124472 0.174364 0.071387
-0.126773 0.156674 0.077724
-0.123630 0.194501 0.064039
0.085089 -0.702013 0.012482
0.056417 -0.843557 -0.029074
0.061865 -0.826991 -0.012771
-0.177006 0.259146 0.021981
-0.185039 0.244373 0.030643
0.406605 0.220123 -0.009128
0.403596 0.200972 -0.000196
0.426753 0.206306 -0.008613
0.113993 -0.726132 -0.100077
0.130790 -0.711897 -0.097103
0.138833 -0.654702 -0.080692
0.153757 -0.652885 -0.069001
0.149662 -0.671804 -0.079128
-0.156733 -0.868612 -0.051187
-0.152256 -0.883319 -0.060589
-0.151727 -0.890426 -0.043512
-0.443579 0.219810 0.001728
0.484329 0.243117 -0.061744
0.499769 0.233593 -0.074863
0.566838 0.215437 -0.078948
-0.228781 0.220396 0.028062
-0.215977 0.201424 0.040980
0.284204 0.189141 0.019439
0.310703 0.191274 0.015915
-0.459472 0.232342 -0.059213
-0.448596 0.190417 -0.004334
-0.469804 0.193725 -0.004565
0.231383 0.210112 0.030064
0.033794 0.060814 -0.098523
0.043983 0.079160 -0.101511
0.195717 0.216046 -0.062403
0.290966 0.169914 0.007573
0.096630 -0.513685 0.059467
0.104764 -0.497266 0.064764
0.040615 -0.437433 0.011992
0.041293 -0.459896 0.002109
-0.101427 0.103672 0.135881
-0.109648 0.082209 0.135997
-0.088746 0.088318 0.150578
0.180552 0.151893 -0.046965
0.173359 0.162818 -0.057226
0.198632 0.169749 -0.059459
0.107873 -0.772570 0.014766
0.107082 -0.801394 0.012917
0.323520 0.156388 -0.034150
0.308219 0.147827 -0.022704
0.140066 0.241891 0.041018
0.124566 0.236227 0.036516
0.145779 0.044424 -0.020847
0.136117 0.045130 -0.039505
0.148467 0.062090 -0.033267
-0.518255 0.190869 -0.016507
-0.007812 0.156322 0.096082
-0.430154 0.159570 -0.022659
0.311976 0.158670 -0.006241
0.332457 0.154866 -0.019873
0.141291 0.204181 0.051680
0.148847 0.174763 0.066833
-0.020281 0.083611 -0.106320
0.643462 0.245481 -0.034544
0.656911 0.248274 -0.050918
0.635399 0.248217 -0.049107
0.633334 0.232720 -0.022064
0.617899 0.245979 -0.035864
-0.068116 0.100444 0.153862
-0.071212 0.083527 0.160695
0.221711 0.121260 -0.015903
0.198228 0.113882 -0.017611
-0.107489 0.141551 -0.093385
-0.112767 0.117804 -0.088621
-0.130671 0.140798 -0.080084
0.058120 -0.577340 -0.065795
0.333008 0.242546 -0.032727
0.317084 0.235580 -0.048321
-0.142585 -0.945080 -0.034923
-0.136619 -0.948151 -0.019809
-0.144727 -0.928737 -0.034979
0.127925 0.072609 0.141190
0.115880 0.084777 0.149061
-0.086890 0.143904 -0.102299
0.082753 -0.558504 0.050333
0.086941 -0.535399 0.053901
0.090595 -0.582590 0.049512
-0.092067 -0.663949 -0.108875
-0.079965 -0.686191 -0.106725
-0.080573 -0.720085 -0.111480
-0.068755 -0.729905 -0.102950
-0.085521 -0.739883 -0.115044
-0.124101 0.287283 -0.000841
0.048407 -0.614615 -0.025690
0.055597 -0.631227 -0.010775
0.087561 -0.805918 0.005242
0.473045 0.246088 -0.023902
0.468638 0.249964 -0.044477
0.056042 -0.600099 -0.057890
0.022521 0.065633 0.169911
0.020623 0.090997 0.163957
0.049881 -0.777130 -0.052481
-0.052285 0.092172 0.159032
-0.290660 0.229577 -0.001619
-0.300414 0.221901 0.012189
-0.310878 0.229999 -0.003937
-0.056703 -0.506119 0.019997
-0.068141 -0.508987 0.034189
0.083247 -0.679652 0.013055
0.067304 -0.689529 0.000181
-0.577846 0.246812 -0.047591
-0.560765 0.246522 -0.039292
0.126535 -0.638046 0.021324
0.169190 -0.715825 -0.051523
0.033368 -0.449063 0.033341
0.065000 -0.871190 -0.013177
0.037865 0.098261 0.161205
0.038065 0.079916 0.169997
0.004731 0.219874 0.057869
-0.015011 0.217251 0.059594
-0.077080 0.213780 0.053839
0.133317 0.260599 0.029785
0.434626 0.217392 -0.067524
-0.033505 0.201476 0.065717
-0.373207 0.211595 -0.050170
-0.358067 0.223673 -0.040746
-0.342605 0.202252 -0.051230
0.111864 0.093602 -0.086542
0.129767 0.099140 -0.075906
0.121960 0.079729 -0.073116
0.567631 0.215524 -0.022047
-0.053248 -0.794273 -0.045445
-0.068100 -0.808944 -0.024390
-0.056964 -0.815015 -0.040687
0.057986 -0.729191 -0.070235
0.053071 -0.715379 -0.052515
0.133677 -0.887992 0.009971
0.127764 -0.910977 0.012415
-0.567742 0.228968 -0.070361
0.072510 -0.971873 -0.000614
0.075907 -0.945471 0.000703
0.070887 -0.957785 -0.016679
-0.060015 -0.565924 0.001799
-0.066649 -0.587184 0.000994
-0.081929 0.109777 0.142192
-0.116543 0.098490 0.122028
0.068219 -0.772686 -0.083240
0.080011 -0.780729 -0.092890
0.067339 -0.792346 -0.080542
-0.097659 -0.500985 0.052843
-0.101061 -0.483008 0.064552
-0.111950 -0.492159 0.058788
0.151585 -0.829607 -0.002544
0.149611 -0.805292 0.003326
-0.106343 0.065960 -0.079173
-0.085496 0.057407 -0.088643
0.098026 -0.558186 -0.077168
0.101511 -0.536094 -0.077500
-0.165713 0.226301 -0.052744
-0.115814 -0.689067 -0.114327
-0.039766 -0.481149 0.007575
-0.042111 -0.492238 -0.010119
-0.022439 -0.479113 -0.002669
0.077110 -0.859943 -0.071539
0.067836 -0.869402 -0.058801
-0.480528 0.231455 -0.064277
-0.467102 0.215974 -0.069722
-0.293383 0.229131 -0.020435
0.056033 0.235074 0.042578
0.037769 0.243998 0.038372
0.063667 0.194732 -0.102053
-0.487259 0.214262 -0.072874
0.164647 -0.652189 -0.050065
0.164921 -0.643402 -0.029153
0.167512 -0.667026 -0.032443
-0.053110 -0.727982 -0.049750
0.076220 -0.879819 -0.000521
0.145398 0.040478 0.088313
0.547900 0.247575 -0.050991
-0.224101 0.235787 -0.022955
0.656908 0.216859 -0.071472
0.642362 0.211602 -0.062388
0.658449 0.232001 -0.074824
-0.157146 0.238692 -0.048226
-0.136848 0.049885 0.077482
-0.132400 0.033605 0.075286
-0.124980 0.035884 0.092153
0.187910 0.166302 0.024467
0.276888 0.237322 -0.047234
-0.208942 0.222950 0.033155
-0.217430 0.236452 0.018106
-0.085747 -0.803556 -0.015256
-0.078002 -0.531084 -0.081697
-0.173167 0.097739 0.002886
0.138478 -0.519767 -0.070479
0.124794 -0.508484 -0.076546
0.042014 0.127508 -0.108411
0.026494 0.135843 -0.106833
0.058514 0.116712 -0.107804
0.060874 0.135975 -0.108548
-0.270573 0.164659 0.025645
0.180962 0.260153 -0.030523
-0.060486 -0.835838 -0.036113
-0.071110 -0.828598 -0.023406
-0.075363 -0.851363 -0.023293
-0.109572 -0.873429 -0.011705
-0.126696 -0.874947 -0.012354
-0.115079 -0.892218 -0.009864
0.151758 0.045630 -0.005737
-0.492535 0.172296 -0.028479
0.056865 -0.697966 -0.017030
0.056900 -0.775314 -0.071511
0.268098 0.241711 -0.005240
0.147867 -0.583379 -0.061473
0.155101 -0.570040 -0.043166
0.101368 0.111067 -0.097496
0.074936 0.103643 -0.102282
0.490011 0.250046 -0.042184
-0.139257 -0.914588 -0.019896
-0.146594 -0.912269 -0.035519
0.024387 0.230044 -0.088494
0.011772 0.247493 -0.081166
0.030310 0.249568 -0.080630
-0.135155 -0.655799 -0.003862
-0.136720 -0.633583 -0.003871
-0.156869 -0.552044 -0.008248
-0.163208 -0.530208 -0.016909
-0.161418 -0.554812 -0.035451
-0.110338 -0.613271 0.021775
0.103477 0.074628 -0.083855
0.663531 0.203184 -0.036365
0.152844 -0.506623 -0.051707
0.399713 0.176519 -0.057573
0.382047 0.195142 -0.065914
-0.048795 0.250117 -0.083067
-0.071578 0.254391 -0.078689
-0.061939 0.233426 -0.088395
-0.157243 -0.631759 -0.033753
-0.161587 -0.641960 -0.053464
0.103820 0.135931 0.118407
0.084395 0.128563 0.131566
0.101607 0.116516 0.137842
-0.206464 0.234169 -0.034891
-0.187151 0.231133 -0.046106
-0.063444 -0.883876 -0.046901
-0.060211 -0.859618 -0.056888
0.144963 -0.646854 0.009023
0.142789 -0.622170 0.013570
0.083283 -0.879312 -0.070929
0.071530 -0.892917 -0.056693
0.060564 -0.879669 -0.037198
-0.168483 -0.494775 0.002922
0.495674 0.241192 -0.021468
0.388971 0.244791 -0.024521
0.120914 -0.503759 -0.093866
0.123773 -0.693276 -0.095176
0.164448 -0.801706 -0.031366
0.139166 -0.784726 -0.091343
-0.131269 -0.934593 -0.013021
-0.040562 -0.534430 -0.037259
-0.093270 0.262712 -0.065511
-0.080727 0.268781 -0.062436
-0.090446 0.273479 -0.054543
0.090898 -0.632034 -0.075938
-0.106331 0.116947 0.120329
0.054455 -0.665727 -0.050054
0.052589 -0.681936 -0.033557
0.052455 -0.658817 -0.031634
0.161962 0.111988 0.052771
0.176450 0.106654 0.031643
-0.595301 0.210139 -0.021762
-0.606711 0.225392 -0.018577
0.156753 -0.558529 0.007021
0.163828 0.231399 0.038079
0.036247 0.139143 0.122213
0.094581 0.057274 -0.080850
0.103343 0.047492 -0.070524
0.069397 -0.525051 0.044299
0.079164 -0.515104 0.053633
0.206434 0.253288 -0.030674
-0.066792 -0.548568 0.019091
-0.072364 -0.572546 0.021467
0.091445 -0.780525 0.007376
-0.083984 -0.899518 -0.021400
-0.083569 -0.946068 -0.015296
0.118981 0.117749 0.123334
-0.163911 -0.727575 -0.079465
-0.158852 -0.748438 -0.086778
-0.103722 -0.795943 -0.008368
-0.105006 -0.821015 -0.009571
-0.083930 -0.820793 -0.016636
-0.054616 0.095861 -0.105080
-0.172634 -0.500741 -0.016998
0.121727 -0.531649 -0.076868
0.051245 -0.781300 -0.031607
0.055397 -0.804637 -0.022279
0.256706 0.225628 0.016590
0.245761 0.244181 0.000835
0.137686 -0.729178 0.014720
-0.126696 0.052162 0.100402
-0.157305 0.251669 -0.038961
-0.173140 0.245900 -0.039324
0.060512 -0.700256 -0.067671
0.072496 -0.708387 -0.083267
-0.079418 0.280339 -0.045331
-0.089559 0.285785 -0.023616
0.140482 -0.870764 -0.070923
0.129936 -0.854921 -0.082819
-0.191972 0.248077 -0.029695
0.067145 0.083972 -0.098279
-0.060161 0.035110 0.159131
0.058656 -0.513029 0.032492
0.136986 0.159898 0.083357
0.157305 0.159846 0.066647
0.072317 -0.568733 0.039516
0.071097 -0.545959 0.042135
0.061024 -0.552032 0.029601
0.477328 0.166813 -0.033249
0.488400 0.183377 -0.018233
0.469001 0.181433 -0.015475
-0.263898 0.158414 -0.047959
-0.268307 0.177444 -0.050713
-0.243996 0.162263 -0.046842
-0.132881 -0.491284 0.055986
-0.124850 -0.513114 0.050017
-0.157583 -0.852325 -0.059464
-0.158836 -0.838209 -0.047848
0.141383 -0.690248 -0.087888
-0.118505 -0.538183 0.042530
0.404555 0.157163 -0.026910
0.385015 0.159040 -0.025325
0.391480 0.163980 -0.041605
0.062485 -0.754513 -0.079041
0.051493 -0.636994 -0.028929
0.511331 0.248408 -0.038788
0.516569 0.237715 -0.022039
0.136671 -0.541084 -0.071462
0.644706 0.215373 -0.028493
-0.156477 -0.639405 -0.077355
-0.160791 -0.662188 -0.074404
-0.157364 -0.532555 0.004767
-0.146298 -0.565765 -0.000626
-0.160844 -0.701331 -0.083647
-0.155599 -0.715254 -0.094287
0.450149 0.202948 -0.071633
0.113981 -0.656307 0.020620
0.133451 -0.663493 0.016145
-0.126428 0.075422 -0.066067
-0.116061 0.091947 -0.081516
-0.129475 0.071999 0.105160
-0.133839 0.065786 0.088620
-0.015432 0.197553 0.070637
0.000934 0.203965 0.069293
0.160105 -0.836378 -0.023018
0.159896 -0.814496 -0.016102
0.136202 0.119323 -0.079424
-0.031366 0.214354 -0.091141
-0.028379 0.182062 -0.099258
0.163776 -0.556629 -0.027265
-0.102830 -0.706993 -0.001332
-0.041970 0.024284 0.163894
-0.076018 0.023319 0.152638
-0.144916 -0.560815 -0.070195
0.161815 -0.601916 -0.029459
0.251393 0.200719 0.026533
-0.075237 0.255973 0.016894
-0.056088 0.254843 0.019662
0.123049 -0.930905 -0.065018
0.129656 -0.915897 -0.065627
0.132750 -0.936697 -0.052280
0.148294 -0.905507 -0.033371
0.141180 -0.916621 -0.048554
0.145218 -0.893025 -0.055676
-0.425838 0.187030 -0.004232
-0.442734 0.175218 -0.011449
-0.268184 0.227328 -0.026649
0.129467 0.278025 0.011243
0.125948 0.267924 0.013074
0.141357 -0.757386 -0.094002
-0.137871 0.095240 -0.066564
0.263571 0.207799 -0.066466
0.009425 0.159657 0.093924
-0.151913 0.152696 0.051163
-0.156798 0.179303 0.046640
0.091139 0.280069 -0.014413
0.053450 -0.491018 0.026768
0.380102 0.193723 0.006288
0.396654 0.179059 -0.000291
0.001010 0.230877 -0.086275
-0.009280 0.247287 -0.080928
0.068857 -0.456546 0.059156
0.059833 -0.451454 0.043524
0.114251 -0.909189 -0.072022
0.128947 0.268015 -0.042761
-0.106315 -0.531844 -0.054984
-0.121746 -0.521901 -0.050830
-0.306424 0.219407 -0.037560
-0.314454 0.204557 -0.048174
0.062629 -0.674530 -0.066656
0.066513 -0.648403 -0.066093
0.079497 -0.659733 -0.078317
-0.263265 0.207890 0.028700
-0.428520 0.219449 -0.061991
-0.446705 0.216955 -0.065712
-0.433474 0.201965 -0.066725
-0.412762 0.207302 -0.062282
-0.083953 -0.644137 -0.100605
-0.097914 -0.684097 -0.113394
0.667934 0.210655 -0.067794
0.678574 0.201736 -0.054900
0.115755 0.021434 0.148898
-0.088559 -0.868112 -0.098751
-0.072579 -0.856470 -0.089182
-0.073490 -0.877627 -0.085501
0.150453 0.224783 0.043357
-0.150626 0.274908 0.025841
0.041243 -0.517486 -0.081464
0.033774 -0.521752 -0.062173
0.070935 0.168233 0.095093
0.151370 -0.671523 0.005638
-0.163909 -0.674451 -0.057202
-0.158093 -0.680277 -0.030269
-0.292722 0.189732 -0.052572
-0.288639 0.166017 -0.051657
-0.315382 0.183138 -0.054392
-0.626549 0.223337 -0.019462
-0.617299 0.238003 -0.023814
-0.636049 0.233998 -0.021994
-0.222126 0.220024 -0.039584
-0.019612 0.055531 0.166551
-0.040775 0.045406 0.164661
0.172519 0.147167 0.017894
-0.063837 -0.528054 0.018898
0.148201 -0.556101 -0.059214
0.150248 -0.529663 -0.058169
0.165872 -0.776445 -0.028877
-0.127728 0.092929 0.105845
0.158411 -0.751271 -0.075622
0.155415 -0.774549 -0.077676
-0.153820 -0.734315 -0.096713
-0.042259 0.113284 -0.108276
0.037213 -0.505441 -0.029747
-0.560806 0.239117 -0.022154
-0.048241 -0.501709 0.004180
-0.053594 -0.523227 0.002658
0.082668 0.163019 -0.104201
-0.189461 0.254573 0.013088
-0.192174 0.256911 -0.009289
-0.224631 0.167268 -0.046374
0.359255 0.186826 -0.066359
0.146770 0.107812 -0.065644
0.156073 0.096192 -0.049006
-0.513997 0.191062 -0.070300
-0.498848 0.178060 -0.060946
0.466226 0.189417 -0.072413
-0.625093 0.212698 -0.065846
-0.610227 0.227142 -0.070891
0.128190 -0.963411 -0.050797
0.156414 0.060651 -0.014454
0.105226 -0.516725 -0.096269
0.422508 0.229819 -0.057586
0.154364 -0.882293 -0.033808
0.154323 -0.873904 -0.013789
0.152272 -0.895322 -0.014439
0.147025 -0.886290 -0.000785
0.144417 -0.868349 0.003856
0.178031 0.216472 -0.065041
-0.015348 0.166219 -0.103087
-0.006077 0.150711 -0.103934
-0.272010 0.137802 -0.009475
0.055132 -0.742656 -0.021362
-0.116361 0.057981 0.125714
0.115771 0.252605 0.021349
0.112585 0.266812 0.008168
0.052619 -0.531222 -0.066134
0.081394 -0.657069 0.013474
0.099722 -0.669702 0.019013
-0.395872 0.214987 -0.051292
-0.236474 0.232413 0.010534
-0.124309 -0.802629 -0.008042
0.132894 -0.673022 -0.088739
0.124165 -0.657685 -0.087172
-0.578712 0.243820 -0.032095
0.235212 0.252279 -0.015794
0.153671 -0.529770 0.038802
0.139105 -0.845614 0.007787
0.153467 -0.851896 -0.008418
0.057014 -0.675263 -0.014970
0.161874 0.209880 0.045091
-0.196576 0.206246 0.043820
0.193341 0.258997 -0.025721
-0.085502 -0.841494 -0.104052
-0.107386 -0.857263 -0.105999
-0.110240 -0.833223 -0.109780
-0.141251 -0.855996 -0.094015
-0.126474 -0.846205 -0.104176
-0.124838 -0.869207 -0.099920
0.160323 0.273612 0.002111
0.141908 0.278287 0.009681
0.153249 0.269355 0.020748
-0.076766 -0.493400 0.048664
-0.083682 -0.511384 0.046526
-0.586644 0.222319 -0.071947
-0.107275 -0.528329 -0.056627
-0.131078 -0.564935 -0.085464
0.141519 -0.928015 -0.032553
0.244818 0.187724 -0.065423
0.127656 -0.994664 0.007500
-0.091248 0.133485 0.117191
-0.109426 0.130989 0.105434
0.054649 0.142126 0.119893
0.046712 0.149459 0.112104
0.352305 0.238857 -0.004749
0.337549 0.227592 0.007229
-0.028292 0.127263 0.132172
-0.028892 0.111616 0.147705
-0.048002 0.105847 0.152491
0.136428 -0.951651 -0.032868
0.142027 -0.940079 -0.014377
0.137370 -0.963555 -0.013009
0.133056 -0.987193 -0.010216
0.131166 -0.972794 0.005154
-0.153229 -0.863057 -0.034734
-0.082388 -0.967476 -0.077204
-0.095595 -0.966895 -0.083359
-0.096907 -0.885770 -0.014650
-0.167087 0.158946 -0.043849
-0.095172 -0.812954 -0.111334
-0.116422 -0.813655 -0.110939
-0.154424 0.056319 -0.030204
0.241950 0.176521 0.024995
0.262870 0.188780 0.022961
0.093066 -0.629614 0.028623
0.166423 -0.546926 -0.009577
-0.147989 -0.758884 -0.101080
0.634326 0.207219 -0.045500
0.624993 0.214804 -0.031322
0.029330 -0.447816 0.014309
-0.062336 -0.847794 -0.073908
-0.066388 -0.865446 -0.075464
-0.250800 0.222355 0.020682
0.050778 -0.801325 -0.043472
0.081129 0.108232 0.152951
0.101656 0.097661 0.152775
-0.464536 0.243506 -0.010399
-0.059680 -0.780234 -0.033001
-0.110711 -0.685939 0.000273
-0.088873 -0.686638 -0.004229
-0.096515 -0.668255 -0.000058
0.059917 0.291814 -0.022298
0.538171 0.196149 -0.076331
-0.061209 0.171791 0.087887
0.143628 -0.753344 0.010451
0.126943 -0.743357 0.016892
0.128218 -0.764928 0.016279
0.108445 -0.743649 0.016990
0.116735 -0.723649 0.018376
0.136896 -0.510960 0.054837
-0.121754 0.080453 0.119840
0.072759 -0.589401 0.033220
0.185624 0.201484 -0.066272
0.200321 0.195654 -0.065463
0.182738 0.182117 -0.064981
-0.071742 -0.746696 -0.019494
-0.060665 -0.730401 -0.031800
-0.010542 -0.484645 -0.014382
0.006557 -0.478752 -0.011121
0.006103 0.232598 0.046313
0.079724 -0.454607 0.063648
0.132687 0.044242 0.128064
0.123660 0.033275 0.137102
-0.094430 -0.863244 -0.015263
-0.084208 0.254279 -0.075668
0.078517 -0.991772 -0.033102
0.071405 -0.979440 -0.019939
-0.150397 -0.595818 -0.016923
-0.154531 -0.572495 -0.015783
0.102335 -0.970411 0.020675
0.082706 -0.986670 0.023257
0.010657 0.282136 -0.061296
0.006955 0.278153 -0.063554
0.009919 0.092770 -0.108910
-0.166260 -0.504563 -0.022243
-0.627192 0.246579 -0.036743
0.018723 0.263154 -0.071756
-0.089837 -0.742858 -0.009354
-0.110163 -0.640118 -0.104904
0.154120 -0.866337 -0.052398
0.158686 -0.858525 -0.030618
-0.455211 0.195656 -0.072498
-0.475282 0.200892 -0.074549
0.324365 0.210924 0.015074
-0.140490 0.211221 0.051902
0.502143 0.172014 -0.031887
-0.155858 -0.678953 -0.089559
-0.163293 -0.684403 -0.073713
0.154008 -0.582714 0.004433
-0.163015 -0.775775 -0.069526
-0.141848 -0.930767 -0.052548
0.090724 0.195746 0.070386
0.072060 0.185395 0.079525
0.091776 0.177210 0.086211
-0.086177 -0.652122 -0.002583
-0.083934 -0.632991 0.001464
-0.101262 -0.649182 0.002350
-0.078018 -0.665376 -0.007753
-0.094843 -0.725201 -0.005633
-0.111833 -0.571156 -0.092400
-0.149738 -0.620774 -0.016892
-0.104639 -0.904895 -0.096664
-0.087598 -0.891246 -0.094208
-0.082221 -0.914549 -0.087678
-0.135171 -0.782245 -0.009565
0.155699 -0.634560 -0.059907
0.116941 -0.945937 -0.064577
0.123183 -0.524057 -0.092755
-0.139832 -0.856683 -0.017969
0.139968 0.143266 0.086071
0.093374 -0.530756 -0.102862
-0.124127 -0.892390 -0.095423
-0.106682 -0.880948 -0.101305
-0.055663 0.074492 -0.100130
0.187501 0.263076 -0.011616
0.116770 -0.750025 -0.101580
-0.300829 0.140873 -0.012786
-0.312103 0.155389 0.004544
0.032151 -0.451124 -0.011835
0.036168 -0.445920 -0.004927
0.261938 0.135493 -0.026372
0.216397 0.135418 0.010771
0.117519 -0.514423 0.060339
0.109808 -0.531348 0.055835
0.063706 0.122575 0.141415
0.072438 0.139278 0.123572
-0.016492 -0.501797 -0.033163
-0.073866 0.181443 0.080447
0.171010 0.140042 0.044144
0.156846 0.141013 0.067447
0.051714 0.174457 0.084920
0.623889 0.211711 -0.068953
-0.365938 0.194011 -0.056707
0.193178 0.244368 0.025371
-0.624068 0.211523 -0.023586
0.113579 -0.506013 -0.080375
0.178203 0.266471 0.005053
0.149494 0.192064 -0.075437
0.170708 0.196567 -0.068202
-0.071924 -0.819074 -0.099001
0.048976 0.130407 0.132248
0.041936 0.114986 0.148307
-0.135761 -0.828008 -0.013822
-0.150181 -0.841417 -0.028237
0.463095 0.238303 -0.062203
-0.090411 -0.839772 -0.015079
0.141076 0.087170 -0.061644
-0.092445 0.118579 0.130380
0.089719 0.208417 0.058438
-0.066144 -0.881786 -0.068323
-0.030775 -0.518045 -0.044710
0.117123 0.275389 -0.034270
0.495371 0.213174 -0.079337
-0.174179 0.105401 -0.034146
-0.184705 0.123189 -0.021085
-0.435226 0.205168 -0.001472
-0.413479 0.203294 -0.003099
-0.200117 0.240763 0.024797
0.059177 -0.535129 0.030265
-0.025172 -0.492194 -0.017497
0.023900 0.228129 0.055598
0.038935 -0.483232 -0.023093
0.025005 -0.471606 -0.012587
0.642894 0.246799 -0.064627
0.006972 0.164690 -0.099076
0.008181 0.183312 -0.096145
0.165279 -0.764939 -0.060853
-0.144904 -0.638076 -0.091452
0.129946 -0.526738 0.051158
0.609127 0.225620 -0.075946
-0.055579 -0.740414 -0.086674
-0.205785 0.173070 -0.048678
0.160263 -0.641737 -0.014520
0.157815 -0.655047 -0.005007
0.162551 -0.658075 -0.018877
0.053914 -0.546580 0.013543
0.053301 -0.527547 0.017402
-0.182471 0.127116 -0.028250
-0.176778 0.263914 -0.002275
0.046951 0.246930 0.029704
0.064545 0.258870 0.016328
0.172495 0.267630 -0.014997
-0.246971 0.188663 -0.047313
-0.050938 -0.723306 -0.071225
0.159220 0.057700 0.003013
0.167284 0.074891 0.010485
0.164943 0.073277 -0.006692
-0.066382 -0.835713 -0.087980
0.126883 0.173313 0.079610
-0.042267 -0.512264 -0.072143
0.141031 0.266921 0.029168
0.458720 0.163583 -0.045937
0.460726 0.173246 -0.062829
0.474156 0.168714 -0.052964
0.632288 0.230193 -0.074483
-0.056629 -0.541357 -0.067719
-0.047121 -0.541621 -0.051962
-0.046027 -0.559333 -0.055367
-0.156762 0.047240 0.039891
0.088130 -0.671657 -0.085671
0.073963 -0.684109 -0.078875
0.162448 -0.821479 -0.034768
-0.053883 0.265629 -0.070133
-0.070050 0.271656 -0.060593
-0.054562 0.275643 -0.061835
-0.512379 0.178492 -0.028763
-0.532537 0.184946 -0.030547
0.116386 -1.010014 -0.057088
0.120657 -0.959084 0.016177
-0.370428 0.169677 -0.050609
-0.150832 0.158828 -0.062159
-0.629728 0.205899 -0.036273
-0.607604 0.203834 -0.035757
-0.087455 0.226011 -0.088732
-0.160505 -0.816739 -0.052186
0.081211 0.070391 -0.089530
0.025426 0.278883 -0.061107
-0.054939 -0.698635 -0.078417
0.053362 -0.705820 -0.035165
-0.115113 -0.851314 -0.009589
-0.043382 -0.527679 -0.050956
0.036010 0.265086 -0.070113
0.558020 0.198126 -0.073533
-0.293737 0.205867 -0.045299
0.552127 0.240801 -0.029756
0.053969 -0.690572 -0.051144
-0.146351 -0.490416 0.045639
0.102334 0.272553 -0.003587
-0.389327 0.200886 -0.057575
0.217540 0.255478 -0.013385
0.346145 0.243600 -0.021442
0.136702 0.061319 0.127618
0.154726 0.251432 0.034674
0.083751 -0.803928 -0.089828
-0.204914 0.126200 -0.026830
0.454729 0.164621 -0.026019
-0.072683 0.196465 0.067705
-0.086785 -0.528638 -0.063317
0.043789 -0.443464 0.021643
-0.458005 0.163776 -0.042543
-0.458185 0.170830 -0.061059
-0.439821 0.163935 -0.052683
0.149058 0.077813 -0.045460
-0.165189 -0.492842 -0.024892
-0.102456 -0.756763 -0.117761
-0.082381 -0.764203 -0.112209
-0.088212 0.204199 0.064914
0.055125 0.105458 0.158508
-0.072726 -0.897854 -0.078472
0.258586 0.227324 -0.057276
0.049313 -0.442639 0.027245
-0.436524 0.181732 -0.069034
-0.177974 0.190027 0.046043
-0.196680 0.181827 0.045836
0.552924 0.184229 -0.045308
0.387908 0.161851 -0.011378
-0.058595 -0.830519 -0.072861
-0.056727 -0.834367 -0.056810
0.191300 0.126238 0.008446
0.092907 -0.861729 -0.079697
0.065135 -0.580421 0.024012
-0.341052 0.180553 -0.056221
-0.090157 -0.567911 0.037960
-0.132051 -0.678487 -0.003679
0.547459 0.185908 -0.062199
0.179598 0.129119 0.030487
0.179882 0.135208 -0.037566
-0.062843 0.116505 0.141619
0.054817 -0.479159 0.032274
0.231173 0.186949 0.030603
-0.608730 0.246720 -0.059708
0.071293 -0.948144 -0.030934
0.105713 0.172329 0.090851
-0.066670 -0.753338 -0.102431
-0.441550 0.159508 -0.036446
0.531794 0.245921 -0.035807
0.076071 -0.967712 -0.033711
-0.122246 -0.475668 0.062890
0.034305 -0.498941 -0.024309
0.018701 -0.515334 -0.046883
-0.095784 -0.789220 -0.114391
-0.082998 -0.780721 -0.111228
-0.078218 -0.797072 -0.106377
0.147862 -0.519699 0.041145
0.443915 0.175095 -0.012075
-0.092117 0.176589 0.085471
0.095557 -0.648133 0.020829
0.566278 0.188042 -0.059577
0.576766 0.199785 -0.070803
0.081036 -0.843379 -0.079803
0.010431 -0.521186 -0.051552
-0.014467 0.290175 -0.055762
-0.023578 0.277420 -0.062760
-0.034359 0.288247 -0.051732
-0.006112 0.295955 -0.055272
-0.050248 0.291028 -0.042023
0.053930 0.288163 -0.041663
0.169308 0.107959 -0.035839
-0.048792 0.283422 -0.051899
-0.040152 0.276118 -0.060580
-0.140510 -0.879349 -0.088424
0.110944 0.281637 -0.023515
0.110918 0.257608 -0.064416
0.052829 0.273869 0.015094
-0.035983 0.262703 -0.071888
-0.134536 -0.995639 -0.046440
-0.121084 0.284508 0.018999
0.044989 0.264794 0.025056
-0.137926 0.284131 0.013400
-0.079872 0.236990 -0.085219
0.031664 0.257809 0.040888
0.044820 -0.492148 0.011028
0.048221 -0.509624 0.013625
0.026880 0.241479 0.047259
-0.033928 0.251890 0.028117
-0.045272 0.247758 0.027131
-0.017178 0.250489 0.037782
0.011822 0.249076 0.044196
-0.047765 0.236165 0.040029
-0.005404 0.252888 0.045299
-0.180838 0.257551 -0.022461
-0.451453 0.165679 -0.025263
0.600428 0.204693 -0.071364
-0.392631 0.170721 -0.052875
-0.139850 0.187040 0.057181
-0.159171 0.200681 0.048397
-0.035975 0.164978 -0.104300
0.009407 0.143553 -0.105199
0.209647 0.184370 0.033083
-0.053738 -0.797968 -0.071982
-0.060717 -0.816488 -0.081206
-0.063154 -0.799181 -0.091039
-0.140123 0.164915 0.063784
0.024980 0.155176 -0.104014
-0.147205 0.177819 -0.065573
-0.093177 -0.475581 0.065809
0.241493 0.247415 -0.033164
-0.639397 0.208229 -0.060660
-0.034351 -0.505388 -0.027383
0.065759 -0.499553 -0.072606
0.198333 0.144888 -0.045972
0.028171 0.120696 -0.108856
0.012778 0.124395 -0.109693
-0.760167 0.200048 -0.056930
-0.756766 0.187533 -0.057510
-0.757417 0.193229 -0.050266
-0.757722 0.196651 -0.062485
-0.751355 0.188965 -0.039903
-0.746163 0.200252 -0.061132
-0.747277 0.182233 -0.049756
-0.086694 -0.702740 -0.113792
-0.762845 0.209097 -0.051611
-0.759835 0.204018 -0.044621
-0.744937 0.188695 -0.061388
0.039052 0.110190 -0.108926
-0.742956 0.177669 -0.044077
-0.760799 0.196741 -0.031732
-0.766429 0.206742 -0.034893
-0.759404 0.214937 -0.054553
-0.729273 0.179694 -0.050485
-0.757765 0.218571 -0.034676
-0.759696 0.197762 -0.023807
-0.740559 0.187075 -0.033282
-0.760440 0.206871 -0.020065
-0.735319 0.187038 -0.066478
-0.748857 0.218870 -0.056533
-0.724531 0.178144 -0.058348
-0.757916 0.218304 -0.025456
-0.753387 0.198332 -0.019714
0.120698 0.110097 -0.086438
0.226506 0.169628 -0.060933
-0.733215 0.198133 -0.064654
0.020598 0.108048 -0.110340
0.223243 0.145327 -0.042875
0.181051 0.121130 -0.027107
-0.721850 0.185684 -0.055859
-0.744843 0.215544 -0.068769
-0.740870 0.207337 -0.070907
-0.732719 0.205039 -0.071605
-0.751978 0.231384 -0.036342
0.249341 0.164734 -0.058573
-0.749148 0.221424 -0.064699
-0.720786 0.178770 -0.039034
0.090212 0.089367 -0.093752
-0.743814 0.234623 -0.045864
-0.741110 0.223651 -0.069633
-0.725910 0.183987 -0.034023
-0.725153 0.199934 -0.075393
-0.748936 0.220750 -0.011153
-0.716233 0.198270 -0.065297
0.052794 0.097583 -0.105504
-0.716312 0.192847 -0.057746
0.269005 0.184965 -0.066318
-0.727974 0.201939 -0.021366
-0.733160 0.223016 -0.075107
-0.717403 0.216117 -0.083978
-0.734931 0.235104 -0.065694
-0.709786 0.184877 -0.054958
0.190212 0.118024 -0.006415
-0.713045 0.184295 -0.026769
-0.748595 0.224792 -0.020874
-0.727797 0.225334 -0.081977
-0.735085 0.234206 -0.075714
-0.704878 0.180598 -0.042550
-0.707844 0.206439 -0.079448
-0.706230 0.203619 -0.074426
-0.189756 0.121203 -0.009083
-0.714724 0.216978 -0.080789
-0.729421 0.212766 -0.005613
-0.733461 0.205889 -0.013645
-0.723045 0.234112 -0.081133
-0.716692 0.192869 -0.023571
0.031712 0.093700 -0.107522
-0.742191 0.245934 -0.028681
-0.042431 -0.575534 -0.041156
-0.203076 0.125156 -0.009688
-0.701864 0.181908 -0.031567
-0.710985 0.205417 -0.052522
-0.699186 0.192546 -0.057940
0.750324 0.184800 -0.024132
0.754310 0.188410 -0.037734
0.754806 0.199629 -0.022449
0.768165 0.207124 -0.021883
0.763403 0.201142 -0.030108
-0.701876 0.220916 -0.079311
-0.708214 0.206079 -0.066020
0.759157 0.199261 -0.050062
0.770927 0.212364 -0.031373
0.746831 0.188907 -0.045212
-0.734231 0.243912 -0.069248
-0.741679 0.246254 -0.049847
0.740562 0.183610 -0.021159
0.736598 0.183619 -0.029797
-0.740605 0.231373 -0.006584
-0.735974 0.240751 -0.018365
0.745259 0.191440 -0.017483
-0.248092 0.144675 -0.041086
-0.694788 0.212972 -0.075445
0.754351 0.202803 -0.057054
0.764099 0.206013 -0.052630
-0.690727 0.181298 -0.049832
0.736682 0.186442 -0.038718
0.749807 0.198987 -0.021687
0.763633 0.220124 -0.036898
-0.682060 0.191071 -0.061557
-0.080983 0.072342 0.158912
0.761191 0.219930 -0.050469
-0.708335 0.221494 -0.076442
0.667350 0.208959 -0.033394
-0.725675 0.249293 -0.071534
-0.722804 0.204156 -0.010870
-0.734528 0.250116 -0.035369
-0.731230 0.252610 -0.057149
0.069643 -0.819433 -0.076365
0.721229 0.186637 -0.024768
0.739670 0.192424 -0.051720
-0.723504 0.246388 -0.070334
-0.571130 0.205940 -0.069889
-0.733089 0.254010 -0.048590
0.159271 0.055041 0.022688
0.754762 0.216788 -0.056718
-0.712813 0.235777 -0.081763
-0.703111 0.209941 -0.055085
-0.703369 0.197078 -0.017331
-0.150761 0.087978 -0.051776
-0.697280 0.204075 -0.058468
0.753206 0.205542 -0.066493
-0.695222 0.209943 -0.063387
-0.714976 0.241892 -0.079857
0.755402 0.233581 -0.015148
0.758129 0.230233 -0.043807
0.724076 0.199258 -0.008275
0.732936 0.210770 -0.015334
0.746655 0.226255 -0.068553
0.746392 0.209937 -0.071711
0.728827 0.192800 -0.049175
0.742989 0.208543 -0.080324
-0.255752 0.146142 0.018360
0.749281 0.213302 -0.021582
0.763099 0.227971 -0.026710
-0.681910 0.196912 -0.062522
0.757311 0.230846 -0.033922
-0.099936 0.062085 0.147518
-0.726239 0.251782 -0.057220
-0.723875 0.247240 -0.059273
-0.719284 0.248052 -0.071715
0.722580 0.195657 -0.072630
-0.682556 0.187563 -0.035500
-0.725305 0.222544 -0.005064
-0.730605 0.248402 -0.024623
-0.493176 0.195770 -0.075595
-0.507941 0.209243 -0.075278
0.734769 0.207090 -0.079916
0.728777 0.201922 -0.077347
0.724358 0.194622 -0.035725
-0.688346 0.222980 -0.079612
-0.705399 0.247379 -0.072056
0.741055 0.224911 -0.077394
0.315015 0.183160 -0.066234
0.753075 0.219884 -0.015662
0.665773 0.247005 -0.037939
-0.725941 0.232966 -0.010001
-0.672023 0.184601 -0.049467
-0.693645 0.231988 -0.081776
-0.681342 0.185533 -0.046212
0.375148 0.172488 -0.054414
0.744444 0.245589 -0.063402
0.712326 0.197001 -0.009886
-0.679253 0.207186 -0.067836
0.744798 0.232407 -0.010658
0.738829 0.214033 -0.020676
-0.706651 0.246539 -0.056310
-0.694804 0.241329 -0.078492
0.718497 0.200457 -0.077931
0.748273 0.236805 -0.054497
0.755569 0.245789 -0.021360
0.734386 0.216414 -0.084029
0.740567 0.228644 -0.071604
-0.664113 0.196175 -0.052585
-0.272139 0.146685 -0.040836
-0.699250 0.210342 -0.012146
-0.710697 0.245327 -0.028601
-0.705665 0.249222 -0.051935
0.710721 0.199865 -0.051354
0.716412 0.201433 -0.042210
0.383518 0.233571 -0.007738
-0.676990 0.220261 -0.079072
0.714997 0.190110 -0.026617
0.718195 0.197207 -0.064226
-0.708272 0.227615 -0.012029
0.722746 0.207973 -0.076754
0.727576 0.212541 -0.076249
0.732913 0.228745 -0.085595
0.707169 0.207080 -0.069208
-0.672840 0.210650 -0.070923
0.753051 0.247941 -0.046120
-0.664311 0.192271 -0.043618
-0.666338 0.197539 -0.029623
0.748703 0.250005 -0.034214
-0.695750 0.218594 -0.013007
-0.668206 0.207984 -0.063335
-0.658981 0.196233 -0.052886
-0.657763 0.203500 -0.059079
0.725635 0.215373 -0.011239
0.724914 0.220248 -0.081077
-0.699769 0.238800 -0.024790
-0.681011 0.246190 -0.069301
-0.277453 0.143765 0.004480
-0.674665 0.207007 -0.018694
-0.672789 0.233196 -0.076447
0.704050 0.195551 -0.040645
-0.690927 0.248545 -0.065294
0.337296 0.184745 -0.066237
0.710456 0.208595 -0.076418
-0.694576 0.248227 -0.047660
0.737517 0.242421 -0.071230
-0.283186 0.139204 -0.026681
0.712460 0.216245 -0.083745
-0.657934 0.213249 -0.073618
0.704930 0.197214 -0.014118
0.705366 0.205792 -0.060362
0.697215 0.189785 -0.027671
-0.659909 0.222886 -0.076308
0.749757 0.250430 -0.025996
0.741268 0.240874 -0.012104
0.712418 0.209363 -0.008613
-0.648790 0.214574 -0.067424
-0.652053 0.198336 -0.042853
0.740849 0.252046 -0.049382
-0.298874 0.150789 -0.040828
0.716588 0.226336 -0.086855
0.688155 0.195427 -0.024275
0.700735 0.202719 -0.052782
0.693813 0.213654 -0.079016
-0.679013 0.241269 -0.031273
0.679443 0.198299 -0.041376
-0.660917 0.229333 -0.076182
0.720971 0.240520 -0.081656
0.697045 0.215820 -0.010780
0.352380 0.170346 -0.052945
0.728604 0.245317 -0.070664
0.689368 0.202842 -0.015279
0.682145 0.204775 -0.069599
-0.669886 0.247089 -0.063895
0.725915 0.243943 -0.020416
-0.307636 0.144366 -0.025730
0.734144 0.249093 -0.057324
-0.665834 0.224572 -0.019448
-0.663101 0.242427 -0.069293
-0.647318 0.223581 -0.073120
-0.669104 0.236854 -0.025258
-0.647675 0.205653 -0.029824
0.701138 0.222270 -0.085030
-0.654678 0.212309 -0.022496
0.686035 0.199814 -0.061797
0.688711 0.220054 -0.080585
-0.673175 0.245343 -0.044351
-0.050775 0.288632 -0.008620
-0.640843 0.204717 -0.049888
0.694057 0.233923 -0.081160
-0.311182 0.141291 -0.015817
0.673406 0.198979 -0.029642
-0.648358 0.234397 -0.072071
-0.644781 0.205307 -0.043356
0.706810 0.247522 -0.034969
-0.114353 -0.666163 -0.110409
0.717208 0.249432 -0.042047
0.677720 0.209981 -0.068604
0.687463 0.230358 -0.016795
0.703484 0.244852 -0.069740
0.680888 0.217361 -0.074191
-0.361742 0.179946 -0.057173
0.674521 0.200690 -0.037200
0.424355 0.186844 -0.003853
-0.053709 -0.508244 -0.089156
-0.633268 0.229166 -0.072470
0.675201 0.207069 -0.023167
-0.646830 0.247588 -0.052154
0.683774 0.240096 -0.023970
-0.645716 0.247972 -0.063128
-0.655716 0.242482 -0.033062
-0.626673 0.244734 -0.066512
-0.103136 -0.519752 0.049989
-0.098464 -0.545975 0.042983
0.678183 0.230564 -0.076406
0.694315 0.247560 -0.053410
-0.380912 0.182995 -0.058690
0.417211 0.163968 -0.010166
0.673462 0.238291 -0.069827
-0.635579 0.252686 -0.058013
0.674521 0.245417 -0.055247
0.669308 0.220238 -0.072565
0.418053 0.164828 -0.044547
0.431451 0.159698 -0.022957
-0.104150 -0.961654 -0.081881
0.047444 -0.601494 -0.040456
0.440688 0.166344 -0.056497
0.440969 0.160083 -0.039501
0.661478 0.240168 -0.068459
0.074333 -0.734447 -0.088238
0.444167 0.184262 -0.068205
0.480978 0.177470 -0.066040
0.493070 0.169959 -0.051508
-0.477005 0.181741 -0.069621
-0.502084 0.171960 -0.044024
-0.480936 0.168387 -0.047672
-0.095037 -0.773397 -0.115949
-0.528841 0.204338 -0.073913
-0.123388 -0.623502 0.009902
-0.104278 -0.631004 0.011242
0.107831 -0.638488 0.024742
-0.546759 0.215723 -0.073022
-0.549442 0.196399 -0.066080
0.042939 -0.504180 -0.006539
0.044554 -0.530168 -0.001884
0.089797 -0.826059 -0.088523
0.045583 -0.582576 -0.048055
-0.119806 -0.643936 0.003771
0.105696 -0.517151 -0.077462
0.057807 -0.571399 0.014699
-0.053745 -0.465192 0.039385
-0.127174 -0.577184 0.021168
-0.046857 0.295920 -0.021757
-0.117881 -0.612438 -0.096463
-0.124498 -0.588645 -0.090079
-0.137371 -0.974172 -0.040295
-0.042263 -0.558244 -0.038295
-0.122821 -0.914452 -0.089402
0.094065 -0.741028 -0.098628
0.042683 -0.482215 -0.001864
0.034093 -0.461145 -0.011810
0.039311 -0.441559 0.004695
-0.054237 -0.814917 -0.061627
0.053823 -0.449527 0.037939
0.055112 -0.641156 -0.048320
0.052528 -0.619400 -0.045566
0.087645 -0.690596 -0.089019
0.038700 -0.471181 -0.015475
-0.077953 -0.596519 0.018818
0.039648 -0.471503 -0.023202
0.138205 -0.531128 -0.091221
-0.116125 -0.664395 0.000068
0.036602 -0.491493 -0.021307
0.087451 -0.546355 -0.109497
0.078719 -0.509827 -0.095253
0.059066 -0.511003 -0.080011
-0.067434 -0.526584 -0.076399
-0.056366 -0.526363 -0.064168
-0.033409 -0.521246 -0.059095
-0.057636 -0.545008 0.002206
-0.141245 -0.582932 -0.078102
-0.137141 -0.585608 0.000477
0.095703 -0.580763 -0.076354
-0.127311 -0.601674 0.016893
-0.139464 -0.610979 -0.000026
0.115436 -0.611037 -0.076616
-0.087728 -0.616344 0.019824
0.168526 -0.674985 -0.048606
-0.053630 -0.682054 -0.065454
-0.054316 -0.689390 -0.049475
-0.052853 -0.705453 -0.059326
0.077336 -0.758521 -0.091815
-0.121090 -0.767299 -0.005072
-0.117741 -0.785042 -0.006431
0.055600 -0.798723 -0.064891
0.068669 -0.804741 -0.005951
0.056422 -0.821468 -0.055612
0.053809 -0.823180 -0.034708
0.058643 -0.861320 -0.026684
0.020586 0.267937 0.046773
-0.032777 0.273360 0.025356
0.078751 -0.951171 -0.047279
-0.121154 -0.913640 -0.009326
-0.135435 -0.921806 -0.074668
0.091362 -0.935113 0.013721
0.036629 0.291729 0.038927
-0.006837 0.273688 0.048543
-0.135204 -0.956516 -0.055260
0.083990 -0.959423 0.015525
-0.123181 -0.962043 -0.073198
0.007971 0.289346 0.057181
-0.024907 0.297164 0.039702
-0.077481 -0.973841 -0.059520
-0.040476 0.287620 0.010005
0.026920 0.291299 0.047765
0.046176 0.285752 0.024365
0.079999 -1.002855 0.027953
0.031784 0.288902 -0.050308
0.050610 0.294545 0.010702
-0.039673 0.297005 0.012762
-0.043062 0.296672 -0.035140
-0.038761 0.310947 0.030691
-0.018020 0.307763 0.055494
0.046130 0.299001 -0.034269
0.046574 0.321985 0.029941
-0.041552 0.302965 -0.014414
-0.009280 0.308640 0.064769
0.053172 0.295766 -0.028760
0.022162 0.315412 0.065552
0.008132 0.308575 0.067649
-0.027519 0.297304 -0.045801
0.007716 0.302868 -0.049199
0.029861 0.300916 -0.040559
0.030406 0.315110 0.056943
0.050395 0.304549 -0.007517
-0.004138 0.305474 -0.046199
-0.016316 0.310213 -0.041696
-0.041960 0.309807 -0.007520
-0.028608 0.308974 -0.034499
-0.046920 0.322703 -0.001724
-0.036490 0.311278 -0.022569
0.044602 0.314273 -0.021421
0.037656 0.318218 0.046109
0.035611 0.315699 -0.032762
0.054608 0.349380 0.018317
0.005658 0.310193 -0.044513
0.050504 0.318020 0.002563
0.026187 0.317493 -0.038366
-0.053066 0.332162 0.015766
-0.033738 0.318241 0.040437
0.000097 0.314867 0.077554
0.054828 0.342026 0.009667
0.010452 0.329754 -0.042285
-0.020167 0.321075 0.069732
0.020910 0.321354 0.082249
-0.000437 0.331791 -0.044901
-0.021529 0.328756 -0.038263
-0.008519 0.321748 0.087453
0.010391 0.321795 0.091997
0.040786 0.331402 -0.019978
-0.037453 0.327706 0.057090
0.038422 0.325906 0.063731
-0.057916 0.359024 -0.003315
-0.047134 0.332087 -0.012322
0.011952 0.326830 0.100408
-0.006028 0.325575 0.101075
-0.033555 0.332338 0.080476
0.025669 0.327702 0.098239
0.045702 0.330217 0.039701
0.009151 0.330744 0.110810
0.018146 0.330029 0.107886
-0.005328 0.331905 0.108360
0.025654 0.340485 -0.038839
0.037027 0.333391 0.086928
-0.045708 0.333954 0.035965
0.049389 0.336142 0.072184
-0.023652 0.334706 0.094395
0.003891 0.341480 -0.046689
-0.018500 0.340151 -0.042632
0.060331 0.346390 0.048205
0.036313 0.345806 0.092650
0.052245 0.349851 -0.002556
0.037095 0.347838 -0.028309
-0.033563 0.343103 -0.026995
-0.002685 0.347028 0.109683
0.059407 0.349216 0.063157
-0.004622 0.342715 -0.045506
0.039780 0.348292 -0.020682
0.019353 0.346650 0.107239
-0.044629 0.345490 0.079940
-0.054885 0.343830 0.054531
-0.006110 0.340531 -0.052732
-0.032517 0.349590 0.094647
-0.021746 0.342313 -0.055435
0.015809 0.347341 -0.043181
0.033932 0.352143 -0.036620
-0.028248 0.347765 -0.047786
0.007922 0.349743 -0.052274
-0.033162 0.353418 -0.034973
-0.016056 0.343989 -0.060100
-0.000882 0.349039 -0.056448
-0.029160 0.347897 -0.071099
0.052250 0.361642 0.084755
-0.012003 0.352129 -0.062186
-0.029869 0.351918 -0.061551
-0.059725 0.352857 0.032775
-0.045298 0.362309 -0.023466
-0.058908 0.361194 0.009282
-0.022238 0.352350 -0.070437
0.018917 0.358855 0.110974
0.036471 0.355612 -0.042864
-0.042956 0.362236 -0.038284
-0.018409 0.360442 0.101449
-0.037312 0.359344 -0.054054
0.014203 0.355736 -0.057218
0.023976 0.356546 -0.050497
0.034440 0.360630 0.094679
-0.031314 0.358114 -0.073533
0.064162 0.369222 0.067520
0.044660 0.360971 -0.028275
0.001941 0.365961 0.112929
0.048338 0.365519 -0.018565
-0.060253 0.356400 0.055336
-0.002873 0.363814 -0.063773
0.065800 0.361687 0.042619
0.064751 0.371240 0.022714
0.058286 0.377856 0.084347
0.032356 0.360713 -0.050449
-0.010765 0.365679 -0.073143
-0.065279 0.378511 0.021432
0.059184 0.364202 0.008817
-0.024654 0.370888 0.102473
0.021348 0.366295 -0.056824
-0.046957 0.370942 0.088524
-0.062208 0.363802 0.020899
-0.021713 0.369857 -0.079852
0.050283 0.369425 -0.042391
0.036953 0.372794 0.097697
0.041077 0.368130 -0.050215
0.056719 0.368618 -0.029113
0.061402 0.375826 -0.005648
-0.036566 0.365075 -0.077309
0.010758 0.370973 -0.061834
-0.052292 0.373234 -0.043495
0.074214 0.369598 0.012598
-0.041709 0.369022 -0.053970
-0.032154 0.373169 -0.067384
-0.058781 0.384471 0.072364
0.020064 0.380893 0.109259
-0.076089 0.376054 0.000084
-0.064517 0.384658 0.050514
0.041890 0.375368 -0.057556
-0.039091 0.370398 -0.061125
-0.033860 0.379340 0.100352
0.057245 0.376421 -0.016053
-0.038498 0.374858 -0.079543
0.046634 0.381478 0.094508
0.060906 0.375507 -0.035474
-0.063021 0.376257 -0.007693
0.064689 0.392119 0.073499
0.075209 0.377667 -0.024786
0.068294 0.389388 0.048529
0.011330 0.379103 -0.069965
0.077187 0.376747 0.002964
0.052734 0.378260 -0.052066
-0.057235 0.379171 -0.027821
0.005389 0.380948 0.113512
-0.003874 0.375445 -0.081058
0.013138 0.380423 0.114447
-0.017712 0.377151 -0.084639
0.060045 0.377597 -0.045196
0.069423 0.382626 -0.011369
-0.069545 0.385036 0.010993
-0.031010 0.382928 -0.080431
0.030409 0.385250 -0.065926
0.049366 0.377840 -0.059945
0.004384 0.376632 -0.082538
0.074071 0.381008 -0.034148
-0.010687 0.386788 0.103426
-0.049429 0.381872 -0.054035
-0.063478 0.385546 -0.018319
0.012990 0.376413 -0.086675
0.008988 0.378748 -0.097018
0.067450 0.392846 0.024153
-0.007485 0.378173 -0.099579
0.013781 0.384704 -0.077347
-0.066229 0.388579 0.033109
-0.041772 0.390853 -0.063113
0.007747 0.380162 -0.103204
0.076501 0.392441 -0.000853
-0.021613 0.380854 -0.096985
0.019248 0.378264 -0.097262
0.022831 0.382434 -0.084713
0.040407 0.388515 -0.065644
0.069488 0.387423 0.010178
0.063188 0.387494 -0.040341
0.028337 0.396694 0.097918
0.011189 0.387803 0.129150
0.013043 0.390009 -0.098803
-0.027108 0.385974 -0.081784
-0.076402 0.386998 -0.000787
-0.069980 0.383221 -0.011197
0.077256 0.391172 -0.012619
0.005032 0.387880 -0.104046
0.024142 0.392936 -0.081099
-0.051253 0.398255 0.086598
-0.010683 0.385701 -0.105623
0.022098 0.386394 -0.101418
0.021891 0.393458 0.123904
0.055030 0.394830 0.085689
-0.031558 0.392204 -0.071785
-0.010876 0.397747 0.102157
0.003278 0.392727 0.125727
0.024166 0.387306 -0.073426
-0.068082 0.394032 -0.030730
0.024526 0.393991 0.104408
-0.066373 0.413015 0.051839
-0.061607 0.397271 -0.045018
-0.020006 0.392451 -0.100409
0.068118 0.394982 0.003225
0.080914 0.400463 -0.009202
0.077692 0.397192 -0.023763
-0.028450 0.392877 -0.090366
-0.034699 0.397500 0.095320
-0.002825 0.391458 -0.104915
-0.081171 0.397217 -0.009766
-0.067674 0.402555 0.020859
0.054188 0.394230 -0.054345
-0.069012 0.400274 0.005122
0.012205 0.400998 0.125891
0.067695 0.401217 -0.037978
-0.010895 0.392922 -0.107847
0.006588 0.416832 0.109439
0.068837 0.404690 0.017198
0.022783 0.394960 -0.097199
-0.025539 0.405092 -0.080739
-0.076797 0.406418 -0.016201
0.003044 0.400913 -0.105591
0.031324 0.398287 -0.073433
0.039942 0.401941 0.088594
0.049397 0.407606 0.082525
0.019615 0.404165 -0.104998
0.071206 0.406561 0.032062
0.016642 0.407361 0.114530
-0.072927 0.404378 -0.026913
-0.004474 0.414899 0.093978
0.019735 0.403287 -0.081068
-0.022140 0.404708 -0.104019
0.061918 0.417740 0.064824
-0.042451 0.406721 -0.068212
-0.073706 0.411487 0.003916
-0.039918 0.412522 0.088387
0.071472 0.409103 0.002538
0.084003 0.412899 -0.008410
-0.070530 0.400569 0.035435
0.019562 0.412934 0.093488
-0.013208 0.408939 -0.118971
0.080249 0.415875 -0.002482
0.076541 0.410542 0.025379
-0.026520 0.410609 -0.098451
0.048577 0.406384 -0.063250
0.061169 0.416541 -0.055830
-0.061154 0.425204 0.058069
-0.067228 0.413220 -0.040720
-0.077655 0.407941 0.027392
-0.023656 0.422475 0.095353
-0.084645 0.415300 -0.005712
0.076305 0.416782 0.013705
0.076058 0.418906 -0.020150
0.024725 0.414208 -0.105835
0.003479 0.408994 -0.116050
0.014077 0.423944 0.102916
0.069498 0.418715 0.040185
0.043790 0.415690 -0.072012
-0.074648 0.415233 0.016813
-0.059179 0.417569 -0.055647
-0.076418 0.419779 0.036817
0.020576 0.413629 -0.082919
-0.051578 0.418897 0.076555
0.071228 0.433425 -0.042672
-0.076959 0.418749 -0.016913
-0.019005 0.412263 -0.105758
-0.012471 0.421486 -0.117118
-0.033197 0.420630 0.093307
0.043283 0.421079 0.088487
-0.023744 0.417261 -0.085044
-0.032817 0.425514 -0.080076
-0.079111 0.425184 -0.005168
0.077261 0.424162 0.025247
0.011492 0.416803 -0.119708
0.019800 0.421864 0.090827
-0.070265 0.422786 -0.042405
-0.080493 0.421521 0.028190
-0.047390 0.425382 -0.070298
0.015546 0.420614 -0.087745
0.080653 0.426461 -0.002968
0.017770 0.430493 0.100008
-0.004932 0.423161 0.093040
-0.018494 0.426802 -0.094838
0.058206 0.427360 -0.063087
0.034072 0.423120 -0.079622
-0.068479 0.423252 0.052058
0.055947 0.430459 0.081119
-0.006581 0.421662 -0.121648
0.071841 0.430089 0.038644
0.020716 0.421622 -0.105506
0.002996 0.431040 0.102268
-0.034235 0.434865 0.098017
0.014288 0.425555 -0.113987
-0.081756 0.427706 0.035163
0.063992 0.436645 0.054689
0.008459 0.424394 -0.095848
0.040523 0.430867 0.094060
-0.016935 0.428223 -0.087358
-0.011167 0.425517 -0.106392
-0.079170 0.431475 0.006192
-0.051223 0.444059 0.072957
-0.015418 0.432930 0.100247
0.017328 0.430544 -0.086386
0.050133 0.432862 -0.071557
-0.074405 0.436450 -0.034689
-0.078159 0.431356 0.040344
0.049461 0.437484 0.088498
0.077449 0.439943 0.027580
-0.062132 0.429766 -0.055698
0.001125 0.429951 -0.110302
-0.001823 0.436553 -0.092163
-0.078661 0.435813 -0.015608
-0.044011 0.434143 0.089206
-0.074866 0.438327 0.053865
0.061647 0.438606 -0.059499
-0.076872 0.439259 0.020929
0.077965 0.442391 -0.010499
-0.006918 0.431055 -0.093221
-0.000293 0.427512 -0.097145
-0.006754 0.443412 0.104461
0.025872 0.439807 0.101752
-0.055293 0.442088 -0.065153
0.078176 0.444875 0.000630
-0.041364 0.447011 -0.075919
0.072668 0.451519 0.048011
0.076622 0.447842 0.021552
-0.011015 0.438212 -0.086392
-0.075233 0.441622 0.035633
0.032483 0.446464 -0.080854
0.055955 0.444546 0.073861
0.020782 0.437094 -0.084745
0.060363 0.456308 0.064338
-0.069239 0.447885 0.062692
0.075456 0.446237 -0.033205
-0.069897 0.447430 -0.042288
-0.062523 0.447296 -0.054626
-0.029531 0.455478 0.092338
0.032594 0.457444 0.092559
0.048544 0.447172 -0.072984
-0.022347 0.445174 -0.083843
0.069420 0.458207 -0.045101
-0.007073 0.443846 -0.090307
-0.078500 0.452960 -0.007547
0.009516 0.445426 -0.088086
0.014474 0.446509 -0.083840
-0.068503 0.452106 0.052981
-0.051307 0.454776 0.072382
-0.076745 0.459272 -0.028860
0.061333 0.456360 -0.057752
-0.005620 0.440098 -0.084198
-0.000485 0.447046 -0.084522
0.077068 0.453425 -0.016748
0.049150 0.461423 0.077159
-0.077229 0.458032 -0.020613
-0.024756 0.452496 -0.085603
0.018251 0.459168 0.098329
-0.058527 0.454608 -0.059315
-0.071106 0.460973 0.032903
-0.049315 0.456346 -0.067711
-0.005401 0.456271 -0.084939
-0.065309 0.460813 0.066268
0.069476 0.461514 0.045515
-0.057023 0.461301 0.073276
0.076125 0.460473 0.014329
0.080871 0.454996 -0.008074
-0.012076 0.453257 -0.088430
-0.077380 0.459205 0.014394
0.056187 0.468899 0.073057
-0.071558 0.462363 -0.033962
0.000643 0.469495 0.097191
0.032321 0.460600 -0.076678
-0.024726 0.461487 -0.084545
0.052886 0.466548 -0.064230
-0.029774 0.456024 -0.080345
0.012645 0.460421 -0.086294
0.073932 0.469456 -0.024666
0.071086 0.467245 0.035086
-0.065952 0.458478 -0.048964
-0.030946 0.469885 0.087735
0.040822 0.467765 -0.072716
-0.041531 0.473656 0.078684
0.034236 0.477857 0.088466
-0.063418 0.467914 0.055629
-0.075835 0.471887 -0.014794
0.002929 0.461856 -0.085547
0.075900 0.469800 -0.000333
-0.040256 0.465146 -0.072175
-0.017703 0.458429 -0.088114
-0.073812 0.468325 0.018702
-0.048013 0.471423 -0.068281
-0.019820 0.476020 0.091866
-0.064477 0.472207 -0.045130
0.019203 0.472203 -0.080900
-0.033523 0.468022 -0.080408
-0.062194 0.476875 0.047816
-0.074285 0.473995 0.004666
-0.015627 0.463448 -0.090560
0.066511 0.475033 0.049073
-0.050328 0.478882 0.075270
0.073628 0.472488 -0.031085
-0.060017 0.472208 -0.053648
-0.072466 0.475971 -0.023242
0.066906 0.487160 0.021306
0.029028 0.473029 -0.077128
-0.026374 0.474268 -0.078902
0.061644 0.477930 -0.048915
-0.013190 0.469956 -0.087529
-0.052243 0.478222 -0.056771
0.052795 0.479428 0.072316
0.051838 0.482431 0.067127
0.015169 0.472536 -0.086875
0.036161 0.481037 -0.071362
-0.041432 0.473541 -0.076650
0.008250 0.484529 0.091393
0.063349 0.486414 0.039099
0.070346 0.485943 -0.008362
0.040812 0.482543 0.084208
-0.017652 0.470438 -0.097664
-0.018080 0.476139 -0.086960
0.002263 0.474659 -0.080882
-0.035773 0.481824 0.080641
-0.065841 0.482767 -0.030721
-0.046717 0.481266 -0.067836
-0.010762 0.477159 -0.090385
-0.068024 0.487509 -0.009913
0.010168 0.479395 -0.080992
-0.067558 0.489978 0.008965
0.068806 0.483677 -0.028919
-0.064942 0.486144 0.028905
0.052311 0.490289 0.062343
0.029753 0.488979 0.089942
0.046384 0.483587 -0.062174
-0.057946 0.487152 0.057069
-0.037829 0.482669 -0.074289
-0.049035 0.484086 0.076751
0.058431 0.494520 0.034574
-0.016533 0.485383 -0.084468
0.017219 0.496941 0.092511
-0.008803 0.494820 0.083078
0.024220 0.482815 -0.076940
-0.029218 0.486007 -0.079565
0.067039 0.493368 -0.016514
-0.036297 0.493941 0.079430
-0.052680 0.485310 -0.059239
0.020867 0.488186 -0.072580
-0.064059 0.495135 0.022454
-0.054368 0.498138 -0.038887
-0.054432 0.493892 0.050890
0.051481 0.497283 0.050100
-0.002200 0.486050 -0.084278
-0.047340 0.493348 0.067025
-0.040000 0.485001 -0.068186
-0.018751 0.493426 0.079436
0.039952 0.494357 0.074820
0.004739 0.495732 0.091339
0.058370 0.499537 0.019749
-0.051659 0.493569 -0.050769
0.034530 0.494604 -0.059921
0.054512 0.490048 -0.047369
0.057445 0.499336 -0.036064
-0.028985 0.497296 -0.074155
-0.014813 0.488778 -0.080312
0.002247 0.490454 -0.071649
0.024379 0.500425 0.083320
-0.057982 0.499805 -0.026759
-0.061373 0.499749 -0.001717
0.009888 0.492711 -0.068122
0.021420 0.498590 -0.061731
-0.040913 0.496520 -0.066123
-0.043626 0.504157 0.063730
-0.055529 0.499954 0.032628
0.009465 0.503079 0.088373
-0.005761 0.505585 0.084769
0.059600 0.502414 -0.014794
-0.058145 0.502821 0.009377
-0.058688 0.506697 -0.007946
-0.026788 0.504072 0.064619
-0.013888 0.503213 0.072859
-0.047657 0.504548 -0.047419
0.038164 0.512965 0.040253
0.049369 0.502406 -0.046186
-0.017739 0.494858 -0.077486
-0.002340 0.494727 -0.070831
-0.004748 0.500951 -0.069816
0.011748 0.507915 0.081995
0.051567 0.508466 0.008190
0.028913 0.506207 0.068419
-0.010742 0.502648 -0.072477
-0.044943 0.508546 0.036409
-0.034167 0.508462 -0.069586
-0.044667 0.508182 0.046410
0.002593 0.505707 -0.062763
-0.020822 0.502551 -0.067513
0.033667 0.512256 0.052131
-0.049520 0.508940 0.025114
-0.042956 0.510379 -0.055454
-0.010120 0.511920 0.073047
-0.051983 0.511794 -0.031782
-0.013564 0.511479 0.060090
-0.035668 0.512179 0.043222
0.009583 0.508653 -0.053082
0.050818 0.512096 -0.001135
0.046226 0.510704 -0.033514
0.046207 0.508829 -0.043061
0.043353 0.512659 0.023946
-0.054613 0.514460 -0.007055
-0.026186 0.513951 -0.063775
-0.020620 0.506615 -0.057379
0.031659 0.510770 -0.045031
0.010611 0.512897 0.077633
0.001570 0.512847 0.074107
-0.018888 0.511684 -0.061515
0.020366 0.516240 0.059439
-0.012637 0.513193 0.053679
-0.032802 0.513787 -0.062212
-0.048855 0.516188 0.012026
0.047943 0.513139 -0.021816
0.012096 0.522086 0.063566
-0.044217 0.515631 0.023921
-0.049391 0.517860 0.000192
-0.008881 0.518879 0.059385
-0.001444 0.513940 -0.055513
0.038956 0.517263 0.026209
-0.033823 0.516068 0.038922
-0.000430 0.511958 -0.047198
0.000069 0.519430 0.067633
-0.016857 0.517115 0.041894
-0.024279 0.515266 0.034740
0.035855 0.520428 -0.002477
0.015288 0.520641 0.050862
0.034100 0.520877 -0.023369
0.024519 0.518426 -0.040189
-0.015126 0.515548 -0.056633
0.026487 0.520425 0.039146
-0.047052 0.518432 -0.018903
-0.008678 0.520967 0.048917
-0.043443 0.525015 -0.032296
0.039184 0.518871 0.010092
-0.043625 0.520125 -0.042435
-0.023039 0.517208 0.020469
-0.014256 0.519142 0.030876
0.041121 0.515940 -0.037465
0.027306 0.523034 -0.013362
-0.035672 0.517085 0.017616
-0.000578 0.523208 0.042231
-0.034187 0.523746 -0.052129
-0.036002 0.518154 -0.049568
0.004926 0.516548 -0.039258
-0.038796 0.518223 0.005491
-0.033723 0.520119 -0.012245
0.005880 0.521029 0.058875
-0.021151 0.522099 -0.058193
0.028654 0.522723 0.022974
-0.014924 0.520997 0.022796
-0.024146 0.521996 0.013218
-0.029562 0.518068 -0.054435
-0.003161 0.519450 -0.044273
0.013146 0.524322 0.042827
-0.023790 0.521688 0.004693
0.025289 0.523620 0.006808
-0.016178 0.532106 0.017098
0.023954 0.522578 -0.025019
0.017471 0.521039 0.030348
-0.015974 0.525866 -0.048741
-0.014227 0.526082 -0.038973
-0.024938 0.527894 -0.018945
0.002096 0.523204 0.030669
-0.007276 0.522244 -0.026727
-0.007763 0.522590 -0.038215
-0.036815 0.525216 -0.026637
0.008665 0.522405 -0.026605
0.006665 0.525786 0.032156
-0.014418 0.529827 0.012528
0.015118 0.526505 0.010304
-0.019961 0.527319 -0.001537
0.008388 0.522600 -0.019083
-0.032678 0.525565 -0.043710
0.010055 0.528473 -0.005254
0.019423 0.527717 -0.001121
0.001368 0.531731 0.021481
-0.027862 0.523742 -0.033432
-0.017505 0.525161 -0.011744
-0.010658 0.528454 -0.029655
-0.010826 0.530392 -0.013193
0.010388 0.531048 0.006901
-0.000070 0.528948 0.010449
-0.006487 0.529793 -0.005889
-0.018205 0.531961 -0.017618
-0.007981 0.532638 0.011085
-0.029465 0.533374 -0.042377