222 416 29
53 54 81
330 89 84
225 28 190
67 113 99
139 45 126
73 101 74
327 89 330
76 38 133
29 221 30
157 107 158
339 373 368
46 182 167
39 290 38
54 53 110
290 105 38
711 171 169
492 133 107
21 20 192
76 88 39
22 173 23
89 86 84
172 124 25
35 64 34
27 168 834
68 67 114
191 207 229
190 834 168
83 2 1
103 43 44
169 171 123
42 72 83
86 89 87
125 45 174
73 47 101
118 135 291
68 69 41
1358 137 1372
61 75 140
188 769 32
45 125 126
97 66 57
66 97 42
91 139 126
42 41 66
73 74 40
165 112 138
47 58 59
41 40 66
67 68 42
65 57 58
140 75 62
2475 65 58
176 91 126
50 113 91
44 43 93
127 92 93
102 49 127
99 49 48
71 60 70
91 176 150
68 114 100
61 103 104
182 46 159
43 72 42
93 43 70
158 44 92
40 69 59
48 47 100
36 83 72
58 47 73
41 42 83
41 83 40
83 1 40
48 101 47
34 2 83
152 176 129
86 296 90
236 1381 8
196 213 212
108 85 37
330 84 118
79 82 135
15 196 197
201 195 7
108 117 63
78 81 54
82 56 135
235 236 195
71 70 42
85 108 79
414 413 491
12 1308 162
98 66 40
57 66 58
49 102 48
61 104 133
76 133 492
75 61 133
60 127 93
103 72 43
74 71 42
9 178 179
202 220 10
34 83 35
72 61 140
140 36 72
140 62 109
36 109 110
38 105 75
134 56 105
39 38 76
88 335 39
55 106 56
54 109 55
78 54 55
78 79 63
62 105 106
75 133 38
52 111 53
34 64 51
110 64 35
53 80 52
111 64 110
51 52 80
80 116 51
52 51 64
56 82 55
84 86 37
84 85 118
86 90 37
108 63 79
81 80 53
82 79 55
81 117 115
81 78 63
1353 136 1358
98 58 66
163 96 4
140 37 90
36 120 35
5 132 164
77 335 332
59 69 100
84 37 85
85 135 118
138 33 165
79 78 55
140 108 37
36 35 83
180 827 802
141 495 417
143 204 181
46 167 183
147 769 148
176 125 182
113 50 49
49 50 127
128 92 127
60 93 70
46 183 184
155 157 158
440 434 529
262 232 238
13 12 131
140 120 36
97 43 42
45 43 97
45 97 174
1 98 40
114 99 48
67 99 114
59 100 47
68 100 69
60 71 102
102 71 74
102 127 60
61 72 103
101 102 74
48 102 101
44 158 104
104 103 44
106 105 56
75 105 62
62 106 55
104 107 133
134 290 291
291 334 118
108 36 117
109 62 55
110 109 54
117 35 115
34 51 2
110 53 111
64 111 52
2475 112 65
99 113 49
43 139 67
67 139 113
100 114 48
115 80 81
80 115 116
34 116 115
117 81 63
295 136 200
96 163 120
380 386 379
180 802 225
221 31 30
168 169 123
453 250 267
431 518 433
174 65 175
65 149 175
148 193 175
176 126 125
139 91 113
50 151 128
150 50 91
50 128 127
128 158 92
158 128 155
128 151 153
93 92 44
184 394 46
161 238 233
14 131 255
4 96 132
3 163 4
136 1353 215
57 65 174
165 65 112
57 174 97
107 104 158
290 134 105
135 134 291
135 85 79
134 135 56
6 1372 137
137 1358 136
6 137 166
137 136 295
45 139 43
86 87 296
200 90 296
140 90 120
29 416 221
180 224 428
204 32 31
142 188 143
249 258 267
711 169 27
250 171 145
26 250 145
208 168 122
169 168 27
122 168 123
149 147 175
175 147 148
50 150 151
94 154 129
152 154 153
150 152 151
128 153 155
176 152 150
152 153 151
152 129 154
155 153 156
94 156 154
153 154 156
299 157 155
297 308 299
299 155 156
159 46 394
176 159 129
16 15 197
219 253 357
263 214 212
131 14 13
12 162 131
120 163 35
4 132 5
120 200 215
165 33 149
217 6 166
177 6 217
295 166 137
216 256 201
381 286 285
221 420 203
204 143 32
31 221 204
184 183 185
167 142 183
143 188 32
193 142 167
148 769 188
186 205 143
143 181 186
190 168 208
26 170 249
172 25 24
244 24 23
456 353 352
148 188 193
125 193 167
165 149 65
147 149 33
176 182 159
194 17 16
252 17 160
130 252 160
251 192 351
213 196 15
194 160 17
162 1391 198
132 96 215
1353 164 132
294 239 119
217 216 177
296 166 295
201 177 216
218 178 9
346 202 179
243 223 180
204 203 181
204 221 203
167 182 125
187 206 304
142 205 183
304 185 187
187 185 205
143 205 142
186 181 309
205 185 183
228 206 187
187 186 309
187 205 186
193 188 142
229 514 224
28 834 190
208 189 190
190 189 225
453 208 122
244 172 24
173 244 23
230 22 21
192 20 209
193 125 174
193 174 175
197 194 16
210 234 261
197 196 233
199 198 1391
213 255 212
1353 132 215
90 200 120
295 200 296
120 215 96
200 136 215
201 7 177
256 265 201
1381 218 9
218 236 235
10 9 179
220 202 11
423 203 420
421 422 420
423 181 203
305 206 310
224 225 189
207 191 144
189 208 191
124 170 25
257 172 244
172 257 246
170 124 249
249 267 26
192 230 21
209 20 19
19 18 231
211 210 11
202 211 11
236 8 195
7 195 8
265 195 201
218 1381 236
237 214 289
198 131 162
256 217 119
294 87 355
217 256 216
357 441 219
241 218 219
178 241 444
202 10 179
179 444 344
242 346 344
29 856 222
856 223 222
223 243 497
856 827 223
827 180 223
225 224 180
423 226 181
322 292 374
226 423 227
320 473 312
226 309 181
423 422 227
206 228 310
430 207 433
191 229 189
244 173 247
124 172 246
231 209 19
18 17 231
231 17 252
197 232 194
130 160 259
197 233 232
212 214 196
252 280 231
210 211 234
285 284 234
213 14 255
263 287 214
161 214 237
196 214 161
233 196 161
161 237 238
232 233 238
255 131 354
89 327 355
323 327 330
355 240 239
327 240 355
446 241 443
446 442 343
241 178 218
346 179 344
288 287 377
229 224 189
146 173 22
257 244 247
347 247 146
247 245 257
245 247 347
273 246 248
248 246 245
347 248 245
250 123 171
251 230 192
349 22 230
192 209 351
251 353 230
173 146 247
146 22 349
351 231 280
194 259 160
269 252 130
252 269 280
271 269 130
198 261 284
265 235 195
235 265 253
235 219 218
219 235 253
358 356 357
212 255 263
289 214 287
259 270 130
259 262 270
287 263 264
166 294 217
246 257 245
532 249 124
267 258 453
122 250 453
250 122 123
279 268 274
348 347 146
232 259 194
272 130 270
130 272 271
261 198 199
210 261 199
238 237 254
264 263 255
262 238 254
262 254 270
259 232 262
255 354 264
354 131 198
284 354 198
264 354 286
265 256 266
256 277 266
266 277 358
277 324 331
217 294 119
294 296 87
124 273 532
258 532 375
353 349 230
268 260 278
283 275 272
271 281 383
283 270 254
271 272 281
283 272 270
254 276 283
277 256 119
253 265 266
273 124 246
532 258 249
280 269 268
260 268 269
454 458 269
248 347 467
358 253 266
237 276 254
275 276 282
258 375 144
456 274 457
274 352 279
274 268 278
351 280 279
279 280 268
251 351 279
286 381 287
377 378 288
390 379 387
260 269 458
272 275 281
282 378 388
286 354 284
264 286 287
261 234 284
345 242 344
285 286 284
275 283 276
281 282 388
282 276 288
237 289 276
276 289 288
289 287 288
39 77 290
290 77 291
77 334 291
315 317 306
297 299 156
322 414 293
294 166 296
206 305 304
156 94 297
303 305 302
299 300 293
129 159 394
298 394 303
308 297 302
300 299 395
299 293 157
305 306 308
395 319 300
319 318 404
300 319 322
298 302 297
303 302 298
297 94 298
129 298 94
184 304 303
185 304 184
313 306 305
305 310 313
313 315 306
307 306 317
306 307 308
308 307 301
304 305 303
311 310 227
226 228 309
311 227 396
228 187 309
227 310 228
314 311 316
228 226 227
474 321 398
317 318 301
310 311 313
315 313 311
314 315 311
320 314 316
317 315 314
396 316 311
320 318 314
317 301 307
312 318 320
301 319 395
318 317 314
300 322 293
318 319 301
322 319 403
402 312 406
396 397 316
473 316 397
418 476 397
491 293 414
318 312 404
404 403 319
222 415 416
141 420 416
532 376 375
561 550 563
429 514 430
207 375 431
333 334 332
324 277 119
240 326 325
326 328 325
119 239 324
325 324 239
326 323 328
240 327 326
451 328 323
240 325 239
326 327 323
355 239 294
334 330 118
360 358 277
323 330 329
331 324 325
331 328 359
328 331 325
335 337 332
359 95 362
277 331 360
360 331 359
334 333 329
333 332 452
334 329 330
334 77 332
359 328 451
77 39 335
338 335 88
88 493 338
366 341 342
338 337 335
337 368 452
339 369 361
341 451 323
366 342 339
373 340 333
342 341 340
341 323 340
373 342 340
444 179 178
241 446 444
445 345 344
445 344 444
345 445 593
548 345 593
234 211 346
211 202 346
348 146 349
463 457 278
350 348 349
267 250 26
231 351 209
258 144 453
352 353 251
279 352 251
456 352 274
278 457 274
353 456 349
355 87 89
253 358 357
434 440 441
357 356 434
362 437 356
359 362 356
356 358 360
356 360 359
438 362 95
363 95 451
438 95 371
363 371 95
372 365 371
365 436 438
339 361 366
371 365 438
368 367 339
339 342 373
410 370 292
411 410 480
367 368 411
370 411 368
337 338 370
367 369 339
338 336 370
374 370 336
337 370 368
372 371 361
364 365 372
490 361 369
408 412 490
361 371 366
363 366 371
341 366 363
329 333 340
368 373 452
373 333 452
452 332 337
413 414 374
323 329 340
370 374 292
144 375 207
376 532 534
431 376 590
431 375 376
388 378 390
380 287 381
377 390 378
378 282 288
380 377 287
392 381 285
380 381 608
390 377 379
281 275 282
383 388 563
379 377 380
504 510 508
455 454 271
382 393 389
271 383 455
242 285 234
387 384 389
562 387 389
386 380 385
386 384 379
387 379 384
389 384 382
388 390 562
563 388 562
563 455 383
388 383 281
392 285 242
381 392 608
562 390 387
382 384 386
606 382 386
546 602 464
234 346 242
345 392 242
561 393 549
303 394 184
394 298 129
299 308 395
305 308 302
395 308 301
227 422 472
472 396 227
473 321 312
418 396 472
398 397 476
474 398 476
398 321 473
372 412 364
404 400 403
485 399 482
404 312 402
410 411 370
403 401 409
400 404 402
405 488 400
401 403 400
480 488 408
405 399 488
483 402 407
405 400 402
482 405 483
483 405 402
475 321 474
406 407 402
406 475 407
475 474 477
322 409 292
361 490 412
369 367 411
409 401 410
292 409 410
411 480 369
412 372 361
410 401 480
322 403 409
414 322 374
413 374 336
413 492 491
157 293 491
221 416 420
415 141 416
417 418 419
418 397 396
426 474 476
418 417 425
423 420 422
420 141 421
422 419 472
422 421 419
141 417 421
421 417 419
496 417 495
425 417 427
495 141 415
424 427 496
478 477 479
426 425 427
426 427 565
427 566 565
571 478 479
477 426 565
224 514 428
347 348 470
431 433 207
518 431 590
546 543 542
433 518 519
430 229 207
229 430 514
529 434 356
357 434 441
362 439 437
529 356 437
600 601 594
364 412 481
528 531 530
435 529 437
439 435 437
439 362 438
600 436 365
439 438 436
528 529 435
442 440 121
241 219 443
441 443 219
441 440 442
441 442 443
442 121 343
444 343 445
446 343 444
343 121 593
593 445 343
121 520 603
555 583 581
385 605 604
121 440 449
449 440 529
448 528 450
528 448 449
451 95 359
363 451 341
453 144 191
191 208 453
537 458 539
271 454 269
550 455 563
350 349 456
466 347 470
260 463 278
539 458 454
470 350 459
465 466 460
350 470 348
535 459 456
456 459 350
456 461 535
459 460 470
461 463 462
461 456 457
260 458 463
468 463 458
461 457 463
537 468 458
462 463 468
543 535 538
546 464 460
465 460 469
466 465 467
273 248 467
347 466 467
535 461 462
468 537 462
460 459 543
462 537 541
459 535 543
464 469 460
549 552 391
543 546 460
460 466 470
121 449 520
550 549 391
549 393 471
539 455 550
455 539 454
419 418 472
316 473 320
398 473 397
321 475 406
425 476 418
474 426 477
426 476 425
475 477 478
479 564 571
564 477 565
566 574 565
407 475 478
564 479 477
487 610 484
478 571 575
321 406 312
614 481 489
601 364 481
481 412 408
489 488 399
488 480 401
408 490 480
481 408 489
399 405 482
485 614 489
616 610 613
483 407 486
485 482 487
407 478 486
487 484 485
450 528 530
486 487 483
487 482 483
614 485 484
575 486 478
611 486 575
488 401 400
488 489 408
485 489 399
575 572 612
480 490 369
492 88 76
491 107 157
491 492 107
492 413 493
338 493 336
492 493 88
493 413 336
223 497 222
494 415 222
495 494 500
494 222 497
495 415 494
494 497 498
417 496 427
500 496 495
505 424 499
180 428 243
501 428 429
505 499 502
500 494 498
497 243 498
243 428 501
500 498 501
501 498 243
500 499 496
501 499 500
496 499 424
503 505 504
424 505 567
499 516 502
502 504 505
567 505 503
516 499 501
429 516 501
507 510 502
507 517 511
510 512 508
507 502 515
504 502 510
504 578 573
576 577 568
512 510 511
578 508 509
579 578 582
504 508 578
512 509 508
511 510 507
517 507 515
512 511 506
544 542 545
554 560 553
545 512 506
513 512 609
609 560 513
509 512 513
429 428 514
429 430 433
519 516 433
511 517 506
502 516 515
517 515 519
519 518 432
591 432 592
443 442 446
450 447 521
603 593 121
448 522 520
448 520 449
524 527 526
521 448 450
522 448 521
521 523 522
525 527 524
527 523 521
605 603 520
527 521 447
589 618 584
523 527 525
605 520 522
449 529 528
531 435 439
531 439 599
435 531 528
600 595 531
594 596 595
594 597 617
450 530 596
599 439 436
273 533 534
465 469 592
273 467 533
465 533 467
533 465 592
273 534 532
602 591 464
590 534 592
541 540 560
538 535 541
539 536 537
540 537 536
545 609 512
541 537 540
462 541 535
538 609 542
542 543 538
547 506 517
547 519 432
506 544 545
609 538 560
602 546 544
506 602 544
591 547 432
545 542 609
544 546 542
602 506 547
519 547 517
552 549 471
559 550 391
551 391 558
536 559 551
558 391 552
552 556 558
513 555 581
556 555 554
551 559 391
553 540 536
551 558 554
560 554 555
553 551 554
555 513 560
556 557 583
552 615 557
577 586 580
585 581 583
556 583 555
583 557 587
471 615 552
471 607 524
526 471 524
552 557 556
554 558 556
551 553 536
560 538 541
553 560 540
536 539 559
561 389 393
549 550 561
389 561 562
550 559 539
561 563 562
364 601 600
566 424 569
574 566 569
574 564 565
567 569 424
573 570 503
570 567 503
576 568 574
427 424 566
574 569 570
570 569 567
503 504 573
574 571 564
568 572 571
582 577 579
576 574 570
571 574 568
572 575 571
568 577 572
570 573 576
579 577 576
579 576 573
573 578 579
578 509 582
513 581 582
513 582 509
572 577 580
580 585 588
582 581 577
587 585 583
526 617 589
615 584 587
612 572 580
584 585 587
581 586 577
585 586 581
585 584 588
580 586 585
526 527 447
594 617 596
610 611 613
589 584 615
589 615 526
516 429 433
516 519 515
432 590 592
592 534 533
464 591 592
469 464 592
590 432 518
393 382 607
607 525 524
531 595 530
595 596 530
597 594 601
598 616 618
594 595 600
531 599 600
618 617 597
601 614 598
597 601 598
598 484 610
599 436 600
364 600 365
376 534 590
591 602 547
345 548 392
603 548 593
548 603 385
607 523 525
522 604 605
603 605 385
604 523 606
385 604 386
471 393 607
382 606 607
607 606 523
386 604 606
548 608 392
608 385 380
611 610 487
487 486 611
575 612 611
612 613 611
613 588 584
598 614 484
601 481 614
557 615 587
526 615 471
588 613 612
580 588 612
616 598 610
618 616 584
618 589 617
598 618 597
447 596 617
526 447 617
447 450 596
604 522 523
385 608 548
584 616 613
688 687 675
752 635 707
688 661 723
707 635 705
688 675 747
1024 699 651
752 780 795
690 685 674
684 725 695
822 795 780
794 634 822
794 633 634
778 842 794
675 689 690
633 794 842
632 633 842
722 692 691
691 676 727
676 691 678
691 692 655
687 689 675
699 680 650
638 799 637
638 639 798
640 641 868
668 751 750
1050 1049 798
955 2504 723
684 682 666
677 676 620
630 804 2019
808 806 841
955 697 731
698 681 730
702 649 648
649 702 750
649 750 650
649 650 680
648 680 679
648 703 702
716 703 725
648 695 703
806 808 830
680 648 649
699 698 669
755 624 625
746 625 626
681 901 900
626 627 741
694 654 653
759 646 709
693 694 681
623 624 755
709 757 754
666 682 667
703 758 702
750 702 668
694 670 729
695 648 679
693 654 694
667 670 671
666 665 683
730 694 729
684 666 683
653 672 652
652 670 653
672 743 652
720 666 671
647 719 717
718 665 664
709 646 645
645 718 721
646 953 954
953 646 645
686 647 743
664 953 696
742 627 1972
622 621 953
721 718 664
647 646 954
1017 643 644
701 686 678
813 644 762
955 678 697
832 837 831
744 621 645
725 703 695
673 719 725
1035 1037 1036
679 680 669
683 665 718
786 835 811
811 835 761
661 677 723
680 699 669
684 683 673
954 665 720
747 726 662
896 904 894
652 743 716
655 678 691
663 722 662
660 697 656
662 727 661
138 745 33
699 650 651
769 147 775
743 672 656
704 672 653
685 736 674
657 672 704
663 773 737
714 738 728
663 726 739
655 685 690
656 655 692
663 739 773
1036 765 766
678 686 655
723 687 688
670 667 729
900 903 907
661 727 677
689 687 620
657 704 658
667 671 666
662 661 688
690 689 678
660 740 749
738 714 740
748 729 667
621 744 696
723 620 678
723 678 955
656 655 743
647 646 759
701 678 620
695 682 684
679 682 695
748 679 669
700 653 654
647 716 743
743 655 686
758 716 647
668 702 784
653 700 704
732 704 700
658 732 764
758 703 716
764 732 915
705 706 707
705 753 706
779 778 794
998 861 824
846 845 803
1088 1191 1075
757 755 754
1048 1198 862
834 809 785
27 814 711
659 915 933
790 816 792
32 769 789
774 714 737
660 656 738
715 739 736
658 735 736
685 656 736
657 736 656
674 736 739
726 663 662
674 739 726
670 652 716
670 716 671
656 672 657
673 683 718
718 646 717
718 717 673
719 647 725
717 719 673
666 720 665
671 647 720
696 721 664
686 744 647
701 744 686
696 744 701
722 663 728
727 722 691
677 727 676
620 723 619
725 684 673
690 674 726
690 726 747
727 662 722
728 663 737
722 728 692
653 670 694
748 667 682
729 748 730
698 730 669
681 694 730
749 791 731
749 731 660
660 731 697
731 775 745
758 647 759
956 668 784
702 758 784
704 732 658
707 706 821
1145 1134 967
827 801 802
905 935 934
756 709 645
622 756 645
758 759 784
643 787 642
978 984 1016
763 814 853
814 763 711
933 1130 936
771 735 734
765 749 766
1031 712 734
940 1039 1127
658 764 735
771 734 712
715 735 771
735 715 736
715 771 773
715 773 739
1036 766 772
658 736 657
774 737 773
728 737 714
738 740 660
656 692 738
728 738 692
766 740 714
956 741 627
742 1972 628
954 720 647
688 747 662
690 747 675
679 748 682
730 748 669
765 770 749
745 138 2504
751 742 776
750 751 793
777 753 797
782 636 637
880 881 843
804 630 631
1120 892 844
783 808 629
754 755 724
709 756 757
755 757 623
709 754 759
784 759 754
754 724 784
837 812 831
28 809 834
1017 787 643
853 813 762
936 764 659
735 764 734
1037 765 1036
740 766 749
789 31 32
1058 988 874
792 769 775
792 816 789
791 770 817
791 749 770
772 771 712
1036 772 712
774 766 714
771 772 773
1036 712 1033
773 772 774
766 774 772
775 147 33
956 627 751
746 626 741
745 955 731
745 2504 955
745 775 33
731 791 775
775 817 792
793 776 841
829 842 865
752 2016 635
795 822 634
861 781 824
638 798 799
798 825 799
776 628 808
808 628 629
830 808 783
724 755 746
642 812 837
863 878 864
810 851 809
814 27 788
834 788 27
834 785 788
789 767 815
1054 874 1018
987 857 988
817 818 790
751 668 956
627 742 751
741 956 746
724 746 956
784 724 956
791 817 775
751 776 793
781 796 797
706 777 821
865 885 867
842 778 885
794 822 779
752 795 2016
752 707 821
821 780 752
824 781 636
782 824 636
998 824 862
799 782 637
1050 798 639
825 798 1049
878 863 800
631 632 829
783 2019 804
804 803 845
803 804 631
846 803 849
776 742 628
841 806 805
830 807 806
755 625 746
785 809 851
809 28 810
810 28 811
851 810 761
811 225 802
811 802 786
786 802 801
813 976 1017
812 642 787
974 812 787
853 762 763
813 1017 644
814 788 853
853 788 852
789 815 31
815 854 838
815 30 31
875 839 857
789 769 792
767 789 816
817 770 765
818 820 819
790 792 817
936 734 764
818 817 1037
1037 817 765
1209 1207 1210
820 818 1037
818 819 816
818 816 790
840 816 819
819 820 858
840 859 855
753 777 706
821 1019 780
877 1019 777
1019 822 780
823 779 822
782 826 862
777 1019 821
796 777 797
639 800 1050
860 1050 800
799 825 826
782 862 824
826 825 1048
640 879 878
871 835 828
849 829 865
829 849 803
629 2019 783
783 845 830
1022 832 831
785 851 852
811 28 225
810 811 761
851 873 852
835 836 761
788 785 852
815 767 854
1018 30 815
1018 815 838
30 874 29
839 856 988
767 816 840
819 858 840
854 767 840
841 776 808
778 779 876
823 822 1019
799 826 782
828 786 801
835 786 828
842 829 632
865 850 849
829 803 631
804 845 783
830 843 807
880 848 847
986 848 843
843 845 846
843 846 986
848 844 847
850 968 986
986 844 848
892 847 844
962 959 970
850 865 867
846 849 850
968 850 867
833 886 868
832 833 641
873 733 852
873 851 761
873 761 836
871 990 989
975 813 733
1028 855 859
854 855 1029
856 29 874
839 988 857
856 839 827
859 858 713
858 859 840
957 778 876
823 876 779
800 863 860
879 886 760
860 1103 1165
879 640 868
875 827 839
801 827 875
991 990 875
828 801 990
963 885 778
843 830 845
893 946 890
866 847 892
866 892 890
963 867 885
886 833 985
868 641 833
852 733 853
887 888 983
873 869 733
983 733 869
869 887 983
1000 836 994
999 872 836
872 873 836
733 813 853
976 973 974
976 813 975
787 1017 976
855 854 840
30 1018 874
882 911 1023
877 777 796
864 878 879
886 879 868
880 866 883
880 847 866
805 806 881
883 882 880
807 881 806
807 843 881
882 881 880
681 698 901
885 865 842
833 832 1022
1022 984 985
1003 872 999
1003 887 872
1011 891 888
871 836 835
872 869 873
856 874 988
805 793 841
889 895 884
884 894 883
895 896 884
848 880 843
889 884 866
889 866 890
710 979 981
870 983 888
805 1023 651
932 949 935
911 882 883
866 884 883
897 895 889
908 913 905
651 793 805
882 805 881
805 882 1023
896 894 884
681 900 693
926 1024 651
698 1025 901
693 900 654
899 903 901
900 901 903
1025 698 699
896 914 912
904 912 909
916 904 909
915 659 764
910 909 917
898 951 902
893 892 1120
938 929 928
902 907 903
898 917 929
915 700 942
654 900 907
906 700 654
942 700 906
909 910 916
894 904 916
905 919 929
708 914 895
654 907 906
902 910 917
902 903 910
903 899 910
910 899 925
916 911 894
909 912 917
917 912 908
912 904 896
914 896 895
908 912 913
895 897 708
913 914 708
912 914 913
947 1066 1065
922 923 918
932 935 708
700 915 732
933 915 942
908 929 917
1128 1132 950
894 911 883
916 926 911
925 916 910
905 921 919
923 922 930
905 934 921
922 937 919
921 922 919
934 920 921
930 922 921
930 921 920
939 922 918
1067 930 920
932 708 897
1129 1132 1128
1023 911 926
927 916 925
926 916 927
901 1025 899
899 927 925
905 929 908
929 919 928
937 938 928
929 938 941
952 924 933
938 943 941
935 913 708
1064 923 930
1082 1060 1072
859 713 1028
933 924 1130
918 1039 939
942 951 943
951 907 902
913 935 905
712 1031 1033
933 936 659
936 1130 1031
937 939 938
919 937 928
937 922 939
1039 938 939
1040 1210 1211
943 938 940
940 938 1039
898 941 951
929 941 898
898 902 917
907 951 906
943 951 941
944 932 945
945 897 889
932 944 949
945 932 897
889 890 945
944 945 946
890 946 945
893 890 892
948 935 949
1067 1065 1064
934 947 920
1066 1125 1203
934 948 947
948 934 935
1125 1066 947
1068 1065 1073
1125 947 948
944 946 949
1122 949 946
1038 1127 1039
1129 940 1127
950 1206 1209
942 952 933
943 952 942
920 947 1065
940 952 943
940 924 952
664 665 954
664 954 953
977 980 979
980 977 831
1034 1033 1031
958 959 957
1026 957 876
958 964 966
959 962 957
957 962 963
964 958 957
959 958 961
1046 969 966
961 970 959
964 957 1026
1026 967 964
966 964 967
969 961 966
1134 965 1046
966 961 958
960 970 961
966 967 1134
963 962 867
962 970 968
970 960 971
968 867 962
823 1026 876
1148 1152 1146
969 1137 971
969 960 961
970 971 972
960 969 971
968 970 972
971 1137 1121
1120 972 971
968 972 844
844 986 968
1049 1053 825
977 984 1022
831 977 1022
980 831 812
812 974 980
974 973 980
973 982 870
983 870 982
984 977 979
710 1011 1010
980 981 979
980 973 981
982 973 976
973 870 981
975 983 982
870 891 981
975 982 976
983 975 733
888 891 870
891 710 981
710 984 979
787 976 974
986 846 850
768 1173 987
1069 1071 1063
801 875 990
991 875 857
990 991 992
992 857 987
992 989 990
992 991 857
989 993 994
828 990 871
994 993 995
989 994 871
1176 1175 1172
993 1177 995
994 836 871
1005 994 995
994 1005 1000
997 1004 995
995 1004 1005
888 887 1001
997 1189 1187
760 864 879
1051 1048 1053
1021 1019 877
998 862 1198
861 1020 796
1000 999 836
1007 996 1195
1010 1011 1009
999 1002 1003
1010 1009 1012
1002 999 1006
1003 1008 1001
869 872 887
887 1003 1001
1013 1016 1010
1000 1005 1006
996 1004 997
1006 1005 1004
1006 1004 1007
1006 999 1000
1009 1001 1008
1006 1007 1002
996 1007 1004
1007 1195 1098
1012 1002 1007
1012 1007 1098
1002 1008 1003
1012 1008 1002
1011 1001 1009
891 1011 710
1001 1011 888
1010 1012 1098
1008 1012 1009
1015 1014 1013
1186 1088 1087
1098 1015 1013
1149 1217 1145
978 1115 1112
1016 984 710
1013 1114 1016
1115 1114 1113
978 1016 1114
1010 1016 710
1029 838 854
1057 1055 1083
1099 1018 838
1055 1018 1099
1021 877 1020
877 796 1020
1019 1021 823
1021 1020 967
861 796 781
833 1022 985
972 1120 844
651 650 793
926 927 1024
926 651 1023
1025 1024 927
899 1025 927
699 1024 1025
750 793 650
1021 1026 823
967 1026 1021
1204 1126 1166
1100 1029 1205
1028 1027 1030
1027 1028 713
855 1028 1029
1029 1028 1030
1030 1027 1205
1029 1030 1205
936 1031 734
1031 1130 1034
1129 1131 1034
1035 1208 820
1037 1035 820
1035 1033 1032
1033 1035 1036
1033 1034 1032
1038 1039 918
951 942 906
1140 1136 1135
948 949 1123
1208 1035 1133
1034 1131 1032
963 778 957
1146 1041 1134
1042 1135 1043
1044 1134 1041
1044 965 1134
1090 1089 1080
1043 1150 1042
1044 1041 1043
1084 1202 1160
1134 1145 1146
1147 1158 1218
965 1044 1136
1041 1146 1152
969 1046 1047
1160 1164 1084
1136 1044 1043
965 1139 1047
1047 1046 965
826 1048 862
1165 1050 860
1101 1103 1117
1199 1217 1104
1020 861 1149
1048 825 1053
1198 1048 1051
1049 1165 1053
1051 1053 1052
1101 1052 1053
1054 1058 874
1054 1018 1055
1054 1055 1058
1056 1099 1100
1056 1055 1099
1055 1057 1058
1057 1083 1170
1166 1055 1056
1055 1166 1083
1168 1083 1166
1181 1057 1170
1058 1057 1070
1060 1083 1168
1166 1167 1168
1061 1060 1059
1062 1061 1059
1063 1215 1068
1063 1061 1062
1215 1064 1068
1215 1063 1062
1060 1061 1072
1059 1216 1215
1038 918 1214
1067 920 1065
1064 1065 1068
1064 1215 923
930 1067 1064
1073 1065 1079
1065 1066 1079
1066 1203 1079
1069 1068 1073
1068 1069 1063
988 1070 987
1070 1181 768
1058 1070 988
1181 1070 1057
1072 1061 1071
1078 1079 1081
1086 1072 1071
1071 1069 1074
1069 1075 1074
1075 1069 1073
1086 1074 1190
1075 1073 1076
1073 1079 1078
1078 1080 1076
1078 1076 1073
1080 1078 1077
1079 1203 1081
1084 1090 1077
1080 1089 1076
1164 1090 1084
1088 1075 1087
1081 1077 1078
1085 1089 1092
993 1175 1177
1076 1089 1087
1070 768 987
1181 1182 1174
1071 1061 1063
1072 1193 1082
1072 1086 1193
1181 1170 1194
1083 1082 1170
1060 1082 1083
1084 1077 1081
1193 1086 1178
1080 1077 1090
948 1124 1125
1084 1081 1202
1076 1087 1075
1085 1087 1089
1091 1087 1085
1186 1087 1091
1192 1088 1186
1089 1090 1092
1175 993 1172
996 997 1187
1138 1122 893
1202 1141 1160
1085 1096 1091
1197 1091 1096
1096 1094 1095
1090 1164 1092
1186 1091 1014
1015 1188 1186
1015 1186 1014
1195 1015 1098
1094 1085 1092
1091 1197 1014
1094 1096 1085
1158 1042 1150
1094 1093 1095
1093 1094 1092
1196 1096 1095
1095 1093 1097
1093 1200 1097
1153 1116 1201
1010 1098 1013
1100 1099 838
1029 1100 838
1205 1204 1100
1100 1204 1056
1104 998 1198
998 1104 861
1052 1102 1051
1102 1151 1199
1199 1104 1198
1102 1052 1101
1117 1105 1102
1149 1104 1217
1110 1106 1107
860 1110 1103
760 1112 1108
1117 1153 1105
1045 1217 1154
1117 1102 1101
1102 1105 1151
1165 1103 1101
863 1106 860
760 886 1112
760 1106 864
863 864 1106
1110 1117 1103
1111 1118 1107
1110 860 1106
1115 1111 1112
985 984 978
1053 1165 1101
985 1112 886
1107 1106 1108
760 1108 1106
1110 1107 1109
1108 1111 1107
1111 1108 1112
1118 1111 1115
978 1112 985
1107 1118 1109
1117 1110 1109
1117 1109 1153
1114 1115 978
1118 1115 1113
1119 1116 1113
1118 1116 1109
1116 1118 1113
1149 861 1104
1121 1120 971
1138 893 1121
1137 1142 1121
1122 946 893
1121 893 1120
1138 1121 1142
949 1122 1123
1144 1124 1123
1123 1124 948
1213 950 1038
1132 1127 1038
1040 1131 1128
1130 1129 1034
1032 1131 1133
1127 1132 1129
1129 924 940
1130 924 1129
1128 1131 1129
1133 1131 1040
1133 1035 1032
1211 1207 1208
966 1134 1046
1161 1042 1158
1135 1042 1161
1161 1159 1135
1159 1160 1141
965 1136 1139
1135 1136 1043
1143 1144 1138
1138 1142 1143
1137 969 1047
1137 1139 1142
1139 1137 1047
1135 1159 1141
1136 1140 1143
1135 1141 1140
1143 1142 1139
1144 1143 1140
1122 1138 1144
1144 1123 1122
1146 1145 1045
1148 1146 1045
1217 1199 1154
1150 1218 1158
1145 967 1149
1145 1217 1045
1150 1041 1152
1147 1157 1158
1041 1150 1043
1020 1149 967
1045 1154 1148
1218 1148 1147
1154 1151 1155
1151 1105 1156
1147 1148 1155
1153 1109 1116
1097 1119 1095
1200 1157 1153
1119 1201 1116
1153 1201 1200
1156 1155 1151
1153 1156 1105
1156 1147 1155
1153 1157 1156
1200 1162 1157
1147 1156 1157
1154 1155 1148
1199 1151 1154
1159 1161 1163
1159 1163 1160
1162 1158 1157
1161 1158 1162
1093 1164 1163
1164 1160 1163
1161 1162 1163
1093 1163 1200
1200 1163 1162
1164 1093 1092
1050 1165 1049
1204 1166 1056
1166 1126 1167
1169 1167 931
1169 931 1216
1168 1167 1169
1060 1168 1059
1216 931 1213
1168 1169 1059
1126 1212 931
923 1214 918
1082 1193 1194
1183 1178 1190
989 992 1173
1172 993 989
1172 1174 1171
1172 989 1173
1172 1173 1174
987 1173 992
1175 1176 1179
1185 1180 1179
1189 1177 1179
1176 1172 1171
1177 997 995
1183 1171 1178
1192 1180 1185
1175 1179 1177
1188 1189 1180
1171 1182 1178
1183 1184 1185
1179 1176 1185
1183 1185 1176
768 1174 1173
768 1181 1174
1171 1174 1182
1171 1183 1176
1190 1074 1184
1191 1185 1184
1192 1185 1191
1195 1187 1188
1186 1188 1192
1192 1188 1180
1188 1015 1195
1180 1189 1179
1183 1190 1184
1075 1184 1074
1191 1184 1075
1192 1191 1088
1187 1189 1188
1177 1189 997
1074 1086 1071
1190 1178 1086
1182 1193 1178
1182 1194 1193
1181 1194 1182
1194 1170 1082
1195 996 1187
1013 1197 1114
1119 1113 1196
1113 1114 1197
1113 1197 1196
1096 1196 1197
1119 1196 1095
1014 1197 1013
1198 1051 1199
1102 1199 1051
1097 1200 1201
1097 1201 1119
1081 1203 1202
1124 1202 1203
1202 1124 1141
1124 1203 1125
1140 1124 1144
1124 1140 1141
1027 1209 1206
1167 1126 931
1126 1204 1205
1027 1126 1205
858 1207 713
1128 1210 1040
1208 858 820
1133 1040 1211
858 1208 1207
713 1209 1027
1038 950 1132
950 1209 1210
950 1210 1128
1210 1207 1211
1211 1208 1133
1212 1126 1206
713 1207 1209
1027 1206 1126
1212 1206 950
1213 1212 950
1213 1038 1214
1212 1213 931
1216 1214 1215
1214 923 1215
1169 1216 1059
1213 1214 1216
1139 1136 1143
1062 1059 1215
1152 1218 1150
1148 1218 1152
1608 1374 1582
1288 1299 1339
1327 1277 1244
1391 1359 1412
1247 1325 1250
1317 1248 1318
1250 1251 1298
1540 1667 1395
1253 1286 1303
1251 1276 1326
1339 1299 1265
1393 1522 1227
1304 1262 1328
1304 1279 1492
1264 1263 1492
1228 1393 1227
1302 1303 1298
1230 1231 1417
1246 1303 1287
1434 1542 1363
1221 1286 1252
1287 1245 1246
1395 1381 9
1411 1419 1437
1278 1289 1302
1279 1304 1290
1291 1253 1290
7 1419 177
1290 1289 1279
1278 1279 1289
1305 1282 1300
1288 1254 1255
1337 1296 1281
1249 1248 1307
1296 1292 1281
1249 1301 1404
1295 1292 1258
1307 1248 1247
1248 1273 1247
1269 1316 1270
1340 1307 1246
1307 1247 1246
1319 1273 1316
1249 1307 1301
1311 1353 1324
1295 1293 1338
1307 1306 1301
1294 1293 1302
1245 1340 1246
1320 1268 1267
1318 1402 1315
1321 1274 1320
2467 1312 1313
1270 1276 1269
1317 1315 1271
1276 1325 1269
1268 1274 1316
1326 1271 1355
1275 1298 1251
1247 1298 1246
1345 1325 1247
1251 1250 1276
1303 1246 1298
1354 1251 1326
1251 1354 1608
1322 1267 1266
1267 1268 1346
1323 1244 1322
1314 1272 1349
1274 1268 1320
1266 1277 1327
1222 1286 1221
1286 1222 1287
1244 1287 1223
1346 1245 1277
1256 1283 1606
1270 1317 1271
11 1414 1429
1235 1382 1234
1421 1367 1396
1491 1297 1252
1237 1366 1423
1245 1287 1244
1375 1242 1956
1608 1275 1251
1608 1436 1374
1400 1241 1385
1844 1330 1956
1262 1332 1328
1304 1263 1262
1397 1384 1383
1300 1259 1305
1293 1295 1257
1966 1239 1368
1285 1284 1255
1491 1490 1297
1501 1296 1580
1259 1258 1292
1544 1669 1543
1365 1551 1550
1297 1332 1294
1288 1278 1254
1285 1255 1254
1284 1256 1255
1255 1256 1288
1254 1278 1302
1285 1254 1302
1576 1575 1299
1331 1263 1264
1304 1492 1263
1492 1278 1339
1263 1331 1333
1333 1294 1332
1338 1329 1295
1259 1296 1260
1253 1289 1290
1261 1336 1280
1280 1252 1291
1270 1271 1326
2464 1221 1252
1328 1334 1261
1339 1265 1264
1219 1261 1490
1491 1336 1490
1256 1578 1288
1267 1277 1266
1575 1576 1577
1284 1283 1256
1296 1337 1575
1259 1292 1296
1302 1293 1257
1300 1357 1258
1302 1257 1350
1300 1258 1259
1295 1258 1257
1282 1388 1330
1292 1295 1281
1493 1347 1498
1252 1280 1220
1283 1284 1275
1294 1253 1297
1252 1335 1336
1336 1272 1219
1222 1223 1287
2467 1313 2492
1312 2467 1219
1285 1298 1275
1373 1245 1244
1294 1333 1331
1338 1293 1294
1250 1298 1247
1393 1228 1524
1305 1259 1260
1257 1258 1357
1285 1275 1284
1285 1302 1298
1287 1303 1286
1303 1302 1253
1280 1291 1290
1375 1376 1242
1387 1340 1373
1290 1304 1280
1392 9 10
1345 1346 1268
1364 1420 1676
1460 1462 1459
1368 1238 1966
1370 1238 1368
1243 1313 1314
1313 1312 1314
1219 1272 1312
1312 1272 1314
1349 1272 1335
1371 1348 1314
1350 1357 1349
1350 1349 1335
1317 1270 1316
1315 1317 1318
1316 1273 1317
1249 1318 1248
1273 1248 1317
1246 1319 1274
1247 1273 1319
1268 1316 1269
1274 1319 1316
1322 1320 1267
1322 1245 1321
1274 1321 1246
1322 1321 1320
1323 1322 1266
1221 1323 1266
1244 1323 1222
1353 1311 164
1352 1353 1358
1271 1315 1425
1355 1425 1436
1269 1325 1345
1250 1325 1276
1270 1326 1276
1266 1327 1222
1280 1328 1261
1304 1328 1280
1337 1329 1265
1295 1329 1281
1495 1493 1494
1338 1331 1264
1294 1331 1338
1333 1332 1262
1334 1332 1297
1263 1333 1262
1334 1328 1332
1490 1334 1297
1253 1335 1252
1272 1336 1335
1252 1286 1253
1329 1337 1281
1299 1575 1265
1282 1371 1357
1264 1265 1338
1329 1338 1265
1288 1339 1278
1388 1282 1305
1257 1357 1350
1301 1306 1390
1477 1480 1380
1441 1467 1450
1646 1644 1630
1356 1407 1409
1269 1345 1268
1346 1345 1246
1267 1346 1277
1382 1433 1418
1668 1366 1370
1335 1253 1350
1253 1302 1350
1411 1386 1372
1340 1245 1373
1224 1373 1351
1351 1373 1244
1223 1351 1244
1324 1353 1352
1355 1354 1326
1608 1354 1436
1425 1355 1271
1354 1355 1436
1305 1347 1495
1347 1493 1495
1330 1844 1348
1411 6 177
1357 1300 1282
1352 1358 1389
1377 1389 1306
1340 1377 1307
1306 1358 1390
1359 162 1308
1378 1341 1308
1226 1440 1360
1526 1449 1440
1430 1231 1232
1528 1615 1620
1395 1542 1434
1382 1421 1420
1799 1801 1798
1397 1240 2083
1784 1679 1545
1366 1237 1370
1673 1367 1675
1364 1433 1420
1368 1422 1668
1424 1455 1454
1499 1501 1500
1387 1373 1224
1324 1387 1224
1729 1604 1600
1375 1956 1330
1385 1981 1401
1372 6 1411
1371 1282 1348
1330 1348 1282
1358 1306 1389
1377 1306 1307
1386 1358 1372
1386 1390 1358
1414 199 1391
1391 162 1359
1359 1341 1412
1360 1450 1225
1526 1226 1523
1413 1777 1776
11 1379 220
220 1379 1392
1416 1229 1230
1445 1431 1233
1451 1443 1444
8 1381 1434
1362 1434 1541
1395 1667 1542
1420 1421 1396
1383 1384 1543
1669 1422 1383
1397 2083 2042
1384 1397 1435
1668 1370 1368
1241 1982 1385
1400 1385 1399
1357 1371 1349
1371 1314 1349
1389 1387 1352
1324 1352 1387
1389 1377 1387
1387 1377 1340
1318 1249 1402
1356 1425 1315
1249 1404 1402
1583 1581 1582
1495 1376 1375
1428 1426 1403
1404 1405 1403
1375 1330 1388
1375 1388 1495
1391 1412 1414
199 1414 210
1477 1412 1341
1359 1308 1341
1450 1360 1440
1450 1378 1225
1526 1440 1226
1523 1227 1522
10 220 1392
1414 1567 1429
1415 1228 1229
1231 1430 1417
1431 1232 1233
1430 1799 1417
1433 1382 1420
1433 1811 1445
1552 2027 1394
8 1362 7
1236 1423 1367
1368 1239 1422
1240 1422 1239
1240 1397 1383
1398 1435 2042
1399 1385 1401
1399 1401 1497
1497 1401 1494
1315 1402 1356
1446 1427 1447
1405 1404 1301
1405 1301 1390
1402 1404 1406
1386 1405 1390
1356 1402 1408
1408 1407 1356
1549 1584 1407
1408 1402 1406
1408 1406 1410
1407 1408 1585
1981 1376 1494
177 1419 1411
1485 1489 1484
1540 1392 1539
1414 11 210
1379 11 1429
1379 1429 1443
1416 1415 1229
1417 1416 1230
1431 1430 1232
1234 1418 1233
1540 1395 9
1541 1434 1363
1434 1362 8
1421 1382 1235
1235 1236 1421
1367 1421 1236
1422 1240 1383
2042 1435 1397
1675 1423 1366
1400 1394 1241
1369 1455 1424
1369 1400 1399
1403 1406 1404
1356 1409 1425
1436 1409 1374
1410 1406 1427
1403 1405 1428
1427 1403 1426
1428 1405 1344
1427 1426 1447
1403 1427 1406
1428 1344 1439
1405 1386 1344
1380 1412 1477
1412 1380 1414
1392 1540 9
1392 1379 1539
1451 1442 1557
1429 1567 1443
1445 1233 1418
1811 1431 1445
1417 1799 1432
1416 1452 1415
1432 1819 1452
1452 1416 1432
1417 1432 1416
1418 1234 1382
1419 7 1362
1434 1381 1395
1668 1422 1669
1409 1436 1425
1411 1437 1344
1362 1437 1419
1438 1439 1362
1344 1437 1439
1362 1439 1437
1449 1441 1440
1450 1440 1441
1443 1567 1444
1379 1443 1451
1415 1524 1228
1433 1445 1418
1564 2042 2027
1398 2042 1564
1394 1369 1552
1455 1369 1456
1439 1447 1426
1426 1428 1439
1446 1447 1448
1448 1447 1439
1665 1781 1541
1413 1441 1449
1779 1526 1522
1393 1342 1522
1378 1473 1341
1413 1778 1467
1450 1466 1378
1432 1361 1819
1415 1452 1525
1369 1394 1400
1454 1455 1457
1498 1502 1493
1424 1460 1459
1399 1456 1369
1514 1455 1456
1461 1513 1453
1460 1424 1454
1461 1465 1462
1454 1457 1513
1513 1460 1454
1468 1471 1465
1459 1462 1458
1465 1458 1462
1560 1465 1471
1465 1343 1458
1550 1687 1548
1562 1458 1563
1459 1458 1562
1410 1427 1446
1539 1379 1557
1451 1557 1379
1510 1515 1504
1497 1503 1516
1552 1369 1424
1459 1552 1424
1519 1521 1518
1461 1462 1460
1463 1471 1470
1562 1464 1459
1464 1552 1459
1378 1466 1473
1502 1503 1493
1476 1566 1470
1552 1464 1564
1776 1777 1775
1413 1467 1441
1473 1466 1482
1450 1467 1466
1468 1465 1461
1463 1560 1471
1652 1645 1644
1476 1469 1566
1472 1471 1468
1472 1470 1471
1461 1453 1521
1472 1474 1731
1482 1477 1473
1466 1467 1483
1472 1468 1474
1509 1510 1506
1474 1730 1731
1472 1476 1470
1476 1472 1731
1482 1480 1477
1482 1479 1480
1479 1482 1478
1478 1487 1489
1483 1778 1487
1478 1482 1483
1536 1478 1489
1466 1483 1482
1478 1483 1487
1487 1778 1484
1778 1776 1484
1467 1778 1483
1524 1532 1342
1486 1484 1776
1486 1485 1484
1775 1486 1776
1485 1486 1532
1489 1487 1484
1534 1488 1535
1576 1578 1579
1334 1490 1261
2464 1491 1252
1278 1492 1279
1264 1492 1339
1243 1314 1348
1305 1495 1388
1494 1493 1497
1496 1498 1499
1376 1495 1494
1494 1401 1981
1503 1508 1504
1347 1499 1498
1516 1399 1497
1347 1305 1260
1296 1501 1260
1500 1511 1512
1499 1500 1496
1499 1347 1260
1496 1502 1498
1503 1502 1508
1504 1516 1503
1493 1503 1497
1506 1510 1504
1504 1515 1516
1505 1500 1512
1511 1580 1577
1579 1577 1576
1496 1500 1505
1507 1508 1496
1502 1496 1508
1505 1512 1587
1507 1496 1505
1499 1260 1501
1587 1586 1505
1586 1587 1601
1509 1506 1590
1590 1506 1507
1506 1504 1508
1474 1519 1518
1453 1513 1514
1506 1508 1507
1590 1591 1509
1509 1453 1510
1374 1584 1583
1514 1510 1453
1580 1511 1500
1579 1511 1577
1512 1511 1579
1588 1589 1604
1455 1514 1457
1520 1521 1453
1513 1457 1514
1515 1510 1514
1514 1456 1515
1399 1515 1456
1399 1516 1515
1520 1509 1591
1518 1521 1517
1453 1509 1520
1517 1521 1520
1474 1468 1519
1461 1519 1468
1461 1521 1519
1779 1449 1526
1526 1523 1522
1393 1524 1342
1415 1525 1524
1527 1525 1819
1481 1532 1531
1452 1819 1525
1532 1524 1531
1529 1525 1527
1530 1615 1529
1524 1525 1529
1615 1528 1609
1722 1723 1721
1529 1531 1524
1527 1780 1530
1609 1611 1531
1533 1481 1531
1527 1530 1529
1609 1531 1529
1485 1532 1481
1485 1481 1488
1531 1611 1533
1489 1485 1488
1533 1537 1535
1481 1533 1535
1537 1534 1535
1537 1533 1616
1534 1537 1538
1534 1569 1536
1536 1489 1488
1534 1538 1570
1535 1488 1481
1488 1534 1536
1478 1536 1569
1616 1614 1610
1444 1555 1633
1540 1539 1667
1661 1667 1539
1664 1660 1659
1663 1664 1659
1384 1546 1543
1544 1543 1546
1669 1383 1543
1679 1547 1545
1679 1544 1547
1670 1788 1681
1384 1435 1365
1785 1545 1671
1547 1544 1546
1547 1550 1548
1548 1545 1547
1723 1722 1786
1788 1680 1681
1546 1550 1547
1344 1386 1411
1745 1740 1741
1593 1581 1583
1365 1546 1384
1398 1365 1435
1560 1343 1465
1684 1685 1683
1683 1551 1365
1685 1551 1683
1398 1683 1365
1669 1544 1783
1552 1564 2027
1439 1438 1448
1460 1513 1461
1444 1554 1555
1613 1621 1639
1444 1567 1554
1555 1554 1568
1628 1627 1573
1480 1554 1567
1380 1480 1567
1480 1568 1554
1557 1660 1539
1451 1444 1442
1652 1647 1657
1442 1444 1558
1660 1442 1559
1557 1442 1660
1655 1556 1654
1666 1559 1656
1659 1660 1559
1566 1768 1470
1561 1564 1464
1724 1464 1562
1684 1686 1685
1684 1683 1398
1724 1563 1686
1563 1458 1343
1563 1343 1696
1733 1469 1475
1765 1762 1766
1767 1566 1469
1733 1565 1469
1309 1767 1565
1469 1565 1767
1565 1733 1763
1566 1767 1803
1341 1473 1477
1380 1567 1414
1568 1480 1479
1568 1479 1569
1568 1569 1574
1569 1479 1478
1569 1534 1570
1538 1571 1570
1573 1570 1571
1570 1574 1569
1571 1621 1613
1574 1572 1555
1570 1573 1572
1574 1570 1572
1568 1574 1555
1296 1575 1580
1265 1575 1337
1578 1256 1603
1299 1578 1576
1288 1578 1299
1589 1588 1579
1577 1580 1575
1578 1603 1579
1589 1579 1603
1579 1588 1512
1501 1580 1500
1581 1608 1582
1374 1583 1582
1603 1606 1607
1608 1581 1607
1584 1760 1583
1593 1603 1607
1409 1584 1374
1759 1593 1583
1549 1757 1760
1407 1584 1409
1741 1750 1745
1549 1407 1585
1507 1586 1590
1735 1591 1595
1512 1588 1587
1596 1589 1599
1601 1588 1604
1590 1586 1595
1592 1595 1601
1520 1591 1517
1590 1595 1591
1729 1600 1737
1603 1593 1594
1602 1596 1594
1601 1595 1586
1598 1602 1594
1598 1820 1605
1598 1605 1602
1594 1596 1599
1589 1603 1599
1603 1256 1606
1600 1604 1596
1605 1728 1600
1596 1604 1589
1588 1601 1587
1605 1600 1602
1599 1603 1594
1601 1604 1592
1602 1600 1596
1606 1283 1607
1608 1283 1275
1581 1593 1607
1283 1608 1607
1609 1614 1616
1609 1616 1611
1571 1613 1573
1618 1621 1610
1621 1571 1538
1533 1611 1616
1614 1612 1610
1618 1610 1612
1615 1609 1529
1364 1677 1682
1614 1609 1713
1612 1614 1713
1623 1617 1632
1610 1537 1616
1615 1530 1780
1780 1819 1361
1721 1717 1790
1694 1712 1794
1780 1620 1615
1620 1619 1719
1538 1537 1621
1610 1621 1537
1623 1622 1617
1612 1622 1624
1573 1613 1628
1671 1687 1689
1623 1635 1624
1622 1623 1624
1635 1640 1624
1639 1618 1612
1618 1639 1621
1628 1629 1627
1558 1444 1633
1613 1629 1628
1626 1643 1635
1689 1688 1672
1623 1632 1626
1632 1625 1626
1572 1627 1555
1627 1633 1555
1627 1572 1573
1631 1629 1646
1638 1636 1639
1655 1634 1556
1646 1637 1644
1634 1655 1558
1645 1630 1644
1633 1627 1631
1634 1631 1630
1715 1632 1617
1694 1625 1712
1711 1690 1802
1640 1641 1624
1639 1612 1624
1627 1629 1631
1631 1634 1633
1558 1633 1634
1631 1646 1630
1556 1634 1630
1626 1635 1623
1641 1650 1648
1636 1629 1613
1636 1637 1629
1641 1638 1624
1624 1638 1639
1637 1646 1629
1641 1648 1638
1648 1650 1653
1637 1636 1638
1651 1640 1643
1806 1818 1774
1640 1635 1643
1643 1642 1649
1637 1638 1648
1645 1556 1630
1648 1644 1637
1309 1763 1764
1653 1644 1648
1651 1641 1640
1695 1768 1805
1771 1641 1651
1651 1643 1649
1651 1649 1771
1653 1652 1644
1645 1652 1654
1656 1442 1558
1654 1556 1645
1657 1654 1652
1655 1654 1666
1654 1657 1666
1655 1666 1656
1442 1656 1559
1558 1655 1656
1647 1752 1754
1658 1749 1748
1754 1662 1657
1666 1662 1559
1553 1659 1559
1553 1559 1662
1662 1807 1782
1667 1664 1542
1807 1746 1809
1664 1661 1660
1661 1539 1660
1782 1781 1553
1553 1662 1782
1659 1553 1663
1657 1662 1666
1665 1663 1553
1665 1664 1663
1665 1542 1664
1541 1363 1542
1661 1664 1667
1665 1541 1542
1438 1541 1781
1362 1541 1438
1676 1680 1677
1784 1670 1681
1704 1786 1691
1672 1786 1785
1691 1697 1704
1676 1420 1396
1674 1396 1673
1676 1396 1674
1812 1680 1674
1680 1676 1674
1812 1673 1675
1812 1674 1673
1367 1673 1396
1367 1423 1675
1783 1679 1675
1787 1682 1677
1366 1668 1783
1682 1791 1792
1677 1364 1676
1675 1366 1783
1680 1788 1677
1680 1812 1681
1679 1681 1812
1784 1681 1679
1787 1677 1788
1364 1682 1678
1564 1561 1398
1551 1685 1550
1684 1724 1686
1685 1687 1550
1689 1687 1705
1711 1698 1690
1671 1689 1672
1548 1687 1671
1709 1690 1700
1672 1688 1691
1701 1688 1705
1815 1625 1802
1687 1685 1693
1694 1802 1625
1697 1711 1699
1698 1688 1701
1686 1693 1685
1563 1696 1702
1698 1691 1688
1697 1698 1711
1691 1698 1697
1691 1786 1672
1699 1711 1694
1723 1717 1721
1698 1700 1690
1701 1700 1698
1688 1689 1705
1710 1707 1708
1813 1642 1643
1686 1563 1702
1703 1693 1686
1686 1702 1703
1705 1692 1701
1463 1695 1560
1696 1695 1708
1717 1704 1699
1717 1699 1790
1699 1704 1697
1704 1723 1786
1705 1687 1693
1692 1705 1707
1709 1700 1692
1703 1696 1708
1695 1805 1708
1693 1703 1707
1708 1707 1703
1560 1695 1696
1794 1699 1694
1787 1791 1682
1790 1699 1794
1700 1701 1692
1707 1705 1693
1802 1706 1816
1710 1692 1707
1692 1710 1709
1816 1706 1814
1709 1710 1706
1814 1706 1710
1708 1814 1710
1694 1711 1802
1625 1715 1712
1718 1716 1719
1713 1528 1719
1528 1713 1609
1797 1789 1794
1617 1714 1715
1793 1712 1715
1715 1625 1632
1796 1712 1793
1714 1716 1718
1716 1714 1617
1704 1717 1723
1718 1793 1715
1714 1718 1715
1713 1719 1716
1793 1718 1719
1620 1719 1528
1719 1619 1793
1722 1721 1720
1720 1788 1670
1784 1545 1722
1365 1550 1546
1561 1724 1684
1563 1724 1562
1724 1561 1464
1476 1731 1732
1476 1475 1469
1733 1475 1726
1738 1741 1740
1734 1766 1733
1725 1728 1820
1725 1727 1734
1766 1734 1765
1733 1725 1734
1726 1725 1733
1732 1475 1476
1728 1737 1600
1728 1605 1820
1735 1595 1592
1726 1737 1728
1729 1592 1604
1729 1736 1592
1735 1517 1591
1735 1736 1730
1730 1732 1731
1730 1518 1517
1474 1518 1730
1732 1729 1737
1736 1732 1730
1738 1742 1741
1745 1747 1740
1739 1727 1738
1739 1765 1734
1728 1725 1726
1736 1735 1592
1517 1735 1730
1729 1732 1736
1726 1475 1737
1732 1737 1475
1740 1747 1748
1755 1739 1748
1727 1739 1734
1748 1739 1740
1738 1740 1739
1758 1757 1750
1742 1738 1727
1727 1725 1820
1727 1820 1742
1597 1758 1750
1310 1410 1446
1744 1746 1747
1741 1742 1750
1310 1446 1448
1549 1753 1757
1745 1743 1744
1753 1744 1743
1810 1744 1753
1744 1747 1745
1748 1747 1658
1743 1745 1750
1810 1410 1310
1658 1751 1749
1765 1739 1755
1743 1757 1753
1810 1809 1744
1754 1752 1749
1597 1750 1742
1808 1751 1658
1662 1751 1807
1765 1755 1761
1755 1748 1749
1753 1585 1410
1549 1585 1753
1810 1753 1410
1754 1749 1751
1749 1752 1755
1662 1754 1751
1754 1657 1647
1761 1755 1752
1769 1761 1752
1750 1757 1743
1594 1597 1598
1756 1594 1593
1758 1759 1760
1597 1594 1756
1593 1759 1756
1758 1597 1756
1758 1760 1757
1756 1759 1758
1583 1760 1759
1584 1549 1760
1769 1647 1652
1763 1762 1764
1762 1761 1770
1647 1769 1752
1762 1763 1766
1762 1765 1761
1767 1309 1774
1763 1309 1565
1309 1773 1774
1566 1803 1768
1764 1762 1770
1761 1653 1770
1766 1763 1733
1768 1695 1463
1470 1768 1463
1770 1773 1764
1773 1770 1771
1803 1805 1768
1653 1769 1652
1769 1653 1761
1771 1650 1641
1771 1649 1772
1806 1642 1818
1649 1806 1772
1774 1772 1806
1764 1773 1309
1774 1773 1772
1770 1653 1650
1773 1771 1772
1650 1771 1770
1342 1532 1775
1486 1775 1532
1413 1779 1777
1777 1779 1522
1776 1778 1413
1449 1779 1413
1775 1777 1342
1522 1342 1777
1585 1408 1410
1505 1586 1507
1819 1780 1527
1796 1797 1794
1639 1636 1613
1808 1658 1746
1553 1781 1665
1448 1781 1782
1809 1310 1782
1781 1448 1438
1310 1448 1782
1668 1669 1783
1722 1785 1786
1671 1545 1548
1672 1785 1671
1545 1785 1722
1670 1784 1722
1720 1670 1722
1792 1678 1682
1790 1720 1721
1791 1787 1790
1790 1787 1720
1794 1789 1790
1791 1789 1792
1790 1789 1791
1796 1795 1797
1793 1619 1796
1796 1794 1712
1800 1619 1620
1619 1795 1796
1798 1795 1800
1797 1792 1789
1800 1795 1619
1361 1800 1620
1795 1811 1797
1678 1792 1811
1798 1800 1361
1811 1795 1801
1798 1361 1799
1430 1431 1801
1432 1799 1361
1430 1801 1799
1798 1801 1795
1801 1431 1811
1433 1364 1678
1433 1678 1811
1679 1783 1544
1398 1561 1684
1343 1560 1696
1706 1690 1709
1815 1802 1816
1690 1706 1802
1702 1696 1703
1612 1713 1622
1713 1716 1617
1617 1622 1713
1787 1788 1720
1803 1804 1805
1805 1804 1814
1815 1818 1642
1642 1806 1649
1803 1817 1804
1817 1774 1818
1774 1817 1767
1767 1817 1803
1782 1807 1809
1746 1744 1809
1807 1751 1808
1658 1747 1746
1807 1808 1746
1310 1809 1810
1797 1811 1792
1679 1812 1675
1813 1815 1642
1815 1813 1625
1805 1814 1708
1814 1804 1816
1817 1816 1804
1816 1817 1815
1815 1817 1818
1626 1813 1643
1625 1813 1626
1780 1361 1620
1597 1820 1598
1742 1820 1597
1867 1939 1866
1966 1238 1842
2192 1867 1866
1884 2193 1970
2004 1239 1966
2022 1240 1239
2193 1884 1855
1917 1906 1905
1995 2067 2082
1876 1875 1922
1930 1971 1870
1920 2303 2196
1855 1889 1874
1863 1904 1871
1871 1888 1912
1839 1975 1840
1978 2199 1993
1947 1905 1914
1858 1906 1917
2199 1976 1975
1913 1904 1928
1945 1918 1856
1903 1902 1964
2072 2235 2234
1903 1901 1859
1836 1835 1996
1863 1912 1864
1887 1861 2088
1900 1845 1911
2237 1947 1958
1848 1881 1937
1900 1822 1821
2106 2045 2105
1885 1886 1962
1860 1901 1861
1926 1888 1857
2009 2011 1952
1916 1917 2195
1904 1889 1871
1872 1906 1892
1858 1857 1892
1892 1893 1873
1920 1852 2203
1885 1860 1886
1859 1926 1857
1859 1857 1902
1927 1865 1864
1902 1903 1859
1959 1969 1883
1905 1915 1917
1872 1907 1914
1889 1856 1888
2129 2062 2052
2194 1823 1822
2194 1822 1900
1909 1853 1896
1856 1882 1945
1946 1902 1969
1894 1875 1908
1872 1914 1906
1907 1864 1914
1927 1864 1912
1873 1908 1864
1904 1913 1889
1926 1912 1888
2061 1915 1905
1863 1871 1912
1915 1890 1917
1891 1854 1931
1905 2238 2061
1857 1858 1895
1873 1907 1892
1891 2195 1890
1906 1858 1892
1894 1873 1893
1862 1874 1913
1908 1875 1863
1825 1824 2193
1855 1874 1824
1876 1862 1928
1863 1875 1928
1860 1885 1859
1980 1861 1901
1849 1896 1853
1833 1984 1998
1894 1893 1918
1831 1830 2013
2014 2013 1983
1821 1845 1900
2194 1900 1883
2015 1983 1830
1901 1860 1859
1876 1922 1855
1825 1943 1826
1910 1944 1897
1896 1895 1916
2003 1849 1850
1868 1929 1960
2030 634 633
1904 1863 1928
1889 1888 1871
1887 1886 1860
1882 1856 1884
1850 1849 1935
1874 1862 1823
1892 1857 1893
2346 2047 2131
1887 1962 1886
2253 2030 2254
1931 1877 1853
1878 1930 1931
2195 1891 1909
1853 1909 1931
1877 1929 1853
1849 1853 1929
1897 1896 1849
1878 1931 1854
1880 1933 1869
1938 1868 1960
1955 1849 1929
1955 1868 1879
1930 1869 1877
1930 1878 1971
1847 1848 1879
1879 2192 1847
1847 1910 1897
1910 1919 1898
1827 1846 2192
1881 1940 1868
2192 1826 1827
1861 1887 1860
1939 1867 1940
2194 1970 2193
1870 1880 1869
1851 1852 1920
1935 1960 1869
1881 1938 1937
1897 1918 1896
1992 626 1948
1849 2003 1848
1847 1899 1846
1846 1899 1828
1828 1827 1939
2003 1921 1848
1941 1939 1940
1897 1849 1848
1927 1926 1885
1829 1899 2507
1925 1942 1965
1895 1896 1918
1942 2507 1961
1965 624 1925
1889 1855 1856
1914 1905 1906
1846 1919 1910
1902 1857 1918
2060 2079 2040
1990 2000 2001
1864 1907 1873
1864 1908 1863
1873 1894 1908
1916 1895 1858
1897 1944 1918
1916 1909 1896
1846 1910 1847
1910 1898 1944
2303 1920 2231
2196 2003 1850
2196 1850 1934
2196 1934 1851
1847 1848 1921
1921 1899 1847
2492 1845 1821
1911 1845 1243
1348 1959 1243
1912 1926 1927
1862 1913 1928
1889 1913 1874
1864 1865 1914
1914 1865 1947
1890 1915 2063
1892 1907 1872
1894 1856 1922
1917 1916 1858
1895 1918 1857
1918 1944 1856
1898 1919 1827
1894 1922 1875
1991 1921 2003
1838 1994 1977
1833 1832 1984
2198 2197 1880
705 635 1954
1968 705 1954
1942 1991 1948
1974 1956 1242
1885 1926 1859
1885 1962 1957
1902 1946 1964
1969 1970 1883
1876 1928 1875
1960 1877 1869
1869 1930 1870
1877 1931 1930
1989 1986 1971
1934 1880 1851
1934 1850 1933
1880 1934 1933
1850 1935 1933
1933 1935 1869
2198 1880 1870
2206 2221 2039
1992 1973 2002
1935 1938 1960
1938 1935 1937
1935 1849 1937
1868 1938 1881
1866 1939 1827
1867 1868 1940
1941 1881 1848
1939 1941 1847
1881 1941 1940
1961 1921 1991
1942 1948 1965
1884 1970 1882
2108 2102 2103
1909 1891 1931
1855 1856 1944
1826 1943 1898
1855 1944 1943
1899 1829 1828
1963 1903 1964
1918 1945 1902
1902 1945 1969
1969 1882 1970
1969 1945 1882
1947 1865 1958
2238 1905 1947
1890 2063 2020
1965 1948 625
2236 2024 2372
1840 1975 1976
2122 2100 2115
2355 2367 2365
1987 2247 2248
2008 2009 1952
1967 1982 2044
1954 635 2016
2033 1968 1985
1868 1955 1929
1848 1955 1879
1867 1879 1868
1956 1974 1963
1982 1376 1981
1865 1927 1957
1885 1957 1927
1865 1957 1958
1962 1958 1957
1959 1348 1946
1348 1844 1946
1946 1969 1959
1877 1960 1929
2198 1932 2197
2205 628 1972
627 626 2002
1972 627 2002
2231 1972 2002
625 1948 626
1973 1991 2003
1899 1961 2507
2089 1962 1887
1943 1944 1898
1843 1964 1946
2008 1963 1974
1903 1963 1901
624 1965 625
2004 2099 2022
2445 2372 1976
2022 1995 1240
2134 2145 2084
1998 1834 1833
1901 1963 2008
2091 2104 2102
2035 1997 2036
2017 2030 2251
2016 1985 1954
2007 1999 2018
1956 1963 1843
1946 1844 1843
1964 1843 1963
1982 1242 1376
1911 1883 1900
1883 1911 1959
1959 1911 1243
1971 1986 2198
2040 2065 2021
2020 2065 1990
1992 2002 626
1936 1972 2231
1991 1973 1992
1991 1942 1961
1841 1840 2023
1841 1949 1842
1839 1838 1993
1993 1977 1978
1993 1975 1839
2199 1975 1993
2234 1977 1994
2080 2084 2145
2154 2161 2153
2167 1979 2162
1835 2069 2070
1837 2028 2072
2201 632 631
1241 2031 2044
2008 1980 1901
1982 1241 2044
1923 2033 1985
1831 2013 1997
2069 1998 2444
2030 2017 634
1968 1954 1985
2049 629 628
1953 1242 1982
1980 2008 1952
1242 1953 1974
1962 2089 1958
1990 2079 1989
1988 2050 2057
1989 1878 2000
2079 2213 1989
2001 1854 1891
2001 2020 1990
2000 1878 1854
1971 1878 1989
2205 2206 2049
2099 1995 2022
2083 1995 2082
2022 1239 2004
2023 2004 1949
1966 1842 1949
1949 1841 2023
2066 2023 1840
1993 1838 1977
2028 1836 1996
2083 2082 2005
2145 2147 2080
2086 2041 2085
2069 1835 1834
2068 2444 1998
2073 1996 2070
2443 2070 2069
2070 1996 1835
2006 2087 2174
2007 631 630
2200 2201 2007
2008 1974 2009
1981 1385 1982
1967 2010 1982
1953 1982 2010
1967 2076 2011
1997 1984 1832
1831 1997 1832
2016 2017 2048
2019 2039 1999
2039 2019 629
2001 2000 1854
1989 2000 1990
1890 2001 1891
2021 2050 1988
2021 2020 2064
2209 2197 1932
2303 2002 1973
2303 2003 2196
2003 2303 1973
2004 1966 1949
2098 2004 2023
2099 2004 2098
1995 2083 1240
2080 2082 2067
2074 2086 2258
1998 2069 1834
2029 632 2201
2007 2201 631
1241 1394 2031
2019 1999 630
1974 1953 2009
1967 2006 2076
2011 2009 2010
2011 2078 1952
2078 2106 1952
1983 2013 1830
1997 2013 2037
2013 2014 2037
2034 1983 2015
2034 2015 2033
2037 2036 1997
634 2017 795
2017 2016 795
2016 2048 1985
2120 2038 2014
2018 2039 2221
2007 630 1999
1890 2020 2001
1915 2062 2063
2054 2050 2021
2040 2021 1988
1920 1936 2231
2023 2066 2024
2023 2024 2098
2233 2235 2232
2025 2042 2005
2026 2027 2042
2026 2086 2074
2074 2027 2026
2035 2046 2092
2029 2030 633
632 2029 633
2201 2254 2029
2258 1979 2169
2006 2174 2076
2044 2031 2006
2009 1953 2010
1967 2011 2010
2012 2011 2076
2110 2045 2078
2313 2107 2116
2034 2014 1983
2037 2014 2038
1984 1997 2035
2035 2036 2046
2038 2036 2037
2068 2035 2092
2014 2034 2120
2251 2048 2017
1999 2039 2018
2265 2054 2129
2265 2247 2054
2060 2040 1988
2065 2079 1990
2446 1976 2199
2429 2442 2421
2123 2098 2024
2024 2236 2123
2234 1837 2072
2005 2080 2041
2148 2134 2155
2025 2005 2041
2026 2042 2025
2151 2170 2171
1950 2256 2257
2201 2043 2254
2109 2127 2128
2089 1887 2088
2118 2104 2105
629 2049 2039
2220 1924 2219
2054 2021 2064
2129 2054 2064
2058 2053 2057
2061 2055 2062
2127 2118 2124
2056 2057 2050
2218 2212 2207
2060 2057 2053
2056 2050 2051
2050 2054 2051
2128 2125 2052
1987 2241 2051
2305 2058 2242
2241 2056 2051
2058 2057 2056
2058 2226 2217
2213 1986 1989
2057 2060 1988
2060 2059 2079
1932 2213 2210
1932 1986 2213
2052 2055 2240
1915 2061 2062
2060 2053 2059
2064 2063 2062
2129 2064 2062
2063 2064 2020
2021 2065 2020
2079 2065 2040
1976 2066 1840
2372 2024 2066
2080 2005 2082
2041 2080 2147
2041 2147 2162
2025 2041 2086
2026 2025 2086
1998 1984 2068
2444 2068 2405
2401 2443 2398
2072 2071 2423
2073 2071 1996
2028 2071 2072
2028 1996 2071
1394 2074 2031
2076 2174 2075
2264 2261 2263
2075 2174 2169
2188 2163 2177
2263 1951 2264
2006 2031 2087
2044 2006 1967
2262 2075 2263
2076 2075 2262
2103 2102 2077
2090 2089 2077
2093 2111 2259
2200 2018 2308
2200 2007 2018
2213 2079 2059
2099 2098 2067
2133 2081 2100
2067 1995 2099
2084 2081 2133
2042 2083 2005
2162 2085 2041
2074 2087 2031
2087 2074 2258
2074 1394 2027
2088 1861 2103
2088 2077 2089
2090 2077 2101
2089 2090 2237
2090 2101 2119
2061 2238 2055
2078 2011 2012
2262 2110 2012
2045 2117 2116
2101 2102 2104
2113 2094 2046
2046 2047 2092
2047 2405 2092
2093 2046 2036
2113 2131 2094
2046 2094 2047
2259 2113 2093
2113 2046 2093
2068 2092 2405
1923 1985 2048
2097 2096 2095
2036 2038 2093
1923 2096 2097
2120 2097 2095
1923 2034 2033
1923 2097 2034
2097 2120 2034
2230 1924 2229
2100 2081 2115
2101 2077 2102
2077 2088 2103
2091 2108 1952
1980 2103 1861
2103 1980 2108
2105 2091 2106
2104 2091 2105
2045 2107 2105
2107 2118 2105
2106 2091 1952
2045 2106 2078
2045 2110 2117
2118 2107 2124
2091 2102 2108
2104 2118 2101
2109 2240 2239
2262 2012 2076
2078 2012 2110
2093 2038 2111
2035 2068 1984
2114 2095 2344
2111 2114 2259
2095 2114 2111
2259 2114 2112
2131 2113 2112
2344 2095 2096
2135 2133 2100
2098 2081 2067
2116 2117 2260
2391 2313 2116
2045 2116 2107
2124 2107 2032
2118 2127 2119
1952 2108 1980
2239 2119 2109
2038 2120 2111
2120 2095 2111
2256 2096 2252
2100 2122 2130
2274 2278 2273
2100 2156 2135
2435 2156 2157
2429 2428 2426
2130 2428 2157
2098 2123 2081
2126 2124 2032
2109 2119 2127
2126 2244 2125
2265 2129 2125
2126 2127 2124
2126 2125 2127
2128 2127 2125
2128 2052 2240
2244 2246 2125
2051 2054 1987
2052 2125 2129
2125 2247 2265
2341 2121 2346
2136 2139 2134
2100 2130 2156
2122 2428 2130
2118 2119 2101
2112 2337 2341
2160 2138 2136
2134 2084 2133
2133 2135 2134
2134 2135 2136
2081 2084 2067
2067 2084 2080
2135 2156 2136
2435 2160 2156
2140 2143 2142
2138 2139 2136
2138 2160 2132
2140 2139 2138
2137 2138 2132
2269 2143 2144
2140 2138 2137
2139 2142 2155
2269 2144 2270
2142 2139 2140
2143 2140 2137
2165 2268 2170
2143 2141 2142
2150 2142 2141
2145 2134 2148
2144 2143 2137
2267 2137 2132
2144 2137 2267
2267 2266 2144
2267 2436 2266
2144 2266 2271
2267 2132 2160
2139 2155 2134
2149 2150 2141
2156 2130 2157
2268 2149 2141
2153 2150 2149
2153 2149 2165
2150 2161 2158
2161 2150 2153
2152 2153 2165
2154 2153 2152
2270 2281 2269
2158 2162 2147
2162 2161 2167
2142 2150 2155
2148 2155 2150
2148 2150 2158
2148 2158 2145
2160 2435 2146
2158 2161 2162
2170 2151 2165
2183 2184 2185
2267 2160 2146
2156 2160 2136
2145 2158 2147
2167 2161 2154
2152 2151 2163
2163 2154 2152
2163 2179 2177
1951 2263 2164
2151 2171 2179
2188 2168 2163
2168 1979 2167
2169 2164 2263
2182 2164 2169
2152 2165 2151
2352 2175 2183
2166 2178 2171
2168 2167 2154
2163 2168 2154
2188 2182 2301
2170 2166 2171
2149 2268 2165
2282 2281 2159
2282 2166 2281
2178 2166 2172
2282 2284 2172
2172 2284 2173
2187 2180 2190
2075 2169 2263
2174 2087 2258
2282 2159 2283
2379 2389 2380
2164 2181 2187
2164 2182 2181
2178 2191 2179
2176 2191 2180
2181 2188 2177
2179 2163 2151
2181 2177 2176
2176 2180 2181
1979 2085 2162
2183 2173 2284
2184 2183 2175
2173 2178 2172
2178 2179 2171
2177 2179 2176
2183 2185 2173
2187 2181 2180
2258 2169 2174
2383 2249 2384
2178 2186 2191
2173 2185 2302
2186 2189 2191
2173 2186 2178
2190 2189 2393
2164 2187 1951
2182 2188 2181
2179 2191 2176
2302 2186 2173
2187 2190 1951
2190 2180 2191
2190 2393 2264
2190 2191 2189
1826 2192 1866
1867 2192 1879
1823 2193 1824
2194 2193 1823
1883 1970 2194
1916 2195 1909
1890 2195 1917
1851 1920 2196
1961 1899 1921
2203 2208 2218
1852 1851 2197
1851 1880 2197
2198 1870 1971
1932 2198 1986
2049 2206 2039
2214 2221 2206
2204 2214 2206
2205 2204 2206
2234 2233 1978
2066 1976 2372
2372 2445 2438
2445 1976 2446
2043 2201 2373
2043 2373 2202
2373 2201 2200
2319 2368 2363
1920 2203 1936
2210 2211 1932
2216 2223 2215
2205 1936 2204
628 2205 2049
1972 1936 2205
2203 2204 1936
2209 1852 2197
2213 2059 2210
2212 2209 2211
2212 2218 2208
1852 2208 2203
2208 2209 2212
2208 1852 2209
2219 2212 2215
2217 2059 2053
2204 2207 2214
2214 2207 1924
1932 2211 2209
2211 2216 2215
2212 2211 2215
2219 2207 2212
1924 2207 2219
2210 2217 2216
2220 2219 2215
2217 2223 2216
2053 2058 2217
2210 2216 2211
2217 2226 2223
2204 2218 2207
2203 2218 2204
2215 2223 2220
2229 1924 2220
2221 2214 2230
2228 2229 2220
2225 2223 2226
2220 2223 2227
2226 2305 2225
2227 2223 2225
2227 2225 2224
2305 2306 2224
2228 2220 2227
2305 2226 2058
2242 2056 2241
2304 2224 2306
2214 1924 2230
2228 2374 2229
2229 2374 2307
2303 2231 2002
2232 2235 2407
1978 2233 2199
2407 2417 2232
1977 2234 1978
2234 1994 1837
2235 2233 2234
2423 2235 2072
2431 2236 2438
2237 1958 2089
2090 2119 2239
2055 2238 2237
1947 2237 2238
2239 2237 2090
2109 2128 2240
2055 2237 2239
2055 2239 2240
2055 2052 2062
2058 2056 2242
2246 2247 2125
2242 2241 2249
2332 2326 2327
2126 2245 2244
2246 2248 2247
2245 2126 2032
2313 2332 2032
2054 2247 1987
2260 2321 2116
2327 2244 2245
2315 2318 2250
2314 2327 2243
2250 2241 1987
2248 2246 2314
2248 2315 2250
2248 2250 1987
2250 2249 2241
2305 2249 2306
2251 2030 2253
2048 2252 1923
2251 2252 2048
2202 2319 2255
2255 2257 2253
2255 2253 2254
2257 2255 2319
2292 2277 2280
1950 2257 2319
2029 2254 2030
2343 2340 2339
2131 2341 2346
2256 1950 2343
2253 2257 2252
2257 2256 2252
2251 2253 2252
2085 2258 2086
1979 2258 2085
2112 2113 2259
2262 2261 2260
2321 2260 2322
2110 2260 2117
2260 2110 2262
2261 2262 2263
2190 2264 1951
2313 2391 2326
2323 2392 2322
2264 2393 2323
2266 2436 2272
2146 2436 2267
2269 2141 2143
2141 2269 2268
2281 2268 2269
2271 2270 2144
2275 2292 2290
2266 2272 2271
2273 2275 2272
2450 2278 2351
2272 2436 2430
2273 2278 2276
2271 2275 2290
2275 2276 2292
2292 2276 2277
2347 2341 2338
2364 2280 2277
2278 2277 2276
2275 2273 2276
2298 2299 2355
2364 2348 2293
2285 2289 2294
2170 2281 2166
2268 2281 2170
2159 2281 2270
2166 2282 2172
2362 2293 2288
2289 2283 2159
2284 2352 2183
2282 2283 2284
2283 2289 2352
2352 2289 2285
2377 2379 2380
2352 2354 2175
2289 2159 2287
2290 2270 2271
2291 2292 2280
2362 2288 2285
2287 2294 2289
2279 2300 2288
2354 2285 2288
2294 2287 2291
2159 2270 2290
2287 2159 2290
2287 2290 2291
2291 2280 2294
2362 2285 2294
2290 2292 2291
2360 2356 2369
2279 2288 2293
2299 2359 2367
2288 2300 2286
2362 2294 2280
2279 2359 2299
2295 2298 2366
2355 2365 2366
2363 2296 2366
2366 2298 2355
2297 2300 2299
2297 2299 2298
2354 2288 2286
2169 2301 2182
1979 2168 2301
2188 2301 2168
1979 2301 2169
2385 2185 2184
2243 2325 2333
2330 2394 2329
2302 2335 2331
2199 2410 2446
2217 2210 2059
2304 2227 2224
2304 2312 2311
2225 2305 2224
2249 2305 2242
2250 2384 2249
2255 2043 2202
2018 2221 2308
2200 2308 2373
2308 2230 2307
2229 2307 2230
2309 2374 2228
2227 2309 2228
2304 2309 2227
2310 2311 2312
2317 2306 2316
2222 2304 2311
2375 2309 2222
2374 2309 2375
2304 2306 2312
2309 2304 2222
2312 2317 2310
2306 2317 2312
2383 2316 2306
2107 2313 2032
2315 2314 2243
2248 2314 2315
2315 2243 2333
2386 2385 2184
2249 2383 2306
2250 2318 2384
2384 2385 2386
1923 2252 2096
2255 2254 2043
2339 2256 2343
2320 2324 2326
2261 2323 2322
2391 2321 2320
2321 2322 2320
2261 2322 2260
2264 2323 2261
2323 2393 2392
2328 2326 2324
2320 2322 2324
2328 2324 2392
2392 2324 2322
2333 2328 2330
2244 2314 2246
2326 2325 2327
2332 2327 2245
2243 2327 2325
2325 2326 2328
2328 2392 2394
2335 2385 2336
2330 2329 2333
2331 2334 2189
2189 2186 2331
2331 2186 2302
2331 2329 2394
2032 2332 2245
2326 2332 2313
2333 2325 2328
2336 2333 2329
2315 2333 2318
2327 2314 2244
2393 2334 2392
2189 2334 2393
2385 2318 2336
2329 2331 2335
2333 2336 2318
2329 2335 2336
2344 2337 2114
2112 2341 2131
2341 2337 2338
2114 2337 2112
2340 2342 2338
2337 2340 2338
2344 2340 2337
2121 2341 2347
2370 2343 1950
2357 2340 2343
2344 2339 2340
2277 2278 2450
2357 2342 2340
2096 2256 2344
2256 2339 2344
2351 2395 2450
2351 2278 2350
2349 2396 2047
2047 2094 2131
2349 2346 2121
2411 2404 2345
2342 2347 2338
2347 2348 2121
2278 2274 2350
2396 2408 2047
2346 2349 2047
2121 2450 2349
2430 2273 2272
2157 2428 2434
2395 2349 2450
2449 2412 2447
2395 2351 2345
2275 2271 2272
2283 2352 2284
2354 2352 2285
2175 2354 2353
2353 2184 2175
2286 2353 2354
2293 2361 2279
2370 1950 2371
2365 2367 2370
2342 2360 2347
2357 2343 2358
2358 2356 2357
2358 2343 2370
2357 2356 2342
2342 2356 2360
2361 2360 2369
2358 2369 2356
2279 2361 2359
2364 2277 2450
2280 2364 2362
2279 2299 2300
2361 2293 2360
2362 2364 2293
2364 2450 2348
2365 2363 2366
2363 2368 2296
2295 2366 2296
2359 2369 2367
2299 2367 2355
2293 2348 2360
2360 2348 2347
2373 2374 2368
2374 2296 2368
2361 2369 2359
2370 2369 2358
2367 2369 2370
2371 2365 2370
2372 2438 2236
2319 2202 2368
2230 2308 2221
2308 2307 2374
2368 2202 2373
2311 2380 2222
2295 2376 2389
2296 2376 2295
2380 2311 2377
2377 2311 2310
2378 2377 2310
2316 2378 2310
2353 2382 2184
2377 2381 2379
2310 2317 2316
2316 2383 2386
2378 2316 2382
2381 2378 2382
2386 2383 2384
2389 2376 2375
2286 2300 2381
2382 2353 2286
2300 2297 2381
2387 2390 2297
2382 2286 2381
2381 2377 2378
2385 2384 2318
2185 2385 2335
2184 2382 2386
2316 2386 2382
2387 2297 2298
2379 2388 2389
2295 2387 2298
2390 2388 2379
2389 2388 2387
2381 2390 2379
2295 2389 2387
2390 2381 2297
2388 2390 2387
2321 2391 2116
2326 2391 2320
2394 2392 2334
2394 2334 2331
2328 2394 2330
2395 2345 2404
2121 2348 2450
2363 2365 2371
2371 1950 2319
2371 2319 2363
2374 2375 2376
2308 2374 2373
2296 2374 2376
2302 2185 2335
2380 2375 2222
2375 2380 2389
2395 2396 2349
1948 1991 1992
2423 2073 2397
2400 2406 2413
2073 2423 2071
2423 2407 2235
2401 2073 2070
2400 2413 2414
2401 2070 2443
2401 2397 2073
2399 2398 2400
2403 2400 2398
2398 2399 2401
2401 2399 2397
2403 2398 2402
2403 2402 2408
2402 2398 2443
2405 2402 2443
2402 2405 2408
2405 2443 2444
2400 2403 2406
2411 2418 2404
2438 2409 2432
2410 2199 2233
2047 2408 2405
2396 2395 2404
2406 2396 2404
2403 2408 2406
2396 2406 2408
2416 2417 2407
2416 2439 2432
2417 2416 2409
2411 2345 2412
2274 2430 2437
2423 2424 2420
2399 2400 2414
2412 2345 2351
2413 2406 2404
2413 2415 2414
2351 2350 2412
2412 2350 2447
2415 2411 2448
2399 2414 2397
2415 2413 2418
2232 2410 2233
2232 2417 2410
2415 2418 2411
2404 2418 2413
2415 2448 2419
2425 2424 2419
2422 2435 2434
2420 2440 2407
2397 2424 2423
2420 2441 2440
2407 2440 2416
2432 2439 2442
2433 2421 2440
2422 2146 2435
2448 2425 2419
2424 2397 2414
2407 2423 2420
2422 2434 2433
2414 2415 2419
2115 2081 2123
2427 2123 2236
2431 2427 2236
2122 2427 2426
2115 2427 2122
2122 2426 2428
2123 2427 2115
2426 2442 2429
2429 2421 2433
2426 2431 2442
2427 2431 2426
2432 2431 2438
2421 2439 2440
2433 2434 2429
2428 2429 2434
2434 2435 2157
2430 2436 2441
2146 2422 2436
2436 2422 2441
2430 2441 2425
2437 2430 2425
2411 2449 2448
2416 2432 2409
2438 2445 2446
2433 2440 2441
2441 2424 2425
2433 2441 2422
2430 2274 2273
2350 2274 2437
2440 2439 2416
2432 2442 2431
2421 2442 2439
2444 2443 2069
2409 2446 2410
2438 2446 2409
2410 2417 2409
2414 2419 2424
2437 2447 2350
2437 2425 2448
2437 2448 2447
2412 2449 2411
2448 2449 2447
2441 2420 2424
1224 1351 2477
112 2475 2474
1222 2469 1223
2473 1336 2465
2460 2 2476
1222 1221 2466
3 4 2459
1 2460 2461
2473 1220 1336
2463 138 112
1 2461 2462
98 1 2462
2470 2471 2467
1219 2467 2471
2476 2459 2460
2458 2459 4
1219 2471 2465
2471 2470 2451
164 2472 5
98 2462 58
2454 2466 2453
2464 2466 1221
1324 1224 2468
2477 1351 2469
2462 2475 58
2469 1351 1223
1 2 2460
2471 2451 2465
1219 2465 1336
2454 2455 2469
2457 2468 2456
2473 2452 2464
1324 2468 1311
2477 2456 2468
1311 2468 2457
2458 5 2472
2477 2469 2455
1311 2472 164
1222 2454 2469
2452 2466 2464
2492 2470 2467
112 2474 2463
2451 2470 2508
1220 2473 2464
2470 2492 2508
4 5 2458
2453 2466 2452
3 2459 2476
2456 2477 2455
2477 2468 1224
2454 1222 2466
2472 1311 2457
2495 2494 2478
1822 2495 1821
1822 1823 2494
623 757 2497
1942 1925 2483
1827 2506 1826
2494 2495 1822
2506 1825 1826
1828 1829 2496
1827 1828 2496
2489 619 2498
2506 1827 2496
2492 2499 2508
2492 2495 2499
2487 2486 2500
757 2500 2497
2492 1821 2495
2503 2500 622
2499 2495 2478
2494 1824 1825
622 2500 756
2479 2506 2496
2494 2506 2478
2494 1823 1824
1942 2483 2507
1829 2480 2496
620 2502 701
2507 2483 2482
2507 2481 1829
1925 624 2493
2493 2483 1925
2481 2507 2482
2463 2491 2504
2498 619 723
756 2500 757
623 2497 2505
2490 723 2504
2500 2501 2487
696 2502 2503
622 621 2503
2498 723 2490
701 2502 696
620 619 2502
2479 2496 2480
2505 2493 623
2485 2497 2486
2489 2502 619
2485 2484 2493
2505 2497 2485
2501 2503 2502
2486 2497 2500
2500 2503 2501
696 2503 621
2488 2502 2489
2502 2488 2501
2463 2504 138
2490 2504 2491
2493 2505 2485
623 2493 624
2506 2479 2478
2506 2494 1825
2484 2483 2493
2480 1829 2481
1844 1956 1843
1313 1243 1845
1845 2492 1313
1229 1228 1227
640 878 800
641 640 800
832 641 800
1225 1378 1308
1237 1423 1236
1225 1308 12
19 20 21
18 19 21
837 832 800
25 170 26
1225 12 13
797 753 705
18 21 22
17 18 22
1840 1841 1842
1230 1229 1227
2028 1837 1994
1968 2033 2015
705 1968 2015
1836 2028 1994
797 705 2015
25 26 145
14 213 15
1835 1836 1994
1834 1835 1994
1833 1834 1994
1832 1833 1994
1831 1832 1994
800 639 638
17 22 23
1840 1842 1238
24 25 145
1231 1230 1227
1232 1231 1227
1233 1232 1227
1233 1227 1523
1234 1233 1523
1225 13 14
1840 1238 1370
797 2015 1830
24 145 171
24 171 711
24 711 763
24 763 762
24 762 644
781 797 1830
636 781 1830
1226 1360 1225
1839 1840 1370
1839 1370 1237
23 24 644
17 23 644
1234 1523 1226
1225 14 15
1226 1225 15
17 644 643
1839 1237 1236
1831 1994 1838
1831 1838 1839
1226 15 16
637 636 1830
17 643 642
17 642 837
17 837 800
17 800 638
17 638 637
17 637 1830
17 1830 1831
17 1831 1839
16 17 1839
16 1839 1236
1236 1235 1234
16 1236 1234
16 1234 1226
41 69 40
42 68 41
43 67 42
40 59 58
58 73 40
41 40 74
41 74 42
43 42 70
140 109 36
3 2476 2
163 3 2
35 163 2
35 2 51
35 51 116
34 115 35
116 34 35
110 35 117
110 117 36
140 36 108
655 690 678
620 687 723
656 685 655
723 677 620
689 620 676
689 676 678
655 678 697
656 655 697
646 718 645
647 717 646
645 721 696
716 725 647
671 716 647
744 647 646
744 646 645
621 645 696
621 696 953
622 953 645
1247 1319 1246
1222 1323 1221
1221 1266 1222
1345 1247 1246
1346 1246 1321
1346 1321 1245
1277 1245 1322
1277 1322 1244
1244 1222 1327
1336 1491 2464
1219 1490 1336
1261 1219 1336
1280 1336 2464
1302 1289 1253
1294 1302 1253
1297 1253 1291
1297 1291 1252
1336 1252 1220
2464 1220 1280
1855 1943 1825
1876 1862 1823
1888 1857 1893
1888 1893 1918
1888 1918 1894
1825 2193 1855
1876 1823 1874
1824 1855 1884
1824 1884 1856
1874 1824 1856
1856 1922 1855
1856 1855 1876
1888 1894 1856
1874 1856 1876
1826 1898 1827
1846 1828 1939
1937 1849 1955
1937 1955 1848
1866 1826 1827
1941 1848 1897
1941 1897 1847
1939 1847 2192
1939 2192 1846
1919 1846 1827
2498 2490 2491
2484 2485 2486
2465 2451 2508
2473 2465 2508
2473 2508 2499
2473 2499 2478
2452 2473 2478
2453 2452 2478
2454 2453 2478
2455 2454 2478
2456 2455 2478
2457 2456 2478
2472 2457 2478
2458 2472 2478
2458 2478 2479
2459 2458 2479
2460 2459 2479
2460 2479 2480
2486 2487 2501
2484 2486 2501
2460 2480 2481
2460 2481 2482
2483 2484 2501
2483 2501 2488
2483 2488 2489
2482 2483 2489
2460 2482 2489
2475 2462 2461
2474 2475 2461
2474 2461 2460
2474 2460 2489
2474 2489 2498
2474 2498 2491
2474 2491 2463