-0.00761813 -0.08755788 0.15728745
0.01028091 -0.08790050 0.15729877
0.02181154 -0.08785821 0.14969501
0.03620667 -0.08707757 0.15235485
0.05482382 -0.07827161 0.13727887
0.07595053 -0.23843372 0.13837706
0.06036975 -0.32689199 0.14187533
0.05113446 -0.36774465 0.14302343
0.03615367 -0.46143523 0.13385203
0.03373801 -0.49611932 0.12951586
0.02951667 -0.56094378 0.12065168
0.02697094 -0.68073559 0.11994789
0.01984956 -0.68354446 0.14256470
0.01685016 -0.68514901 0.15563641
-0.04109770 -0.69444996 0.20357850
-0.05015596 -0.69705611 0.19896062
-0.04994912 -0.69656396 0.19604231
-0.04076964 -0.69417554 0.18912363
-0.03592178 -0.69273704 0.18535066
-0.03382745 -0.69229263 0.18145166
-0.03686674 -0.69276178 0.17504075
-0.04178568 -0.69596660 0.15900168
-0.04526142 -0.69697738 0.15038356
-0.04655768 -0.69546843 0.14391358
-0.04919206 -0.69046634 0.12941617
-0.06793589 -0.68062556 0.09662402
-0.11435749 -0.63752413 0.08497747
-0.12241758 -0.57941377 0.09243648
-0.13146491 -0.41594276 0.10900972
-0.13846193 -0.38729474 0.10681877
-0.12922196 -0.34669447 0.11560187
-0.12002432 -0.27630207 0.11139490
-0.10466817 -0.16017564 0.11624060
0.01878748 -0.10215516 0.15449710
0.01514495 -0.11692160 0.15827547
0.00956567 -0.14499940 0.16454360
0.00996140 -0.18329580 0.16938135
-0.00452300 -0.20063159 0.16964975
-0.00861769 -0.21878272 0.17060845
-0.02197647 -0.10354778 0.15145919
-0.02587456 -0.11790415 0.15303673
-0.02937471 -0.13599341 0.15394725
-0.03465530 -0.16163610 0.15406723
-0.03552756 -0.18704857 0.15563081
-0.04244119 -0.17505901 0.15212601
-0.05423399 -0.23409016 0.14871112
-0.04948283 -0.10322373 0.15111397
-0.04911398 -0.12969932 0.16019110
-0.05014914 -0.15759188 0.16420667
-0.05312926 -0.18732016 0.16696164
0.00112390 -0.09873626 0.16549756
0.00150805 -0.11239716 0.17114867
0.00116855 -0.12794580 0.17412564
0.00020841 -0.14340058 0.17704239
-0.00313563 -0.16927439 0.18064903
-0.00575318 -0.19047585 0.18238132
-0.04862428 -0.11387756 0.14343125
-0.04152409 -0.08805570 0.14728543
-0.03657423 -0.09910648 0.15146117
-0.03541129 -0.15237826 0.16333365
-0.01945696 -0.18458834 0.16318162
-0.00399534 -0.16790473 0.17377351
0.01036979 -0.15175712 0.17389317
0.00650443 -0.10894307 0.16229443
-0.06405594 -0.11530397 0.13624491
-0.03877331 -0.12284745 0.15114404
-0.03980863 -0.14984706 0.15854180
-0.03807525 -0.12641753 0.15565357
-0.03390982 -0.11294755 0.15414234
-0.03117011 -0.15322983 0.15854152
-0.03060862 -0.13710810 0.16204230
-0.01295507 -0.15044342 0.16576171
-0.03468696 -0.09510148 0.15384178
-0.02800573 -0.11190221 0.15913571
0.00049281 -0.17787826 0.16795224
-0.01291134 -0.21111587 0.16597806
-0.01515438 -0.22748865 0.17849240
0.00422237 -0.15110397 0.17671897
0.00639235 -0.16716400 0.17836358
0.00943395 -0.11035208 0.16805093
0.01088917 -0.13098578 0.17122826
0.00008414 -0.18213905 0.18234901
-0.00367722 -0.11533917 0.16304114
0.00983314 -0.20587532 0.17376019
0.00789419 -0.19751060 0.18025959
0.01513673 -0.19714342 0.16493726
0.01978581 -0.21779910 0.16075377
-0.01260340 -0.23137929 0.16470048
0.01336220 -0.22035003 0.16921873
0.01745753 -0.17443654 0.16017193
-0.04893592 -0.18598033 0.15836158
-0.03637384 -0.18380812 0.16249725
-0.03360670 -0.16557877 0.16134000
-0.05561002 -0.23275733 0.16835369
-0.01174674 -0.34621063 0.19217016
0.03445009 -0.11505330 0.15512010
-0.04472485 -0.15902717 0.15128170
-0.02878534 -0.08929068 0.14782722
-0.05117880 -0.14660558 0.15847981
-0.04650625 -0.11337844 0.15192661
-0.03734716 -0.11057689 0.15840104
-0.03930968 -0.12711208 0.16105968
-0.02685777 -0.17803012 0.15715073
-0.03180484 -0.20413825 0.15419452
-0.00999727 -0.19714066 0.17708102
-0.00698719 -0.18264741 0.17955250
-0.03055284 -0.21365704 0.15424716
0.00988093 -0.16843069 0.17246424
-0.00327433 -0.15330121 0.17444487
0.00071787 -0.13334149 0.16864109
-0.00030828 -0.12187768 0.16996378
-0.07356265 -0.08816563 0.13213614
-0.05208202 -0.17583425 0.15995897
-0.04770942 -0.13502426 0.15596366
0.01699772 -0.10823327 0.16142939
0.01534063 -0.09592293 0.16105390
0.01449754 -0.13313255 0.16580796
0.00412653 -0.21404558 0.18591343
0.02862111 -0.27884188 0.15637726
0.02359179 -0.13510664 0.15402123
-0.00012389 -0.45799467 0.19120798
-0.08987920 -0.63374221 0.08972736
-0.09620063 -0.65238172 0.08575995
-0.04977076 -0.66065317 0.13204493
-0.04830213 -0.19687502 0.15083843
-0.04236172 -0.18429038 0.15483035
-0.04442382 -0.16473980 0.16659713
-0.04298768 -0.19805449 0.16886319
-0.05288284 -0.23090620 0.15911944
-0.05145162 -0.65368193 0.18867199
0.01873439 -0.65246791 0.14084993
0.05441989 -0.10963234 0.14275141
-0.01250182 -0.19801414 0.16559251
-0.00920690 -0.20010203 0.18175681
0.00020445 -0.20341596 0.18525445
0.06566191 -0.14861758 0.14272749
0.07718027 -0.20395628 0.14161763
-0.08537661 -0.09350868 0.11889864
-0.04266349 -0.16916265 0.16009195
0.00771553 -0.16174826 0.16726328
-0.08881630 -0.40161613 0.12582605
-0.08832879 -0.23878773 0.12933584
-0.10581625 -0.27301082 0.11763803
-0.07503080 -0.61603719 0.10455330
-0.08574237 -0.67857438 0.08844621
-0.03921487 -0.67269385 0.15160832
-0.10488676 -0.18767333 0.11746382
-0.09126403 -0.19646250 0.12862322
-0.08968227 -0.15876748 0.13088724
-0.05330892 -0.19629516 0.16238444
-0.05222592 -0.20141193 0.16897164
-0.05522363 -0.20727888 0.16414066
-0.04830237 -0.21225944 0.17113326
-0.05442791 -0.22122769 0.16790004
-0.04334237 -0.22616296 0.16740696
-0.04961361 -0.23367999 0.17174014
-0.03876555 -0.23346578 0.15864889
-0.03758546 -0.20487942 0.15890577
-0.05039303 -0.22869031 0.15260141
-0.05072645 -0.67767245 0.19270784
-0.03769165 -0.66455936 0.19818391
0.03422519 -0.65891194 0.11675858
0.02555281 -0.10968112 0.15181382
0.08770000 -0.07994277 0.11655763
-0.08041028 -0.11478664 0.13175806
0.06250349 -0.22853395 0.15194759
-0.06049367 -0.22083782 0.14685528
-0.10444231 -0.63342166 0.08539520
-0.10400732 -0.66762429 0.08417641
-0.05090572 -0.68455994 0.11019602
-0.09272786 -0.67776942 0.08643012
-0.04690313 -0.68591833 0.13878070
-0.04296695 -0.69122100 0.15292177
-0.06124325 -0.17611580 0.14487316
-0.08602743 -0.18644080 0.13450372
-0.04753630 -0.20419471 0.15860495
0.06953835 -0.27698901 0.14170259
0.03117539 -0.46221137 0.14850429
0.02388643 -0.49403849 0.14119616
-0.11084484 -0.50129259 0.10646597
-0.08755974 -0.31554535 0.12718123
-0.04989924 -0.20841227 0.14950965
-0.06300229 -0.23829064 0.14445387
-0.05710099 -0.25308430 0.14810286
-0.06612243 -0.25860801 0.14098257
-0.07880054 -0.28166831 0.13417912
-0.06705372 -0.27638549 0.14075197
-0.10136522 -0.22579181 0.12082899
-0.09736373 -0.58315200 0.09292322
-0.10504625 -0.59967899 0.08818234
-0.08798454 -0.59743333 0.09730114
-0.03400812 -0.68606615 0.17768620
-0.07475385 -0.20518015 0.14052546
-0.05163610 -0.68769556 0.19733036
0.05027788 -0.36470675 0.15425567
-0.03667554 -0.68347549 0.20196079
-0.04753623 -0.69033343 0.19850825
0.01960839 -0.62035513 0.14472343
0.02472372 -0.59968144 0.12736979
0.04055315 -0.14887711 0.15367451
0.05665701 -0.32868034 0.15415245
0.02446292 -0.51984876 0.13544461
-0.09934501 -0.34514639 0.12465741
-0.11739083 -0.33077276 0.11847359
-0.07397372 -0.27054521 0.13757303
-0.06044757 -0.28249657 0.14590524
-0.07583478 -0.58402836 0.10967011
-0.09514559 -0.61952692 0.08905888
-0.03520899 -0.68664587 0.18306030
0.02482921 -0.56903863 0.12936649
0.02303681 -0.55079526 0.13454133
-0.00249356 -0.67587215 0.18508279
0.00276502 -0.68873680 0.17894450
-0.02696518 -0.66050917 0.19745167
0.04638046 -0.12924971 0.15047123
0.06522759 -0.28075162 0.15088736
0.06370588 -0.23815869 0.15157264
0.03936012 -0.42182714 0.15181011
0.01595825 -0.41106138 0.15833293
0.03185850 -0.50861335 0.12423871
-0.12184379 -0.38709363 0.11627806
-0.10222282 -0.42858785 0.11803738
-0.11319583 -0.45873192 0.10991979
-0.10548283 -0.53778297 0.09870829
-0.11781080 -0.55334747 0.09653422
-0.07644636 -0.32069549 0.13426466
-0.07072203 -0.33594415 0.13675120
-0.06574850 -0.29808313 0.14142138
-0.08893923 -0.56631565 0.10297619
-0.03681326 -0.68240625 0.17004411
-0.03794872 -0.68345147 0.18534593
-0.05176900 -0.67665088 0.19653830
-0.04339180 -0.67623508 0.19729240
0.01072275 -0.57220703 0.15325657
0.03532240 -0.38427460 0.15422219
0.04470782 -0.40166181 0.15178175
-0.04116708 -0.64588970 0.19482769
-0.04675955 -0.65674752 0.19437665
0.02040439 -0.25460422 0.15981226
0.01666137 -0.24922079 0.16814789
0.01283028 -0.44607136 0.15872701
0.01147616 -0.54666191 0.16624562
-0.09682830 -0.47530770 0.11278033
-0.04417383 -0.69013804 0.14730394
-0.04669589 -0.66670930 0.14573786
-0.04907749 -0.66067117 0.13802966
-0.04043054 -0.67876858 0.14884470
-0.05059588 -0.64939755 0.14508030
-0.05740720 -0.65937698 0.10892867
-0.08015314 -0.65707332 0.09249912
-0.03382061 -0.66711420 0.17575721
-0.04265414 -0.68112344 0.18854849
0.01471175 -0.37717870 0.16307890
-0.05084236 -0.65075052 0.19328642
0.01173767 -0.65742856 0.16831130
0.04708324 -0.28706396 0.15437323
-0.04322584 -0.67817146 0.14408486
-0.06424485 -0.63807362 0.10534950
-0.05289964 -0.66071194 0.19216752
-0.03741608 -0.63610029 0.17949128
0.01496183 -0.58165568 0.14663555
-0.05295479 -0.65898585 0.19399989
0.00158288 -0.65426099 0.18363051
0.00923401 -0.61840457 0.17787050
0.02813298 -0.34449676 0.15680495
0.02222523 -0.33089066 0.15741943
-0.07272478 -0.65628445 0.09992202
-0.03695813 -0.65232712 0.18050554
-0.04131720 -0.65099943 0.18263346
-0.05429006 -0.65130550 0.19210239
-0.05085368 -0.64003062 0.18599389
-0.05447059 -0.64459127 0.18972783
-0.05385910 -0.63576198 0.14153858
-0.03476333 -0.64980304 0.17365187
-0.05474671 -0.62750328 0.18956690
-0.05033246 -0.62905878 0.19235408
0.02160561 -0.30644625 0.15831700
-0.03577532 -0.64372396 0.17786451
-0.03591599 -0.65756565 0.17862059
-0.03847266 -0.66499156 0.18334641
-0.05497302 -0.61957312 0.18702354
-0.05344237 -0.61846465 0.19023803
-0.05381894 -0.64225709 0.19191150
0.00856605 -0.58482677 0.16405044
0.00862449 -0.56653208 0.17376360
0.00722962 -0.59546685 0.18032001
-0.01266673 -0.62260032 0.19164473
-0.04256841 -0.61773145 0.19287565
-0.03791196 -0.62653786 0.19437248
-0.01271854 -0.21257165 0.17687057
-0.00848053 -0.20969054 0.18370181
-0.02366872 -0.28827947 0.15702951
-0.04202259 -0.25783443 0.16308668
0.03802331 -0.24711987 0.15434159
0.05247730 -0.18660231 0.15215887
0.02959913 -0.19491528 0.15484910
-0.05696169 -0.25050867 0.16841649
-0.05550555 -0.24919406 0.16052002
-0.04618412 -0.24452059 0.17087631
-0.04447108 -0.27291861 0.16835506
-0.05571317 -0.29891711 0.17130306
-0.05707470 -0.26222026 0.16412619
-0.05512618 -0.26029739 0.15644126
-0.05648762 -0.26384711 0.15062162
-0.05675327 -0.27344048 0.15917282
-0.05901110 -0.29620433 0.16033381
-0.05946575 -0.29866943 0.16560975
-0.05782023 -0.27548561 0.16835749
-0.07871469 -0.30621824 0.13380475
-0.06108612 -0.29646376 0.14755109
-0.05985549 -0.32421172 0.15566196
-0.05714640 -0.35056576 0.17012262
-0.06055039 -0.30729187 0.15392011
-0.06044329 -0.32634035 0.16238973
-0.05985432 -0.31552321 0.15928228
-0.06171398 -0.33899984 0.15879881
-0.05966924 -0.31629518 0.16594732
-0.05622065 -0.32669926 0.17115803
-0.04857042 -0.29979461 0.17187938
-0.05945119 -0.34230000 0.16665064
-0.06214249 -0.36828944 0.16300108
-0.03450190 -0.28812939 0.15673414
-0.00179343 -0.27368510 0.19015418
0.01715511 -0.29170829 0.16450801
0.01387743 -0.28093493 0.17532746
0.00715367 -0.26094887 0.17966332
0.01237788 -0.23667507 0.17219360
0.00294310 -0.31140944 0.18760617
-0.00656266 -0.25860777 0.18979897
0.00562054 -0.22926670 0.18555976
0.01377408 -0.31280279 0.17777182
-0.01598166 -0.24125570 0.18226539
-0.01473421 -0.26351690 0.18609205
-0.00980830 -0.23135206 0.18646529
-0.01548397 -0.23458537 0.17580217
-0.01834519 -0.25603673 0.16325256
-0.01894862 -0.26131371 0.17618595
-0.01472950 -0.25255090 0.16967984
-0.02483066 -0.30490509 0.18103147
-0.01467340 -0.28366497 0.18889415
-0.01223712 -0.30103073 0.19050643
-0.01835395 -0.30119511 0.18681133
0.01207518 -0.47208920 0.18165097
0.00853087 -0.50993603 0.16275537
0.01155336 -0.51266974 0.17467232
0.01088414 -0.54785460 0.15337190
-0.04655672 -0.66236275 0.15178813
-0.04111291 -0.66388923 0.15370084
-0.03518092 -0.66832972 0.15967119
-0.04014355 -0.64993542 0.15687209
-0.03567170 -0.67101276 0.18129137
-0.03414318 -0.65841371 0.17243508
-0.03395645 -0.66558427 0.16768657
0.00902269 -0.61484563 0.16532844
0.02004272 -0.23662017 0.16015758
0.01113733 -0.38088357 0.18570499
0.01444439 -0.39240447 0.16966043
0.01374457 -0.36142752 0.17323866
0.00842125 -0.32749921 0.18508366
0.01569332 -0.32151368 0.17345385
-0.02892584 -0.34201539 0.18005736
-0.00829127 -0.35805318 0.19095084
-0.01861451 -0.34147251 0.18974812
-0.03275158 -0.37420395 0.17759803
-0.02938206 -0.37461847 0.18535452
-0.02511856 -0.33336428 0.18502273
-0.02501919 -0.30377460 0.17607696
-0.02324322 -0.28617647 0.17633732
-0.02646637 -0.31572083 0.17650421
-0.01805008 -0.27877626 0.16662386
-0.02525307 -0.35328552 0.18726230
-0.03072738 -0.35845289 0.18057686
-0.02051679 -0.28428304 0.18231274
-0.02290292 -0.27514073 0.15680820
-0.06642120 -0.60865629 0.10947175
-0.05732222 -0.61074281 0.12639511
-0.04198106 -0.59680414 0.19221665
-0.05046523 -0.60791677 0.19076119
-0.04858996 -0.58117580 0.18995236
-0.03382377 -0.58664858 0.19301735
0.00138167 -0.57615507 0.18733285
-0.05235384 -0.56032324 0.18337378
-0.05396413 -0.61196059 0.18512864
-0.05103464 -0.57131243 0.18717214
-0.03403935 -0.55009729 0.19255565
-0.04685327 -0.56316167 0.18971077
-0.05329508 -0.58019561 0.18602940
-0.05510549 -0.60376668 0.18720305
-0.05285818 -0.57110178 0.18257868
-0.05311310 -0.59184152 0.18847479
-0.03716313 -0.55099499 0.17532858
0.00940717 -0.53927904 0.17732942
-0.05058058 -0.56137836 0.18029192
-0.05334230 -0.24548185 0.15289558
-0.05080886 -0.27916574 0.17173791
-0.06436840 -0.34723115 0.14821728
-0.06344686 -0.35900635 0.15328459
-0.06351288 -0.36929470 0.15734401
-0.03062249 -0.36352468 0.15834001
-0.03739546 -0.33629423 0.16009544
-0.02630081 -0.32466754 0.15787958
-0.04918356 -0.36808020 0.17149036
-0.03731269 -0.31993216 0.16007155
-0.04925844 -0.33761886 0.17240936
-0.03648828 -0.35844547 0.16000494
-0.05553578 -0.37136304 0.17101966
-0.05273945 -0.38964480 0.17152426
-0.02220805 -0.34757307 0.16504823
-0.02881583 -0.30642807 0.15644436
-0.01945596 -0.29746079 0.16240023
-0.02111892 -0.29942116 0.16999966
-0.03042974 -0.35991690 0.17493159
-0.02385968 -0.25302541 0.15658049
-0.02959233 -0.26944581 0.15494351
-0.09212379 -0.42299289 0.12377644
-0.09998528 -0.40608153 0.12179272
-0.07338239 -0.40729025 0.13365740
-0.06611473 -0.37119094 0.14150187
-0.07656713 -0.37294620 0.13242927
-0.09515685 -0.37027541 0.12461830
-0.08431536 -0.38167000 0.12798461
-0.07819478 -0.34828514 0.13191801
-0.08423440 -0.33429036 0.12907678
-0.06419118 -0.46019182 0.14481358
-0.06376791 -0.39830595 0.14601192
-0.06478573 -0.41060409 0.15371431
-0.06317650 -0.43039477 0.14808045
-0.08881888 -0.49606025 0.11297901
-0.08221205 -0.52147084 0.11367699
-0.08030161 -0.54485512 0.11177000
-0.06365613 -0.59278715 0.11634061
-0.05817757 -0.57770962 0.14423890
-0.07130481 -0.54301524 0.11735382
0.01255306 -0.39876869 0.18346807
-0.02126284 -0.41788897 0.19258988
-0.02953023 -0.39648455 0.18666163
-0.00050311 -0.38664824 0.18920152
-0.02170944 -0.36562574 0.19099152
-0.02295985 -0.40304869 0.19190648
0.00359331 -0.42968869 0.18894336
0.01577974 -0.41214979 0.17624862
0.01352008 -0.45305666 0.18090323
0.01564462 -0.43937045 0.16915339
0.00954116 -0.47944108 0.15882668
0.01239269 -0.49187690 0.17409439
0.01139061 -0.46705118 0.16622359
-0.04367641 -0.47367543 0.17883995
-0.03502119 -0.48559025 0.18886827
-0.02419900 -0.46298045 0.19195411
-0.04100849 -0.47462735 0.18450011
-0.00912433 -0.32218206 0.19255114
-0.02125344 -0.27391592 0.17891683
-0.07794382 -0.63201231 0.09967029
-0.04336429 -0.61202049 0.18009843
-0.05062725 -0.60999411 0.18317331
-0.03325704 -0.64513177 0.16483568
-0.03482553 -0.64171320 0.17453204
-0.03790551 -0.61560428 0.17768927
-0.04439579 -0.62600690 0.15669087
-0.05115933 -0.61773932 0.15722074
-0.03418788 -0.62479591 0.16837651
-0.03491671 -0.61031008 0.16759749
-0.03499054 -0.62874138 0.17537302
-0.05666180 -0.60519725 0.15471698
-0.05425258 -0.62403697 0.15322226
-0.05071898 -0.64118266 0.15399422
-0.05277616 -0.63940293 0.14933689
-0.03436917 -0.61283302 0.17305414
-0.05422598 -0.61643952 0.15549332
-0.04602378 -0.64299566 0.15509786
-0.04293130 -0.52273101 0.17681998
-0.06915702 -0.35657042 0.13755956
-0.06274756 -0.35863370 0.16040495
-0.06385431 -0.38435391 0.16138859
-0.06090434 -0.39053887 0.16551933
-0.06424253 -0.37611952 0.15410560
-0.06502702 -0.40769204 0.16078332
-0.05719214 -0.40320551 0.16955970
-0.06181545 -0.41135123 0.16552524
-0.02088352 -0.32595515 0.16465187
-0.02837205 -0.37554199 0.17313531
-0.03521265 -0.37768519 0.15905687
-0.04124936 -0.38740811 0.16390775
-0.02560585 -0.39960620 0.16290261
-0.02818268 -0.38849363 0.15954871
-0.04962545 -0.40782794 0.16955264
-0.03492758 -0.40311423 0.15898463
-0.02567076 -0.33923727 0.15876952
-0.02446220 -0.36362648 0.15986218
-0.02707743 -0.33688670 0.17394522
-0.03563255 -0.23487124 0.15534103
-0.02371243 -0.22598170 0.15715910
-0.01860497 -0.24532624 0.16163430
-0.09289540 -0.44421089 0.12194008
-0.08060269 -0.42786017 0.12827010
-0.07368677 -0.45409590 0.12940452
-0.09878559 -0.45403200 0.11561554
-0.09124624 -0.46433818 0.12099139
-0.07320765 -0.49128336 0.12618782
-0.08159530 -0.46814483 0.12598361
-0.08067085 -0.49766031 0.12303046
-0.06197924 -0.49994841 0.14698888
-0.06528222 -0.47794282 0.15358937
-0.06504410 -0.49914527 0.15345627
-0.06308413 -0.47811812 0.14755814
-0.06152626 -0.55360609 0.15798631
-0.06222781 -0.53123534 0.14974904
-0.06321449 -0.51544678 0.16027899
-0.05891882 -0.51877892 0.16426633
-0.06367090 -0.52531487 0.15485258
-0.06239353 -0.54350758 0.15565820
-0.06043023 -0.54176712 0.16150127
-0.05223164 -0.52582735 0.16482529
-0.09004965 -0.53484595 0.10770451
-0.06018448 -0.52830297 0.14273170
-0.06790624 -0.52843171 0.12493138
-0.06111896 -0.54868644 0.14923772
-0.05791753 -0.57165682 0.13488825
-0.05883690 -0.55152905 0.13951902
-0.02996236 -0.49741474 0.19150771
-0.04488363 -0.48869008 0.18221162
-0.03920930 -0.50394988 0.18799514
-0.04672052 -0.51130015 0.18361242
-0.04562331 -0.51805556 0.17771779
-0.04779233 -0.51700222 0.18035422
-0.04268656 -0.49449465 0.17635508
-0.04535621 -0.49713618 0.17867953
-0.02953475 -0.43272665 0.18984646
-0.01845269 -0.42676565 0.19265661
-0.03588381 -0.43723130 0.18580814
-0.03331777 -0.42490461 0.18652083
-0.05360447 -0.63343889 0.13181806
-0.05551333 -0.61749476 0.14428067
-0.05593741 -0.61332017 0.13984181
-0.03592834 -0.61080307 0.16159995
-0.03303451 -0.58121586 0.17112374
-0.03382622 -0.60174775 0.17258483
-0.04701400 -0.58787853 0.15960442
-0.03914133 -0.59993815 0.17653677
-0.03471636 -0.58636975 0.16420414
-0.03645055 -0.59561718 0.16173249
-0.05487648 -0.57710600 0.16025175
-0.04867368 -0.60069007 0.15896671
-0.05895439 -0.57004631 0.15868908
-0.05800791 -0.55540597 0.16110352
-0.05464543 -0.60188311 0.15812767
-0.06100151 -0.56184322 0.15231803
0.00029878 -0.52914703 0.19038764
-0.04699412 -0.56022316 0.17939994
-0.04831985 -0.58750606 0.18058102
-0.03239459 -0.55920082 0.17124297
-0.03356363 -0.53459704 0.17302376
-0.03292448 -0.55644953 0.16489531
-0.03145853 -0.54185861 0.16537051
-0.03640909 -0.52030689 0.16199960
-0.02997534 -0.52026200 0.16512476
-0.02901917 -0.50876772 0.16727351
-0.03197491 -0.53825486 0.17027180
-0.03741641 -0.57432550 0.17540643
-0.03920991 -0.54997146 0.16148624
-0.05016183 -0.57653874 0.18061115
-0.05304242 -0.58135897 0.18325311
-0.05246681 -0.59647727 0.18326698
-0.06450431 -0.42753601 0.16226752
-0.06480699 -0.42998761 0.15634586
-0.06346913 -0.44421124 0.15146963
-0.06531708 -0.46456313 0.15174361
-0.06122310 -0.46169761 0.16654782
-0.06447422 -0.45323738 0.15479377
-0.06521423 -0.46935171 0.15949631
-0.06204086 -0.43095428 0.16658543
-0.05451145 -0.45176482 0.16831027
-0.06478713 -0.48419744 0.16160008
-0.06518291 -0.44514519 0.16068158
-0.05239142 -0.42107615 0.16966793
-0.06371477 -0.47247219 0.16421266
-0.05603833 -0.47714221 0.16802160
-0.06268299 -0.50657684 0.16258712
-0.06040305 -0.48781785 0.16593239
-0.04514080 -0.45276892 0.16417317
-0.04152636 -0.49850360 0.16372921
-0.05601027 -0.49992651 0.16676541
-0.03478412 -0.49886501 0.16195543
-0.02724779 -0.46960488 0.16555420
-0.03267432 -0.47161111 0.16127525
-0.03924122 -0.47146711 0.16229360
-0.02868477 -0.49035704 0.16430263
-0.03323214 -0.43904933 0.15971263
-0.03321172 -0.48201892 0.17257582
-0.05625501 -0.59149987 0.13686347
-0.05832035 -0.58809477 0.15013160
-0.05603223 -0.61016858 0.14663509
0.00381856 -0.49249113 0.18981729
-0.03793610 -0.43041712 0.17648409
-0.03815736 -0.42808467 0.18085143
-0.04054818 -0.44970050 0.18151633
-0.03569425 -0.42989385 0.17429645
-0.02643196 -0.41431189 0.16859215
-0.03428026 -0.41064721 0.18377918
-0.03652683 -0.41104683 0.17948949
-0.03360273 -0.40588108 0.17509745
-0.05919819 -0.58343726 0.15506391
-0.01205202 -0.50246245 0.19143048
-0.04272336 -0.54369813 0.19029708
-0.03480887 -0.52375853 0.19173902
-0.04979028 -0.53843403 0.18380345
-0.04925002 -0.53254181 0.17962644
-0.00330985 -0.54609948 0.19141760
-0.05204135 -0.55847287 0.16174009
-0.02786018 -0.41016489 0.16027831
-0.03870963 -0.41871852 0.16105491
-0.03969751 -0.42740184 0.16066410
-0.02889036 -0.42724991 0.15997429
-0.02455351 -0.38798004 0.16705398
-0.03228231 -0.50096583 0.17214233
-0.02645053 -0.42889678 0.16463174
-0.03931425 -0.45757735 0.17504001
-0.02976502 -0.45094058 0.17051613
-0.13416941 -0.08044706 0.07320128
-0.14282338 -0.09502821 0.06407373
-0.14631911 -0.08216302 0.03075802
-0.15480407 -0.08182393 0.01928038
-0.14001745 -0.09638523 -0.03086377
-0.13088687 -0.09941147 -0.04902522
-0.13901089 -0.12418561 -0.05472388
-0.15183920 -0.17742328 -0.06200622
-0.15708086 -0.20548160 -0.06025001
-0.15005979 -0.27667317 -0.07002879
-0.14992653 -0.34054521 -0.07494655
-0.14135647 -0.40533054 -0.08091833
-0.13751598 -0.44513512 -0.08439369
-0.13061036 -0.50406307 -0.09169442
-0.13021985 -0.53490657 -0.09300303
-0.12822600 -0.57964301 -0.09493633
-0.11474053 -0.66938835 -0.09846188
-0.17941575 -0.69139719 0.01294508
-0.19391756 -0.69244790 0.02716441
-0.18916510 -0.69048750 0.03645073
-0.17814931 -0.68443412 0.03510178
-0.14048222 -0.66793084 0.02981252
-0.15364033 -0.67046362 0.03852414
-0.20314963 -0.67894053 0.04507975
-0.19645256 -0.67942971 0.06189429
-0.17448317 -0.68004411 0.07299604
-0.15823953 -0.09614649 0.01959956
-0.16193707 -0.11007240 0.02165178
-0.16920511 -0.12930429 0.02117522
-0.17761725 -0.18316814 0.00706211
-0.17539997 -0.20299108 -0.00289971
-0.17784598 -0.22052407 -0.00499813
-0.18112679 -0.23421982 -0.00173574
-0.17540386 -0.16905393 0.01831269
-0.18005489 -0.19798854 0.01613197
-0.18612304 -0.22835994 0.01567620
-0.15067770 -0.13143679 0.06379034
-0.15715338 -0.15405823 0.06363308
-0.16553915 -0.16691574 0.05771434
-0.17069885 -0.19526522 0.05508333
-0.17774771 -0.22858828 0.05194298
-0.15655863 -0.17304511 0.06671160
-0.12460770 -0.09590244 0.08700210
-0.13975219 -0.11998461 0.08616430
-0.15393989 -0.15421435 0.08249104
-0.15563925 -0.08934278 0.04156410
-0.16834651 -0.11010969 0.03679777
-0.17912109 -0.14789262 0.02897792
-0.18781236 -0.18067525 0.02436221
-0.17022014 -0.18914703 -0.01785979
-0.19343834 -0.20860066 0.01129160
-0.17931645 -0.18243581 0.02518886
-0.17277114 -0.15195577 0.02855352
-0.16627219 -0.16315921 0.03997759
-0.17691207 -0.12861314 0.02195523
-0.16118734 -0.14361194 0.07166685
-0.14182618 -0.09884710 0.07818928
-0.13686222 -0.10361797 0.07726035
-0.13375080 -0.09171693 0.07603461
-0.14470610 -0.10843194 0.06455889
-0.18697877 -0.19232601 0.00911202
-0.18534330 -0.20767795 0.00870342
-0.19441995 -0.22209245 0.02232545
-0.18517362 -0.17186503 0.01727477
-0.17433976 -0.12807216 0.02821744
-0.18277965 -0.15361002 0.01800806
-0.15982540 -0.14487335 0.06485016
-0.15446688 -0.12964618 0.04078785
-0.13508809 -0.08770449 0.07919843
-0.13268910 -0.09356286 0.08442987
-0.14552322 -0.10037163 0.06976004
-0.15264042 -0.11637284 0.07088286
-0.14404100 -0.12435064 0.07513667
-0.15162280 -0.14119676 0.07366437
-0.18749589 -0.22189859 0.02125032
-0.18645680 -0.20602088 0.02442776
-0.18269436 -0.17668714 0.00942427
-0.14286704 -0.08043285 0.04458109
-0.14398876 -0.13246539 0.07002230
-0.19795123 -0.22186700 0.01355026
-0.18531585 -0.22272889 0.00564753
-0.17990857 -0.22121826 0.02263004
-0.14477471 -0.09425695 0.04923872
-0.17290261 -0.18096311 0.00328490
-0.17661361 -0.16796848 0.00753191
-0.17102996 -0.19313774 0.04631016
-0.11334871 -0.68524826 -0.09614854
-0.13676161 -0.67114568 -0.08402224
-0.12983467 -0.66789490 -0.08953121
-0.21402697 -0.37451476 0.01384253
-0.15209249 -0.10913558 0.00793073
-0.19085103 -0.61266965 0.03336890
-0.11504866 -0.67780948 0.08397876
-0.17733501 -0.22287488 0.07853607
-0.18164468 -0.31648096 0.07220674
-0.15694319 -0.18113951 0.07688614
-0.16759932 -0.17523958 0.07331029
-0.17546478 -0.15452282 0.01639846
-0.17157793 -0.11372174 0.02251355
-0.16516136 -0.09707037 0.02869086
-0.17318751 -0.13075553 0.01715919
-0.16570525 -0.13079152 0.03131640
-0.15564211 -0.08592097 0.03299171
-0.14236158 -0.13754739 0.08272380
-0.12212215 -0.08139607 0.07968549
-0.14950612 -0.13842489 -0.02622695
-0.18083408 -0.15793376 0.01177224
-0.15505385 -0.13610448 0.07703337
-0.13041644 -0.10744666 0.08269815
-0.14794613 -0.15398498 0.07981084
-0.18885669 -0.19609499 0.02451834
-0.19356497 -0.20863768 0.01984279
-0.13842316 -0.15352976 0.08434442
-0.17444439 -0.21067877 0.04545840
-0.17392641 -0.62685645 0.07834169
-0.17655374 -0.22281797 0.06416025
-0.17146790 -0.19495875 0.06389409
-0.16589265 -0.15593554 0.06671134
-0.15481937 -0.16944422 0.08292282
-0.15833345 -0.16300952 0.07138709
-0.16180131 -0.16069807 0.07575721
-0.16258413 -0.18799981 0.07203650
-0.15419817 -0.18346915 -0.05167978
-0.16018829 -0.22810128 -0.06039640
-0.16043410 -0.14534490 0.03788014
-0.15437432 -0.11183861 0.02771448
-0.12084774 -0.14508395 0.10579079
-0.15093385 -0.14017068 -0.04277266
-0.14731282 -0.11657996 0.07973009
-0.19103643 -0.19912231 0.01675600
-0.16192549 -0.20213178 0.06719223
-0.17363422 -0.21713726 -0.01828143
-0.16471259 -0.22104545 -0.03968586
-0.13133828 -0.64128137 -0.09115750
-0.14366251 -0.68688673 -0.07397182
-0.14903867 -0.12456378 -0.01232422
-0.14661576 -0.11914594 -0.03131362
-0.14813633 -0.08760094 0.00616885
-0.14157626 -0.09665576 -0.00846322
-0.16006586 -0.13843621 0.00959807
-0.15503885 -0.11967102 0.00921776
-0.14365362 -0.63671637 0.02406461
-0.14914414 -0.57028800 0.07772039
-0.15140875 -0.67902023 0.07781700
-0.13293302 -0.67813700 0.08143659
-0.17469528 -0.21308008 0.05367827
-0.16696049 -0.22864947 0.06748906
-0.16279852 -0.20884322 0.07671257
-0.14828746 -0.30719015 0.10001086
-0.17884116 -0.45028615 0.07400338
-0.11794235 -0.24047296 0.10996257
-0.15799606 -0.21871249 0.07560806
-0.17324585 -0.20594147 0.07026345
-0.17122026 -0.20895596 0.08365852
-0.16816249 -0.19329295 0.08224277
-0.16459024 -0.19870792 0.08319065
-0.12945662 -0.18835311 0.10422218
-0.16551800 -0.26973349 -0.05584723
-0.15071203 -0.64890313 -0.05544509
-0.14303982 -0.55000448 -0.07738753
-0.14203678 -0.58109289 -0.07927919
-0.13263369 -0.62503701 -0.09066188
-0.17221043 -0.68981957 -0.02999633
-0.18905121 -0.68643093 0.01805896
-0.15332805 -0.37395611 -0.06635746
-0.15599604 -0.13805467 -0.01102646
-0.13208784 -0.61443132 0.08675722
-0.14546208 -0.52776641 0.08627275
-0.20097959 -0.66954142 0.05301571
-0.12924002 -0.63354564 0.08699320
-0.13189493 -0.29079893 0.11130603
-0.15876859 -0.25169560 0.08142751
-0.14341426 -0.19867741 0.08891751
-0.13525526 -0.22480543 0.10149959
-0.17574279 -0.25174984 -0.02396393
-0.13686167 -0.56331581 -0.08698302
-0.12431511 -0.62631583 -0.09674373
-0.17089884 -0.65461314 -0.03653465
-0.14813919 -0.68711728 -0.05169488
-0.18688746 -0.68362570 0.03586703
-0.19350678 -0.68441582 0.03267858
-0.15200031 -0.67319375 0.01406853
-0.15093927 -0.50388384 0.08552857
-0.13029963 -0.52063107 0.09428671
-0.14643835 -0.43653429 -0.07345939
-0.14601924 -0.40909234 -0.07422920
-0.17946158 -0.29403833 -0.02850969
-0.17207876 -0.32975215 -0.04436292
-0.17487590 -0.35082829 -0.04042292
-0.15807079 -0.32586560 -0.06392907
-0.12837839 -0.59418297 0.08909767
-0.13623485 -0.56974542 0.08616477
-0.13453180 -0.54875100 0.09097957
-0.19885148 -0.66223127 0.03832742
-0.17184310 -0.65082604 0.07641339
-0.12476310 -0.65127230 0.08550084
-0.14511092 -0.35179120 0.10341115
-0.15849820 -0.25991824 0.08359837
-0.16269477 -0.23724350 0.07330769
-0.16826102 -0.25366524 0.07218242
-0.16787991 -0.27660435 0.07630937
-0.17679884 -0.26737666 0.07060722
-0.14488184 -0.64529759 -0.07589958
-0.13633874 -0.59693038 -0.08802815
-0.15828513 -0.57959116 -0.05576423
-0.17757252 -0.67704481 0.00425318
-0.19317707 -0.67433900 0.03338198
-0.19402768 -0.67653745 0.02618332
-0.13880111 -0.49070424 0.09229162
-0.15452366 -0.51098734 0.08037469
-0.13998121 -0.48620528 -0.08149451
-0.16586192 -0.36131403 -0.05687619
-0.18695191 -0.66445684 0.03896039
-0.17400093 -0.67453498 0.03875744
-0.15546805 -0.65461320 0.03790773
-0.11928039 -0.60905313 0.08618439
-0.14828521 -0.53928244 0.07975353
-0.16015798 -0.55482000 0.07792093
-0.19251227 -0.67820466 0.03762871
-0.16464882 -0.34786928 0.08404448
-0.14554234 -0.45818865 0.09007423
-0.16475256 -0.29171056 0.08139023
-0.17244068 -0.28283381 -0.04250778
-0.13926972 -0.51428765 -0.08363594
-0.17585722 -0.37059718 -0.03903554
-0.17768140 -0.42005157 -0.02093525
-0.16074187 -0.40040842 -0.05840768
-0.16563249 -0.41691533 -0.05064669
-0.18135045 -0.39094141 -0.01730622
-0.17883082 -0.39136150 -0.02572953
-0.15229903 -0.45101690 -0.06600750
-0.16305459 -0.44721588 -0.05222864
-0.13684113 -0.59090692 0.08245786
-0.14803490 -0.61242700 0.07852490
-0.14769617 -0.63995475 0.08341438
-0.15859215 -0.33028799 0.09227714
-0.16708234 -0.32909667 0.08063095
-0.13015656 -0.45635366 0.10279369
-0.15927102 -0.46002251 0.08132497
-0.17202809 -0.29905355 0.07110184
-0.17071828 -0.31935239 0.07466095
-0.15908979 -0.64211857 0.01542701
-0.17836101 -0.64047486 -0.00948502
-0.19059601 -0.66295606 0.01475960
-0.14702561 -0.66119868 0.01330510
-0.14309281 -0.64920127 0.01496809
-0.14775485 -0.48423222 -0.07171263
-0.18489930 -0.36489159 -0.00794398
-0.15976456 -0.47082916 -0.05607577
-0.14702626 -0.66278237 0.03440399
-0.17546514 -0.60799098 0.07701626
-0.19901705 -0.62505651 0.05377317
-0.16294011 -0.51396412 0.07499647
-0.18302438 -0.58278829 0.07562058
-0.15864311 -0.59260589 0.07624166
-0.16006182 -0.40519983 0.08303602
-0.14849164 -0.48029929 0.08875927
-0.15983729 -0.56094873 -0.05551749
-0.16285419 -0.62770402 -0.04234608
-0.13744928 -0.66804868 0.01735360
-0.14070363 -0.65698606 0.02582671
-0.18293746 -0.35751563 -0.01397307
-0.18284196 -0.33660740 -0.02371901
-0.18656591 -0.32278836 -0.00891727
-0.18932757 -0.35103393 -0.00389448
-0.19840562 -0.34879884 0.00181622
-0.14683580 -0.50854790 -0.07368616
-0.14873479 -0.64015633 0.03210746
-0.18956114 -0.60145026 0.07075943
-0.19743638 -0.61360300 0.05868419
-0.20427763 -0.37449145 0.00476061
-0.19701555 -0.38905716 0.00152148
-0.20085058 -0.61858582 0.04428115
-0.18764971 -0.40096721 -0.00466181
-0.19975331 -0.43454495 0.00398733
-0.19978146 -0.32390597 0.00251798
-0.20986754 -0.36666226 0.00686198
-0.20723002 -0.33904573 0.00611557
-0.21193621 -0.39066607 0.00798599
-0.19437389 -0.27549231 0.01590161
-0.20500532 -0.26216158 0.01513777
-0.19309218 -0.23748359 0.02184271
-0.20079015 -0.23275398 0.01751191
-0.19783832 -0.26981449 0.02079106
-0.20025003 -0.25480872 0.02098654
-0.20795368 -0.31855422 0.00883167
-0.20285657 -0.33377302 0.01290695
-0.18302239 -0.23783672 0.01676411
-0.19047973 -0.24436602 0.01889668
-0.20617986 -0.32067665 0.01894018
-0.20884390 -0.29513624 0.01693414
-0.20709988 -0.27770284 0.01716459
-0.18784489 -0.30054697 -0.00510049
-0.21171866 -0.32292897 0.01364198
-0.21166755 -0.35227334 0.01819018
-0.21225198 -0.35599104 0.01151678
-0.17717089 -0.22617269 0.04527584
-0.20445448 -0.28752893 0.00835705
-0.20276316 -0.29359674 0.01957678
-0.18641576 -0.32160968 0.03822010
-0.19558986 -0.32087907 0.01149175
-0.18856139 -0.37970647 0.01225129
-0.19058786 -0.33630183 0.01410263
-0.18934828 -0.32936475 0.02606089
-0.18687889 -0.34489882 0.03344378
-0.18357816 -0.25833601 0.05105915
-0.20288850 -0.27280805 0.00988564
-0.18935680 -0.27313229 0.00016610
-0.19617866 -0.25924596 0.00580588
-0.19300874 -0.30372497 0.01672944
-0.19576235 -0.30007982 0.01190296
-0.18795513 -0.35303605 0.02383929
-0.20145015 -0.35586217 0.06583171
-0.21421006 -0.39647031 0.01352185
-0.17972246 -0.24185094 0.04856088
-0.19659120 -0.37623584 0.01176245
-0.20719677 -0.37953347 0.01845009
-0.17964183 -0.23348950 0.05918101
-0.19049242 -0.30963227 0.02297559
-0.18676741 -0.28713420 0.03107969
-0.18847112 -0.31227756 0.03020427
-0.18386386 -0.27930439 0.04693285
-0.18887746 -0.27981532 0.01616983
-0.18236426 -0.24603054 0.02699789
-0.18412028 -0.26943669 0.03405823
-0.21217994 -0.41485879 0.00938696
-0.20856835 -0.40466177 0.00526028
-0.20658913 -0.42057163 0.00507523
-0.19104876 -0.40293357 0.01070050
-0.20393813 -0.41141379 0.01944298
-0.21430522 -0.42027566 0.01351284
-0.19593486 -0.31174070 0.06945074
-0.18723826 -0.26452643 0.01554604
-0.18249840 -0.25772977 0.04095184
-0.15357037 -0.09524024 0.03266083
-0.16166252 -0.11403868 0.03363963
-0.12470491 -0.11695389 0.08694830
-0.16146438 -0.18102340 -0.03581539
-0.16652101 -0.52980763 -0.04813309
-0.17452124 -0.52346736 -0.03319665
-0.17020461 -0.50918394 -0.04183073
-0.17743249 -0.47871336 -0.02486999
-0.17756318 -0.49701992 -0.02576026
-0.16725878 -0.49284884 -0.04668897
-0.15475869 -0.50645411 -0.06042572
-0.17195271 -0.56076962 -0.03419721
-0.19493523 -0.51931655 0.00625708
-0.18108477 -0.52682006 -0.01961546
-0.17588551 -0.57471913 -0.02430659
-0.17430016 -0.45281237 -0.03444756
-0.18086231 -0.48486307 -0.01011948
-0.17495711 -0.47271752 -0.03270680
-0.17984256 -0.46004313 -0.01278281
-0.17643005 -0.45476568 -0.02551447
-0.19864747 -0.63526314 0.04840304
-0.19597508 -0.65341747 0.04907513
-0.18217103 -0.63828856 0.07414382
-0.19373779 -0.65009314 0.06596886
-0.18534262 -0.65048176 0.03723807
-0.15946028 -0.60964054 0.03527022
-0.19016951 -0.63998884 0.03467533
-0.19727179 -0.64806670 0.03644114
-0.19883165 -0.62555456 0.03915162
-0.19647601 -0.63402522 0.06004225
-0.18780935 -0.62404281 0.07081239
-0.18073672 -0.62804323 0.03622471
-0.15789418 -0.63346004 0.03692961
-0.17584072 -0.42011264 -0.03375525
-0.16856034 -0.44841266 0.07388963
-0.15944575 -0.43382773 0.08004491
-0.17155032 -0.49795654 0.07448404
-0.15933454 -0.49368638 0.07704079
-0.15793729 -0.47895139 0.07996549
-0.16687958 -0.47628006 0.07358912
-0.18875292 -0.49984968 0.07620060
-0.18635698 -0.52085936 0.07615739
-0.19287989 -0.51828152 0.07206871
-0.20355427 -0.54272276 0.05316469
-0.20113975 -0.52388078 0.06062596
-0.18300065 -0.65026838 0.00617052
-0.18597008 -0.55942005 0.07493956
-0.17901945 -0.54750365 0.07680600
-0.19976361 -0.59658152 0.05511101
-0.19837871 -0.56858367 0.06126562
-0.19126184 -0.58288687 0.06933332
-0.19841181 -0.54478437 0.06348152
-0.18940316 -0.53504288 0.07424234
-0.19327670 -0.55098832 0.07022676
-0.20288980 -0.56154454 0.05208803
-0.19784862 -0.58002031 0.06079024
-0.20193505 -0.59137505 0.04715306
-0.19557093 -0.58862197 0.03403466
-0.19979137 -0.60488766 0.04055644
-0.20220979 -0.57814753 0.04283604
-0.18444641 -0.57500929 0.03398172
-0.18926331 -0.54128855 0.03461431
-0.19434631 -0.54737526 0.03397132
-0.18509446 -0.60351068 0.03498219
-0.18571131 -0.67025042 0.07003370
-0.16700673 -0.37910110 0.07801887
-0.15802334 -0.61655748 -0.05791067
-0.17811057 -0.61381561 -0.02555113
-0.16839097 -0.59199184 -0.04047270
-0.17359109 -0.64875591 0.03813241
-0.18355525 -0.27736259 -0.00992769
-0.19055595 -0.23853329 0.00638481
-0.19732241 -0.24124876 0.01159365
-0.16705766 -0.57579070 -0.04319644
-0.18874657 -0.34158972 0.07583094
-0.17779030 -0.33449882 0.07174455
-0.17083421 -0.33817130 0.07657839
-0.18323311 -0.34345087 0.07210638
-0.17813285 -0.23426963 0.06977967
-0.18328629 -0.26149091 0.08011907
-0.17821147 -0.23813759 0.08121791
-0.18263586 -0.25638059 0.06969841
-0.17632714 -0.25198370 0.08321062
-0.17075251 -0.23209749 0.08267770
-0.17299229 -0.24189959 0.07047739
-0.19568795 -0.32371324 0.05319024
-0.18543559 -0.29589048 0.04133183
-0.18804027 -0.28713599 0.07718831
-0.20156886 -0.54777354 0.01206810
-0.20875296 -0.53315938 0.02145860
-0.20687166 -0.53547829 0.01479230
-0.19958542 -0.52897424 0.00976845
-0.19551735 -0.57893395 0.01369764
-0.18491685 -0.51596898 -0.00299675
-0.18833973 -0.49122086 -0.00027074
-0.19644572 -0.65795261 0.02595866
-0.18634015 -0.66644889 0.03355343
-0.17765388 -0.67427582 0.03346203
-0.19881628 -0.63808936 0.02728610
-0.19530037 -0.63789427 0.03141077
-0.19187042 -0.64980221 0.03348530
-0.16940784 -0.39177492 0.07602472
-0.17867605 -0.38836673 0.07165446
-0.18272267 -0.37778205 0.07261924
-0.18061516 -0.41444966 0.07328043
-0.17138728 -0.40797880 0.07445104
-0.20508389 -0.38301542 0.05671870
-0.20368280 -0.40247691 0.06716447
-0.20594047 -0.40952104 0.05238709
-0.20229602 -0.39522466 0.04902633
-0.20218359 -0.41143882 0.04629070
-0.18519630 -0.37680003 0.03261958
-0.18003033 -0.40560627 0.02441122
-0.18368505 -0.41564232 0.01382807
-0.18557103 -0.37690002 0.02014126
-0.19466038 -0.41237786 0.03963378
-0.19786073 -0.43412298 0.03916923
-0.17307521 -0.42927918 0.07314510
-0.20302710 -0.43137529 0.04364684
-0.20689753 -0.43199301 0.05576006
-0.18480304 -0.43221661 0.03112489
-0.20051306 -0.44895902 0.03913837
-0.19420289 -0.45722708 0.03580256
-0.18226235 -0.46470869 0.03187190
-0.17767121 -0.46080381 0.01373204
-0.17799240 -0.44803852 0.02722576
-0.17787100 -0.43195111 0.02365335
-0.17513731 -0.46858642 0.02228487
-0.18234225 -0.44245037 0.01235652
-0.20067737 -0.42621323 0.07158206
-0.19732676 -0.40232667 0.07661766
-0.18329170 -0.47795290 0.01052170
-0.17051888 -0.50992322 0.02556229
-0.20633958 -0.44571128 0.04970803
-0.18008140 -0.49481726 0.03203933
-0.19324842 -0.49688190 0.03421681
-0.17493473 -0.48364258 0.02546902
-0.17254074 -0.48384038 0.01558917
-0.17782436 -0.51836884 0.03260020
-0.16875638 -0.50808442 0.01544181
-0.17219511 -0.52971548 0.01056895
-0.16651423 -0.51926619 0.01850284
-0.16147955 -0.54945433 0.02244744
-0.16710295 -0.54810685 0.03062473
-0.16826425 -0.54727066 0.01127607
-0.19792226 -0.56030220 0.03423386
-0.17377852 -0.36945921 0.07373288
-0.17785218 -0.36361390 0.07197253
-0.18941006 -0.62894410 0.03027574
-0.19950692 -0.62151605 0.02946352
-0.17708407 -0.63619715 0.02863334
-0.18634176 -0.62012774 0.00835542
-0.19713396 -0.60596144 0.03023871
-0.15148562 -0.62695211 0.01165416
-0.15487185 -0.61486197 0.01127906
-0.14723113 -0.62349588 0.02004747
-0.16697116 -0.60016125 0.01339425
-0.16925505 -0.62756252 0.02081384
-0.14968020 -0.61117887 0.02107152
-0.14734794 -0.62544823 0.02736464
-0.15355974 -0.58858156 0.02125178
-0.16230485 -0.59092742 0.03436961
-0.15343450 -0.59839451 0.02771225
-0.16295688 -0.58730155 0.01070355
-0.18966590 -0.61408067 0.03043279
-0.15448831 -0.60303813 0.01268166
-0.15959817 -0.57171851 0.01401068
-0.17982283 -0.43634713 -0.01228785
-0.19602975 -0.45771158 0.00295074
-0.21184328 -0.44167018 0.00843469
-0.21208958 -0.43317786 0.01716949
-0.20763516 -0.44526038 0.02076337
-0.19958031 -0.43272299 0.01471996
-0.19771188 -0.35017893 0.07805897
-0.18965943 -0.29851574 0.05274399
-0.19322687 -0.29823828 0.07020672
-0.18954602 -0.27353492 0.05962767
-0.18267722 -0.24813102 0.06141777
-0.18544503 -0.27197248 0.07409985
-0.19401738 -0.30656388 0.06001902
-0.18180494 -0.27654344 0.08376013
-0.18940510 -0.54383218 0.00528780
-0.21151730 -0.51306909 0.01762933
-0.20698996 -0.50032252 0.01066235
-0.19274342 -0.47626784 0.00219186
-0.20757356 -0.46251211 0.00792926
-0.19904605 -0.49101180 0.00605541
-0.21189427 -0.49202618 0.01754327
-0.20688042 -0.49263769 0.02189527
-0.20161995 -0.47321177 0.00624769
-0.20962121 -0.48283586 0.01078603
-0.21320479 -0.46293879 0.01219040
-0.18600260 -0.57721323 0.00326475
-0.19537702 -0.56023210 0.01148803
-0.20366645 -0.56771755 0.02571819
-0.20433803 -0.57053727 0.01791049
-0.18123937 -0.59458536 -0.00730531
-0.20785320 -0.54938585 0.02115273
-0.20248179 -0.59870654 0.02623905
-0.20380501 -0.55840665 0.01561465
-0.18864635 -0.59827048 0.02736479
-0.20133123 -0.58656949 0.01838008
-0.20421605 -0.58232290 0.02296486
-0.19827235 -0.58639449 0.02854454
-0.19256949 -0.56958902 0.02612242
-0.20036903 -0.55578917 0.02621526
-0.20003194 -0.51050693 0.02205605
-0.18905078 -0.49735889 0.01316970
-0.20620121 -0.51980597 0.02264242
-0.19404402 -0.54798603 0.02372786
-0.18190216 -0.53363955 0.01232212
-0.17711093 -0.50634432 0.01058539
-0.17869845 -0.65229374 0.03122321
-0.19364588 -0.38645238 0.07709555
-0.20101966 -0.36519238 0.07415459
-0.20230356 -0.38322511 0.07218439
-0.20229949 -0.36516735 0.06527488
-0.19413054 -0.42458665 0.07641327
-0.19747321 -0.47311097 0.07125735
-0.19069757 -0.47937742 0.07570250
-0.18003866 -0.46716464 0.07512822
-0.18749058 -0.46779484 0.07628796
-0.19603156 -0.49112424 0.07035492
-0.20226482 -0.48196596 0.06382678
-0.19874981 -0.51004165 0.06602199
-0.20463219 -0.45488772 0.06103768
-0.20274869 -0.49634847 0.06144834
-0.20531423 -0.50151080 0.04837446
-0.18994389 -0.44506580 0.07647283
-0.19889374 -0.44844449 0.07161517
-0.20568062 -0.47761950 0.05688487
-0.20423968 -0.46824718 0.04129279
-0.20629102 -0.48412067 0.05038675
-0.19634596 -0.51888484 0.03416960
-0.20467047 -0.52533573 0.04870717
-0.20400962 -0.51385421 0.04192546
-0.20445837 -0.51241761 0.05399673
-0.20609698 -0.46281782 0.04860926
-0.20184459 -0.47924027 0.03871569
-0.20142521 -0.49789765 0.03850453
-0.20317967 -0.43667239 0.06583402
-0.19658181 -0.44004712 0.07468466
-0.20229119 -0.54335225 0.03936934
-0.16162433 -0.56334764 0.02859583
-0.16799664 -0.56977451 0.03407172
-0.19486438 -0.63351619 0.01774216
-0.19708610 -0.61521792 0.01782116
-0.17892289 -0.54935926 0.01270196
-0.17064764 -0.57305491 0.01120233
-0.19212590 -0.46237889 0.01196441
-0.18726997 -0.43545443 0.01050697
-0.18692592 -0.36260623 0.07402231
-0.18149696 -0.35203686 0.07179719
-0.19598797 -0.32994431 0.07941451
-0.18135265 -0.29896173 0.07511451
-0.17927857 -0.28013873 0.07513478
-0.19031681 -0.31723595 0.08136514
-0.18757182 -0.30619648 0.08221778
-0.18097460 -0.29369888 0.08168918
-0.19780639 -0.33269480 0.07248717
-0.20009860 -0.33462676 0.05973080
-0.19673459 -0.33921778 0.05233365
-0.19989856 -0.37931627 0.04959423
-0.20295246 -0.36139286 0.05640281
-0.19092050 -0.59840316 0.01212428
-0.20641783 -0.56245017 0.02132674
0.12600476 -0.10173316 -0.04040069
0.14317833 -0.09761930 -0.01352809
0.14664948 -0.09475365 0.02127640
0.14482258 -0.09211465 0.04178616
0.13889277 -0.09188038 0.05710451
0.11816146 -0.09748520 0.08931493
0.08527996 -0.68667054 0.09377492
0.12298161 -0.69374532 0.10481237
0.16196868 -0.69048309 0.08462349
0.17894875 -0.68380398 0.06146061
0.15038747 -0.67759311 0.04664426
0.13210018 -0.67238843 0.03729469
0.13341327 -0.67287844 0.01842956
0.14808859 -0.67663723 0.01494693
0.17274927 -0.68212670 0.03058044
0.18639395 -0.68507761 0.03418274
0.20078817 -0.68670601 0.03533437
0.22037545 -0.68310410 0.02456587
0.18416953 -0.67907846 -0.03310836
0.13068031 -0.67556667 -0.06161039
0.12865639 -0.61930180 -0.06504327
0.13645281 -0.57215941 -0.07472913
0.13475966 -0.36974117 -0.08401904
0.11806870 -0.25482088 -0.09628991
0.09189744 -0.13732855 -0.07329205
0.14383350 -0.10549438 0.05807862
0.14754958 -0.11931130 0.05704224
0.15398096 -0.14605618 0.05872054
0.15707392 -0.16201237 0.06226410
0.15437688 -0.17674936 0.07356944
0.15226696 -0.21029006 0.08374833
0.16113754 -0.17566483 0.06010472
0.16472675 -0.20011963 0.06424195
0.15099125 -0.11068843 0.00065401
0.16054592 -0.14129759 -0.00134385
0.17516461 -0.17951208 0.00822829
0.17962110 -0.20776506 0.01479874
0.18226162 -0.22105874 0.01490587
0.17120759 -0.18233690 -0.00895911
0.17258446 -0.19783342 -0.01062740
0.17486292 -0.21567029 -0.01050067
0.17840257 -0.25017551 -0.00900538
0.14349031 -0.11169401 -0.03650121
0.16394405 -0.14436522 -0.02690458
0.17120092 -0.16185385 -0.02311784
0.17824848 -0.17888738 -0.01952086
0.18925600 -0.20877862 -0.01387810
0.15545939 -0.10667643 0.03181533
0.16161603 -0.12110922 0.03916785
0.16622680 -0.13613306 0.04789427
0.17132121 -0.16867152 0.06247047
0.17298569 -0.18623886 0.06846156
0.17403065 -0.21372107 0.07701357
0.13721003 -0.12174919 -0.03570730
0.16348359 -0.16710237 0.07276643
0.16062850 -0.13784961 0.06299461
0.17435886 -0.20534135 0.03819499
0.16980445 -0.18343191 0.05626110
0.15105131 -0.11316428 0.04556721
0.18091822 -0.17348576 0.00280799
0.17531650 -0.15797120 -0.00410294
0.15085058 -0.10717946 -0.01916097
0.18537953 -0.20748955 -0.00911087
0.15432686 -0.20782807 -0.05260650
0.17941611 -0.22738820 0.03377221
0.17618369 -0.20376927 0.02849866
0.17483515 -0.18634962 0.02269925
0.15342560 -0.11826207 0.02728768
0.15004511 -0.12167343 0.04061911
0.18898508 -0.20161954 0.00693751
0.17191659 -0.15871198 0.00190646
0.16752894 -0.13784537 -0.00354165
0.15621203 -0.11540765 -0.00532460
0.17958270 -0.20593886 -0.00697476
0.17507806 -0.17607972 -0.00572196
0.16732605 -0.15890373 -0.01179818
0.18099657 -0.19169942 -0.00814335
0.18551490 -0.22239839 -0.00518555
0.15677579 -0.13075660 -0.01890578
0.16929512 -0.17168540 0.03283670
0.19312255 -0.21338312 -0.00037150
0.16757320 -0.20677832 -0.02799114
0.13821739 -0.20200689 0.09655535
0.16981977 -0.16730574 0.00038618
0.16237234 -0.14461549 0.02629886
0.16287747 -0.13525140 -0.01514689
0.17106488 -0.23097765 -0.02493374
0.12010524 -0.16699021 0.11600333
0.14085536 -0.17110591 0.08908431
0.04284431 -0.67909431 0.09587544
0.17578650 -0.42906922 0.04372953
0.15059476 -0.33762631 0.10620353
0.10479351 -0.06952233 0.10786318
0.12007821 -0.12195931 -0.05939212
0.09561317 -0.12121958 -0.06610204
0.12726320 -0.13663144 -0.06055349
0.16873701 -0.21368159 0.08274210
0.16783024 -0.16442737 0.06565088
0.16339935 -0.18187593 0.07659721
0.16444695 -0.20894438 0.08179800
0.16002034 -0.15273747 0.06837485
0.16208570 -0.12730812 0.05306021
0.15540400 -0.12413302 0.05930475
0.15584068 -0.10837004 0.04976474
0.15356097 -0.09946124 0.04002928
0.11230805 -0.09440813 0.10450529
0.16439213 -0.16977163 0.05501795
0.17401339 -0.20096271 0.06082493
0.14590441 -0.10244628 0.04816025
0.15227126 -0.12200312 -0.03246026
0.18220878 -0.20645162 -0.01792824
0.14115660 -0.21000230 -0.06981581
0.16969641 -0.17326827 -0.02520019
0.15509304 -0.14066043 -0.03000518
0.16026884 -0.15425542 -0.02398508
0.14720203 -0.12467901 -0.02943600
0.14817786 -0.12374920 -0.02040108
0.13630556 -0.09972318 -0.02556310
0.18508865 -0.21822648 -0.01447020
0.17414106 -0.18781035 -0.02117804
0.18458898 -0.19094230 -0.00433902
0.13705428 -0.13416189 0.08018493
0.05455445 -0.63928735 0.08716725
0.16462323 -0.64614892 0.09228712
0.21782999 -0.44039720 0.01234844
0.10517436 -0.27929881 0.12228053
0.16217610 -0.15255350 0.05041943
0.15590492 -0.13191213 0.04537813
0.17752030 -0.26167724 -0.01836267
0.13514447 -0.16310300 -0.06376316
0.14808531 -0.14564285 -0.03497383
0.16542043 -0.17622198 -0.02099556
0.13120165 -0.09042341 0.07218321
0.10118459 -0.12455543 0.11747795
0.08365819 -0.11678353 0.12696694
0.17259997 -0.22055115 0.06473036
0.17718117 -0.22035137 0.06995261
0.16701251 -0.25284600 0.09182276
0.16317835 -0.18833528 -0.03384891
0.09697271 -0.17028841 0.12634434
0.04338746 -0.65502280 0.10207930
0.09588944 -0.68892390 0.09890129
0.13666767 -0.63510358 0.03211202
0.07081854 -0.34304747 0.12334344
0.07032609 -0.37029356 0.12423011
0.19212106 -0.65948635 0.04015773
0.18687922 -0.51413947 -0.03496225
0.18624121 -0.65678787 -0.03170306
0.22417292 -0.67157280 0.00681884
0.14122865 -0.65859586 -0.05460256
0.16080716 -0.37571806 -0.05957472
0.16441353 -0.67767084 -0.04328081
0.14596739 -0.17195068 -0.05386082
0.08384161 -0.21281850 0.12982628
0.13000855 -0.10949923 0.08070815
0.17520496 -0.24588905 0.06870478
0.13990857 -0.23802182 -0.07547069
0.14155430 -0.26586178 -0.07837356
0.12410659 -0.14782369 0.10594548
0.05366764 -0.67885703 0.07916627
0.05619483 -0.52045983 0.10906293
0.06320371 -0.57788533 0.09894560
0.04617392 -0.40040430 0.14119944
0.19221711 -0.67771012 0.03693143
0.15396270 -0.58247018 -0.05836482
0.17340466 -0.53899854 -0.04793753
0.14538401 -0.31043884 -0.07703588
0.11256530 -0.22013511 0.11736937
0.11918887 -0.12773396 0.10549007
0.15693575 -0.23495723 -0.05408866
0.11093087 -0.13826020 0.11592843
0.12381879 -0.20274487 0.11473977
0.03978867 -0.61307740 0.10703617
0.03895114 -0.49109930 0.11966330
0.16908413 -0.68204749 0.07912230
0.15172790 -0.39375490 -0.07043654
0.05130482 -0.40907454 0.12454727
0.21232764 -0.66997558 0.03012892
0.15485364 -0.54655045 -0.06537291
0.17619248 -0.47775644 -0.04888790
0.17329888 -0.33390757 -0.04498613
0.14933541 -0.36370942 -0.07335821
0.16046107 -0.30212250 -0.05912900
0.16119008 -0.23881648 0.08730578
0.14327498 -0.27805522 0.10227540
0.15253821 -0.24460067 0.08918323
0.12688586 -0.24355629 0.11226442
0.15372249 -0.27276862 0.09428349
0.17149909 -0.27405950 0.09455060
0.16332413 -0.27335769 0.09544043
0.17796624 -0.25684604 0.08472033
0.16208874 -0.30609220 0.09994315
0.08270435 -0.27397332 0.12229365
0.05234138 -0.60905725 0.09658968
0.12248630 -0.66358399 0.11343657
0.04564266 -0.58075196 0.10336297
0.16544275 -0.66207516 0.04811723
0.14295639 -0.66929042 0.04458284
0.13113917 -0.66375268 0.02806207
0.17998551 -0.67747968 0.03452991
0.06858114 -0.30820239 0.12970619
0.20031515 -0.67151469 0.03640757
0.20861784 -0.67928010 0.03387954
0.14751233 -0.61100996 -0.05522402
0.21997654 -0.68158102 -0.01017227
0.18589629 -0.39484611 -0.03024860
0.17392313 -0.23837344 0.08457743
0.13631706 -0.29602516 0.10995298
0.15034239 -0.29851952 0.09993584
0.11979990 -0.28667179 0.11799406
0.04859571 -0.55389977 0.10642239
0.14273623 -0.66720933 0.01502935
0.15601638 -0.66541094 0.01805942
0.13501112 -0.65301526 0.03535549
0.18131748 -0.66500998 0.03857969
0.06190150 -0.37151405 0.12408532
0.16788884 -0.51757842 -0.05470060
0.17741045 -0.22992089 0.06847990
0.08247864 -0.32481107 0.12341619
0.11198485 -0.34697056 0.12285390
0.11490738 -0.31691304 0.12102769
0.11014403 -0.68569756 0.10592797
0.10762815 -0.66706371 0.11023108
0.10321468 -0.46335214 0.11871385
0.06606792 -0.52529240 0.10687333
0.09732952 -0.49812275 0.11511971
0.17023605 -0.67078322 0.03076739
0.14516672 -0.32850710 0.10649296
0.14043410 -0.31072798 0.10918710
0.13055858 -0.35099950 0.11632713
0.12206921 -0.67724299 0.10929646
0.09234579 -0.67139179 0.09845568
0.08358174 -0.49076957 0.11125706
0.14822955 -0.65241176 0.04468549
0.20276602 -0.34935692 -0.00213803
0.18872792 -0.38199034 -0.01912114
0.18289116 -0.36533672 -0.03059083
0.18045695 -0.35020053 -0.03228856
0.19012257 -0.37058732 -0.01446636
0.19814798 -0.41918617 -0.01198520
0.18920368 -0.41268328 -0.02587113
0.19700105 -0.39087531 -0.00675827
0.20725088 -0.38318846 0.00035900
0.20027405 -0.39904097 -0.00527338
0.20105015 -0.43333569 0.04058516
0.19450450 -0.44038919 -0.02206034
0.21771806 -0.41629523 0.01251911
0.08907998 -0.63895398 0.09932996
0.09976835 -0.64982074 0.10971104
0.21850334 -0.38878226 0.01934668
0.18662046 -0.40478471 0.02095059
0.19734289 -0.41952419 0.04033465
0.21422525 -0.41565204 0.03023875
0.20445707 -0.39897779 0.03556177
0.06825893 -0.63149315 0.08873381
0.21506736 -0.38369358 0.02799312
0.18652955 -0.37375328 0.02078362
0.19070044 -0.40482694 0.03415876
0.06368338 -0.61040217 0.09016427
0.10190302 -0.61087596 0.11668196
0.09825824 -0.59331930 0.11315422
0.07551480 -0.57371575 0.09772029
0.14927001 -0.62392861 0.11005418
0.09481300 -0.61937094 0.10507727
0.10184153 -0.63770854 0.11047016
0.13028505 -0.63615292 0.11860850
0.13817480 -0.62874252 0.11676126
0.14000031 -0.64177579 0.11300734
0.11255269 -0.63097841 0.12006771
0.13352059 -0.61494464 0.12107095
0.11975989 -0.61833584 0.12373478
0.14235960 -0.11005887 -0.02889203
0.14937502 -0.10815813 -0.01152232
0.17458622 -0.16629358 -0.01147608
0.17625073 -0.28388238 -0.02956394
0.16352442 -0.27913448 -0.05287059
0.16241543 -0.25876021 -0.05145095
0.19313052 -0.28646117 -0.00322524
0.17254378 -0.30066144 -0.04015553
0.18166296 -0.27766660 -0.01228940
0.18280606 -0.26477799 -0.00636315
0.19151485 -0.26670378 -0.00733690
0.18841442 -0.25134754 -0.00558304
0.18485123 -0.28979596 -0.00917638
0.18287086 -0.29916736 -0.01435941
0.18806164 -0.31844628 -0.00751064
0.20212282 -0.28970689 -0.00499090
0.19799384 -0.32164297 -0.00286013
0.20400767 -0.31301275 -0.00302283
0.19142014 -0.30161148 -0.00400351
0.20314282 -0.33479765 -0.00228741
0.19311100 -0.33497748 -0.00348810
0.19883645 -0.25973746 -0.00741866
0.20471101 -0.27539772 -0.00191209
0.19777617 -0.36427429 -0.00338058
0.19167757 -0.34748682 -0.00598597
0.18639499 -0.33558941 -0.01510886
0.18125173 -0.31623384 -0.02315889
0.21527353 -0.35056314 0.01437560
0.21690252 -0.37250462 0.02155517
0.21636626 -0.38032997 0.01306985
0.21030092 -0.34388083 0.00509835
0.21258621 -0.37183699 0.00637551
0.15372360 -0.68057549 0.09036003
0.14224593 -0.69314498 0.09522482
0.17388681 -0.63627023 0.08320683
0.16673985 -0.64157248 0.04855682
0.13638914 -0.68451935 0.10325842
0.16175717 -0.62559712 0.04568509
0.15660575 -0.59311831 0.04300542
0.17355038 -0.62102836 0.06038394
0.16780013 -0.61955160 0.05081612
0.16901714 -0.62968755 0.09214433
0.15327853 -0.63825423 0.10420889
0.16009387 -0.60753989 0.10447638
0.13352442 -0.60102379 0.12346663
0.14528565 -0.60487294 0.11666049
0.11349959 -0.60923308 0.12466305
0.15596409 -0.58861291 0.10928251
0.14088327 -0.59003079 0.12086155
0.07673078 -0.46385735 0.11354498
0.04261219 -0.45384538 0.12326014
0.08191565 -0.35763952 0.12475647
0.08041417 -0.38435337 0.12377130
0.17033671 -0.57439524 -0.04537164
0.18566902 -0.59128338 -0.02825111
0.22036217 -0.56849140 0.00194943
0.18697353 -0.54669660 -0.03202836
0.19724463 -0.55596489 -0.02302263
0.21423012 -0.54941344 -0.00591645
0.17833650 -0.29931834 0.09024866
0.20449474 -0.51954007 -0.01813101
0.19707935 -0.50799233 -0.02535611
0.18263887 -0.43051842 -0.04216125
0.12934704 -0.39844126 0.12105549
0.09043589 -0.53745967 0.10893787
0.10610649 -0.53463060 0.12521851
0.13555703 -0.47634938 0.12757857
0.08340874 -0.47492424 0.11245274
0.11931343 -0.47466746 0.12807178
0.12079204 -0.42101955 0.12400535
0.21787286 -0.43271872 0.02566651
0.19021101 -0.46088928 -0.03209715
0.20277871 -0.44542083 -0.01031327
0.21701485 -0.45161310 0.00815657
0.18078718 -0.45005932 -0.04478917
0.17688569 -0.40464681 0.03156112
0.19275951 -0.43186367 0.02793050
0.07727861 -0.53228492 0.10569637
0.09863044 -0.57371402 0.11571613
0.10983822 -0.59619755 0.12574929
0.12203468 -0.58669221 0.12748800
0.13446894 -0.57540774 0.12598136
0.11287694 -0.55680996 0.12820433
0.12462337 -0.55956435 0.13017853
0.10483585 -0.57060534 0.12427481
0.19150673 -0.22784652 -0.01363335
0.19828041 -0.23321013 0.00282287
0.19930297 -0.24837756 -0.00194861
0.19993059 -0.23298253 0.00831112
0.20441458 -0.25816134 0.01487464
0.19169895 -0.24185400 -0.01223368
0.17378420 -0.24981406 0.05983633
0.16976139 -0.24236871 0.06833982
0.17083366 -0.26281685 0.07494608
0.18021035 -0.27652562 0.08098525
0.16596268 -0.30335605 0.10159102
0.21211910 -0.30866966 0.00978954
0.21058893 -0.29952437 0.01634459
0.20852034 -0.28533751 0.01721048
0.19972244 -0.27723426 0.02086129
0.21014889 -0.32672149 0.00239571
0.21305211 -0.33535910 0.01047304
0.20240435 -0.33531740 0.03159311
0.17559557 -0.26665792 0.06187686
0.18498659 -0.28504363 0.03427900
0.21154526 -0.33305651 0.02256264
0.18975216 -0.28844386 0.01786786
0.17813954 -0.30815089 0.06351279
0.18485387 -0.29711947 0.03937750
0.18630724 -0.27833435 0.01938008
0.19271767 -0.32686377 0.01936782
0.20395730 -0.30417496 0.02501222
0.18789873 -0.29833278 0.02550038
0.18258637 -0.25714323 0.02040218
0.19733705 -0.29921368 0.02485204
0.18820295 -0.31724712 0.02684061
0.18059203 -0.23732512 0.02684659
0.17766376 -0.23595986 0.04456498
0.16782792 -0.23081024 0.06827285
0.17151520 -0.59733319 0.05167695
0.16695756 -0.57426310 0.09905037
0.16999899 -0.60485202 0.08820641
0.17403543 -0.56161183 0.07573192
0.14790101 -0.54517573 0.11968865
0.17208211 -0.58528030 0.06377725
0.16461495 -0.60844451 0.04681003
0.16803485 -0.59475398 0.09536644
0.15989879 -0.55243897 0.04174612
0.17023107 -0.55835730 0.09371121
0.14665598 -0.59654605 0.02528396
0.14301549 -0.60719168 0.03587942
0.15516339 -0.56587243 0.11248672
0.17422828 -0.55737597 0.05670413
0.16777886 -0.53975868 0.04779996
0.17653826 -0.53773433 0.06792887
0.16052601 -0.52974665 0.01994657
0.16026995 -0.52105713 0.03630001
0.12012450 -0.53970474 0.13141631
0.13225897 -0.54613578 0.12724920
0.14294106 -0.52618152 0.12358168
0.13855244 -0.49313027 0.12653637
0.12766880 -0.50840324 0.13068862
0.15690845 -0.53492808 0.03134478
0.11381964 -0.51804084 0.12870017
0.12385872 -0.49542227 0.13050894
0.17293404 -0.52528423 0.05607025
0.16417503 -0.52263933 0.10847530
0.16143106 -0.51232326 0.11297563
0.17266683 -0.50994694 0.09604108
0.16776773 -0.54747880 0.10110889
0.17652796 -0.50583959 0.06221225
0.17710638 -0.49825862 0.07293093
0.16553423 -0.48546949 0.03239419
0.16861701 -0.49961030 0.04455634
0.16082685 -0.48663655 0.11526167
0.15097216 -0.47866422 0.12021028
0.15010743 -0.50461674 0.12104835
0.16516991 -0.43393654 0.11500102
0.17165230 -0.48238486 0.10514752
0.17401013 -0.47564256 0.04947865
0.17702788 -0.46881017 0.07718679
0.17618351 -0.49118966 0.05784886
0.16270362 -0.46568173 0.11532821
0.17455055 -0.45749167 0.10238800
0.14687170 -0.46532351 0.12182538
0.13205795 -0.46453586 0.12774622
0.12895130 -0.44796345 0.12744646
0.15006429 -0.43675566 0.11921389
0.16546156 -0.38926360 0.11235995
0.11626654 -0.41083413 0.12050768
0.10067594 -0.43712348 0.11902072
0.08830082 -0.42996284 0.11986561
0.14258355 -0.41341296 0.12109409
0.11601303 -0.39800787 0.11993551
0.09746286 -0.40673593 0.12337478
0.11781518 -0.38553557 0.11932917
0.13866806 -0.44020632 0.12456825
0.06104425 -0.42419064 0.11975709
0.16523169 -0.63852781 -0.04577610
0.17455570 -0.60131347 -0.04133844
0.21536383 -0.59101450 0.02759401
0.22053342 -0.54904675 0.01192196
0.21171907 -0.54928374 0.03413682
0.22286153 -0.65319967 0.01280131
0.21609336 -0.64980757 0.02594227
0.21615006 -0.64332396 -0.01222233
0.20332274 -0.64898622 0.03507215
0.19833599 -0.62931055 0.03876193
0.18223839 -0.64591813 0.04102224
0.21722172 -0.60498530 -0.00708825
0.21635677 -0.62122488 0.02508963
0.22161879 -0.60300112 0.01390884
0.18782020 -0.62684208 0.04329932
0.19301137 -0.49030843 -0.02965355
0.19523928 -0.47464836 -0.02574275
0.20626533 -0.48887706 -0.01075998
0.21603665 -0.47815347 0.00607588
0.21889949 -0.51622826 0.00906319
0.20598306 -0.54021257 0.04033734
0.21918134 -0.53119069 0.02067546
0.17925407 -0.52867013 0.03688035
0.19485040 -0.55222458 0.04463355
0.20158169 -0.51044583 0.04206434
0.21937753 -0.49836203 0.01841373
0.17146927 -0.55720812 0.02811993
0.20510384 -0.46084139 0.04036205
0.21436566 -0.47124609 0.03426832
0.18197025 -0.55838025 0.04347530
0.18660480 -0.53803140 0.04502922
0.17512305 -0.57221812 0.03944046
0.18964224 -0.52337849 0.04465766
0.20351954 -0.52150124 0.04080458
0.21797875 -0.46537185 0.01442654
0.21714748 -0.48646817 0.02982368
0.19021282 -0.56919068 0.04559289
0.21629621 -0.51459813 0.03092064
0.18144687 -0.50779450 0.03663782
0.21085808 -0.50354338 0.03713354
0.19931020 -0.49325696 0.04326274
0.18642195 -0.51431525 0.04290313
0.19246897 -0.50405753 0.04410857
0.17586163 -0.55353010 0.03507430
0.16105625 -0.57115066 0.01915589
0.17127745 -0.57759303 0.05021805
0.15413116 -0.56554759 0.03429133
0.15173738 -0.55837744 0.02533779
0.15931064 -0.57176280 0.04370345
0.18285342 -0.57677412 0.04438106
0.14989391 -0.57263315 0.03001783
0.14935544 -0.58216065 0.03668424
0.19963911 -0.59651685 0.03970828
0.18867303 -0.59081483 0.04495720
0.21452917 -0.57855141 0.03038246
0.19608811 -0.58056062 0.04312249
0.20038156 -0.45768598 -0.01526620
0.18350607 -0.35520986 0.03859469
0.18528219 -0.35713965 0.02652784
0.17955188 -0.35652784 0.06080162
0.18660928 -0.33652335 0.03219422
0.19222598 -0.34516975 0.02559026
0.20475902 -0.36506259 0.03257634
0.19780479 -0.38358885 0.02981636
0.18992701 -0.36859834 0.03119482
0.18308415 -0.37399939 0.03033207
0.17788459 -0.37810519 0.06825466
0.20916492 -0.34396839 0.02738000
0.19786872 -0.35543716 0.03320089
0.18716185 -0.34996545 0.02045908
0.17311433 -0.36034435 0.07536184
0.17383921 -0.37219331 0.07610419
0.17815892 -0.36530548 0.08955272
0.17257923 -0.34706604 0.08221096
0.17555749 -0.33769324 0.06798786
0.17787136 -0.32603660 0.09644320
0.17373925 -0.34956431 0.10538504
0.17788491 -0.34488237 0.09152222
0.16306314 -0.37540933 0.11098666
0.17657807 -0.37263712 0.10354035
0.17934977 -0.38597062 0.09984243
0.16855554 -0.40870440 0.11199401
0.17217374 -0.33002764 0.07638028
0.15333933 -0.40555513 0.11528663
0.17303950 -0.42084500 0.10976993
0.16896185 -0.32335272 0.10362186
0.15493135 -0.42198285 0.11687734
0.17907618 -0.40646997 0.09810147
0.17631695 -0.29652503 0.06635073
0.17984018 -0.30816799 0.08574380
0.17192262 -0.30932841 0.07965374
0.17113015 -0.28334284 0.07315923
0.17722699 -0.28683123 0.07788184
0.17732926 -0.42027190 0.09245470
0.17740165 -0.41627035 0.06777176
0.17845592 -0.40015426 0.04828376
0.17843114 -0.43483588 0.06303152
0.17475456 -0.40441057 0.07993760
0.17854358 -0.39527124 0.05845022
0.17442997 -0.41909260 0.02706517
0.19052973 -0.44628975 0.03757021
0.17549717 -0.43120298 0.10554062
0.17839001 -0.44798973 0.06988695
0.17667742 -0.46227995 0.06406385
0.17426662 -0.45561153 0.04658052
0.17675157 -0.44240803 0.05171892
0.17078061 -0.44209537 0.03107647
0.14944187 -0.65242648 0.10374869
0.12923335 -0.65252292 0.11500970
0.15066333 -0.66338843 0.10024957
0.11012500 -0.64595008 0.11621891
0.14371575 -0.66969204 0.10276385
0.15131642 -0.61738276 0.04237744
0.12773786 -0.37376010 0.11793026
0.13676956 -0.36845323 0.11322423
0.18525793 -0.62688440 -0.02771546
0.22018816 -0.58417410 0.01495206
0.21804279 -0.56589532 0.02170737
0.20922412 -0.56859821 0.03612174
0.19358473 -0.60866749 0.04166459
0.20839940 -0.61139500 0.03374858
0.17544843 -0.60648990 0.04014945
0.18097648 -0.59732836 0.04501585
0.18176213 -0.61504823 0.04442949
0.17486924 -0.62463844 0.03990809
0.15170819 -0.58312047 0.02105195
0.17172986 -0.58726573 0.03405153
0.15895291 -0.61616510 0.01817613
0.15985189 -0.60156322 0.01861104
0.16816902 -0.61480331 0.03053095
0.14605340 -0.63591844 0.01830930
0.13743763 -0.65223318 0.02116711
0.14655210 -0.62256318 0.02025349
0.15359488 -0.64349151 0.01618001
0.17699879 -0.52782667 0.02941276
0.18839210 -0.44733426 0.02613383
0.18816854 -0.47252762 0.03151532
0.19112018 -0.45699009 0.03950792
0.17112076 -0.46495506 0.03918701
0.14504521 -0.38632420 0.11384456
0.15288845 -0.38929707 0.11377764
0.15096934 -0.36097443 0.10952526
0.16185622 -0.34091893 0.10543512
0.17310576 -0.64731419 0.03646535
0.22241430 -0.62177277 0.00692512
0.16257791 -0.50358784 0.03313468
0.18745402 -0.49453637 0.04135754
0.16837740 -0.49214095 0.02064062
0.18376969 -0.48636261 0.02954636
0.17637748 -0.45165896 0.02247523
0.16730979 -0.47117519 0.02813584
0.14573076 -0.63786173 0.04140906
0.18333255 -0.32968533 0.04832868
0.06264751 -0.10648572 -0.07616740
0.03246874 -0.10590240 -0.07834498
0.01742036 -0.10623664 -0.07695826
0.00355106 -0.10705536 -0.07632131
-0.01508937 -0.10703330 -0.07619800
-0.03177901 -0.10798214 -0.07595753
-0.04656640 -0.10745468 -0.07855260
-0.06111293 -0.10531769 -0.08261563
-0.07203685 -0.09874512 -0.07502179
-0.03914359 -0.68941677 -0.12358383
-0.02919002 -0.68769276 -0.11580690
-0.01722769 -0.68499315 -0.10894542
0.00021277 -0.68048400 -0.10677442
0.01267007 -0.67722982 -0.11114557
0.02819220 -0.67389518 -0.12138093
0.03422811 -0.67412829 -0.12877253
0.03914484 -0.67748415 -0.14053676
0.05049253 -0.67987341 -0.14152049
0.06566992 -0.67913687 -0.13746604
0.07929173 -0.67809671 -0.11690417
0.09490453 -0.67561495 -0.07769202
0.11100832 -0.67547476 -0.07172621
0.09315148 -0.20160057 -0.09981502
0.11717969 -0.19504011 -0.08581274
0.08017490 -0.11798813 -0.07562602
-0.05799480 -0.11841154 -0.08207551
-0.05650571 -0.13206419 -0.08419077
-0.05557199 -0.15018189 -0.08957443
-0.05774257 -0.17164296 -0.09664963
-0.06782103 -0.18146773 -0.09927730
-0.07987019 -0.21458170 -0.10737617
-0.08231995 -0.23486963 -0.11157104
-0.04792046 -0.18520457 -0.10283827
-0.04144334 -0.23237027 -0.11597285
-0.00702993 -0.12031860 -0.08278154
-0.00382597 -0.13934615 -0.09260798
0.00340732 -0.17483044 -0.10640057
-0.00021149 -0.19119622 -0.10983837
0.01732051 -0.19301444 -0.12292974
0.02581008 -0.21763825 -0.13199204
0.03356832 -0.23983026 -0.13767363
0.03138665 -0.12126299 -0.07800021
0.03106745 -0.15280923 -0.09045397
0.03155915 -0.17140023 -0.09637313
0.04041198 -0.21313442 -0.11089078
-0.03397606 -0.12124036 -0.08712513
-0.03908138 -0.13502817 -0.09675787
-0.04936445 -0.15691592 -0.10872289
-0.06093708 -0.20612252 -0.11962384
-0.06177897 -0.22134912 -0.12056788
0.01787535 -0.15441473 -0.09820360
0.01539361 -0.19327390 -0.10502030
0.01035313 -0.16754632 -0.09549244
0.01155051 -0.12247123 -0.08454353
0.01343965 -0.13173924 -0.08250336
0.01137196 -0.11556144 -0.07730963
-0.04778769 -0.20217903 -0.11567326
-0.04440488 -0.23408748 -0.12032112
-0.04325659 -0.14610814 -0.09609599
-0.06635796 -0.21497679 -0.11507858
-0.05909969 -0.14885993 -0.10036433
0.01299147 -0.13901809 -0.09845867
0.05750162 -0.12850647 -0.08280136
0.00239144 -0.12569085 -0.09074501
0.02854286 -0.20625407 -0.12181377
0.02559834 -0.21963233 -0.12870942
0.03201449 -0.23373903 -0.12908241
0.01162637 -0.16124900 -0.10186152
0.01040255 -0.14166352 -0.09207263
-0.01317860 -0.22365502 -0.11327235
-0.02852900 -0.21876565 -0.11273859
0.00742184 -0.18230417 -0.10130290
0.00258086 -0.16863963 -0.09892891
0.00440733 -0.15433678 -0.09152853
-0.01002712 -0.18090534 -0.10428885
-0.03192845 -0.17896363 -0.10008069
-0.04400779 -0.15142952 -0.08819342
-0.03360492 -0.12329125 -0.07845170
-0.07693525 -0.12086263 -0.08049485
0.05425616 -0.11740393 -0.08059300
0.03836676 -0.21812481 -0.12672988
0.01794996 -0.16898456 -0.11315888
0.03139909 -0.19184723 -0.11784082
0.02358544 -0.14458574 -0.09102704
0.01731301 -0.21537437 -0.11134773
0.00941318 -0.20498559 -0.10951445
0.02494583 -0.18452911 -0.10162970
0.01831743 -0.15769540 -0.09137598
-0.02939516 -0.19580826 -0.10628731
-0.04428383 -0.12773085 -0.07951000
0.07054590 -0.13036314 -0.08323029
0.02886870 -0.16406234 -0.10013077
0.02323302 -0.13374867 -0.08599100
0.02482448 -0.20434031 -0.10844714
0.00391415 -0.22943577 -0.11816765
-0.01283689 -0.19059752 -0.10622034
0.00192730 -0.21197520 -0.11445536
-0.00034885 -0.16355415 -0.10217427
-0.04675530 -0.11648298 -0.07734925
-0.10327583 -0.22092204 -0.09971743
-0.08604670 -0.14055067 -0.08494616
-0.00121191 -0.12834299 -0.08201020
-0.07035600 -0.61345690 -0.12710206
-0.08601155 -0.32701394 -0.11351486
-0.12069543 -0.10798407 -0.05352201
0.01888496 -0.18398310 -0.11411471
0.03718557 -0.19961037 -0.11322176
0.02968890 -0.12959823 -0.07902395
-0.05184131 -0.17705420 -0.10774439
-0.04947465 -0.21519704 -0.11960124
-0.04444484 -0.21121006 -0.11100579
-0.06681531 -0.26308933 -0.12147482
-0.06711193 -0.19050722 -0.10980751
-0.07401767 -0.19379707 -0.10244254
-0.06531220 -0.17515668 -0.10868083
-0.12112505 -0.25500631 -0.09451054
-0.06257505 -0.16196276 -0.10216318
-0.05673964 -0.16172396 -0.10701878
-0.05220905 -0.11762124 -0.09008574
-0.05281634 -0.13698441 -0.09824947
-0.05782349 -0.13667183 -0.09261456
-0.11731182 -0.12186834 -0.06411235
-0.02101670 -0.12045854 -0.07869859
-0.02188257 -0.13610302 -0.08432989
0.01114612 -0.15217812 -0.10493769
0.04393801 -0.17404346 -0.10734577
0.03084524 -0.22031569 -0.11249105
-0.13082311 -0.14106347 -0.05831169
0.10440622 -0.64677978 -0.07329442
-0.05301220 -0.50386620 -0.13006702
0.05583594 -0.37279505 -0.13553639
0.04848084 -0.27596328 -0.13201371
0.09063879 -0.27459878 -0.11084142
-0.09964130 -0.66778916 -0.11575587
-0.05204049 -0.16721466 -0.10197476
0.11494207 -0.22637570 -0.09510344
0.03688340 -0.21603635 -0.11532646
0.04521549 -0.22100434 -0.11935756
0.06730728 -0.14628297 -0.08857723
-0.05600183 -0.17447776 -0.11569703
-0.10167055 -0.12117382 -0.07517011
0.03833701 -0.22121790 -0.12400697
0.05389194 -0.20606160 -0.11333522
0.03449166 -0.18129182 -0.11255526
-0.12526113 -0.12076866 -0.05529561
0.11798500 -0.64945424 -0.06595427
0.09797485 -0.32000703 -0.10626312
-0.09006865 -0.68642563 -0.12205388
0.02525086 -0.15734355 -0.10321957
0.02244570 -0.13770901 -0.09417671
-0.05679578 -0.23008636 -0.12227555
-0.13945514 -0.23240381 -0.07448391
-0.11753352 -0.17609546 -0.08146676
0.07779401 -0.24096176 -0.11330406
0.06916386 -0.66810715 -0.12997028
0.07026839 -0.66033161 -0.12598863
0.04479292 -0.66986632 -0.14108731
0.04820798 -0.66553164 -0.14121333
0.07749931 -0.41784722 -0.10696150
0.05024708 -0.25590965 -0.12934528
0.14185041 -0.27925101 -0.07906108
0.11704515 -0.28914890 -0.09781645
-0.04475788 -0.67697859 -0.12731244
-0.01011847 -0.67101115 -0.10846278
-0.08637712 -0.64190573 -0.12240069
-0.06010535 -0.23895459 -0.12185679
-0.01123208 -0.31136173 -0.11406995
-0.03429510 -0.27352139 -0.11904125
-0.04399950 -0.24754520 -0.12273191
-0.03706019 -0.24693041 -0.11766028
-0.11228133 -0.14132480 -0.07576162
-0.13438237 -0.18152678 -0.06831115
0.05856039 -0.67370403 -0.14094360
0.04021562 -0.67867500 -0.14085005
0.12476797 -0.55320907 -0.08198367
0.03651834 -0.66110438 -0.13295083
-0.02172062 -0.67501777 -0.11138720
0.00736852 -0.66755003 -0.10864446
-0.13297591 -0.37973112 -0.08698867
-0.04317918 -0.24100709 -0.11821706
-0.02819045 -0.23724186 -0.11617852
-0.13437837 -0.19684048 -0.07255732
-0.10146601 -0.15875974 -0.08722492
0.11088165 -0.61229223 -0.07393122
0.12716146 -0.48415029 -0.09136353
0.09837630 -0.34681088 -0.10549479
-0.12991969 -0.42401174 -0.09025481
0.05699411 -0.24754554 -0.12152243
0.07347130 -0.27142438 -0.11526538
0.09232946 -0.29532847 -0.10959707
0.07460278 -0.29019183 -0.11449640
0.06406473 -0.31626308 -0.12170642
-0.03452036 -0.68140364 -0.11978085
-0.04097318 -0.66642058 -0.12574828
-0.05049071 -0.68954885 -0.12858289
-0.11887875 -0.63413846 -0.09981222
-0.10927328 -0.60419303 -0.10248277
-0.11897733 -0.37746933 -0.09841393
-0.14322887 -0.38006836 -0.07914624
-0.01458536 -0.24729630 -0.11614559
-0.02278565 -0.26354912 -0.11727105
0.12207834 -0.58716726 -0.07675015
0.09069270 -0.64189118 -0.08365158
0.08043822 -0.62921697 -0.09791354
0.12721199 -0.46151218 -0.09216478
0.13219413 -0.44098961 -0.08886526
0.14884438 -0.44120941 -0.07350633
0.03849135 -0.67516100 -0.13706112
-0.11987541 -0.51067591 -0.09776368
-0.11028564 -0.56936175 -0.10041629
0.12239377 -0.38087907 -0.09400926
0.04569358 -0.29613468 -0.12715979
-0.06912430 -0.68748665 -0.13213386
-0.05069015 -0.65225339 -0.13070355
-0.01095968 -0.65357113 -0.10990633
-0.02632323 -0.64617217 -0.11508402
-0.03263838 -0.66405481 -0.11941377
-0.03592989 -0.64325052 -0.12322458
-0.13293727 -0.33397242 -0.08681331
-0.03549241 -0.26359203 -0.11941454
0.10925019 -0.45748574 -0.09768172
0.14179033 -0.48269758 -0.07942148
-0.09029476 -0.46515712 -0.11328578
0.11237317 -0.33847350 -0.10136950
0.04139601 -0.29302260 -0.14607514
-0.01705222 -0.63215625 -0.11224024
-0.00660358 -0.60286850 -0.11151242
-0.07818812 -0.59804553 -0.11920843
-0.13609259 -0.30012134 -0.08524094
-0.02881663 -0.28014478 -0.11835444
-0.02084990 -0.28920463 -0.11679864
0.01769651 -0.26114669 -0.11567411
-0.04379511 -0.28712669 -0.12408251
-0.00625018 -0.27772242 -0.11417656
0.02321343 -0.24970485 -0.11630559
-0.03294745 -0.29131991 -0.12035151
-0.03808627 -0.28429025 -0.12186365
-0.04025852 -0.31095985 -0.12411768
-0.04769784 -0.27562299 -0.12440219
-0.03899907 -0.27138737 -0.12215973
0.01249452 -0.23640180 -0.11475614
0.00577756 -0.25459662 -0.12015693
-0.00203040 -0.24140629 -0.11552901
-0.00658016 -0.25452855 -0.11525565
-0.03037340 -0.25473550 -0.11801319
0.07961644 -0.65647995 -0.10962509
0.10719091 -0.52968621 -0.09064969
0.00482312 -0.65677500 -0.10874035
0.02018306 -0.66264141 -0.11617783
0.02995122 -0.65259230 -0.12370749
0.03967676 -0.65079552 -0.13596001
0.04057517 -0.65421587 -0.13956970
0.03805710 -0.63894880 -0.13302147
0.12409202 -0.40672264 -0.09391224
0.07157581 -0.34871751 -0.11515371
0.08284111 -0.33395344 -0.10899027
0.03691399 -0.25151736 -0.13352104
0.05325669 -0.29498476 -0.12957123
-0.04553219 -0.26530847 -0.12344255
0.10969625 -0.49050561 -0.09490819
0.08751462 -0.53910148 -0.09921075
0.12027584 -0.51131171 -0.09032836
0.13568950 -0.53070754 -0.08091473
0.08232410 -0.49816456 -0.10254827
0.10020053 -0.42435041 -0.10116761
0.11527943 -0.42930010 -0.09706091
0.10854067 -0.38360882 -0.09982688
0.03302860 -0.24295378 -0.13436230
0.04465928 -0.24318348 -0.12502474
0.05013541 -0.25569320 -0.12518708
0.03944132 -0.27292836 -0.14315118
-0.00579167 -0.63132894 -0.11085928
-0.02967803 -0.62312275 -0.11883208
-0.01586560 -0.60209364 -0.11360945
-0.04956421 -0.61113954 -0.13123840
-0.05513281 -0.57832199 -0.13065253
-0.05403939 -0.62712312 -0.13058913
0.09837990 -0.58983600 -0.08581928
0.11076447 -0.57377142 -0.08355162
0.07690105 -0.54229558 -0.10742714
0.04574121 -0.26087350 -0.12983327
0.03446700 -0.26098993 -0.14189367
0.03544635 -0.25192887 -0.14119962
0.03703571 -0.27011725 -0.13852909
0.03782771 -0.28115931 -0.14401805
0.04404403 -0.28396392 -0.14100696
0.03843892 -0.29181647 -0.13702437
0.04433820 -0.26419330 -0.13677813
0.04260239 -0.26562977 -0.11752738
0.05142231 -0.30817574 -0.13352016
-0.03992644 -0.62074363 -0.12800039
-0.02827309 -0.58342254 -0.12101566
-0.02627306 -0.60589331 -0.11793917
-0.04168698 -0.59060621 -0.13005713
0.08090700 -0.55451536 -0.10245186
0.04138535 -0.30704749 -0.14485539
0.04297607 -0.30334869 -0.14562802
0.04262142 -0.28309309 -0.12698776
0.04813399 -0.26977912 -0.12539694
-0.04596459 -0.63297004 -0.13019986
-0.00503176 -0.55202091 -0.11255242
0.07289200 -0.55705214 -0.11530638
0.08317724 -0.58482987 -0.09870280
0.03928356 -0.28989840 -0.12505177
0.01943249 -0.28381649 -0.11363345
0.04489752 -0.29039878 -0.11445435
0.04594450 -0.27793875 -0.11833990
0.03393674 -0.27540100 -0.11652640
0.00389753 -0.26831886 -0.11934631
0.06902603 -0.55100650 -0.12411998
-0.01810981 -0.58263838 -0.11517375
0.05376752 -0.51112014 -0.14187466
0.07762487 -0.51654249 -0.10752528
0.07182065 -0.49141815 -0.11880302
0.07111850 -0.52676946 -0.12037956
0.06696042 -0.50596011 -0.12863912
0.05088044 -0.49613729 -0.14226234
0.05822369 -0.50252396 -0.13808897
0.06214297 -0.49447313 -0.13376227
0.05518044 -0.49206474 -0.14029521
0.05186157 -0.46775213 -0.14159364
0.05701682 -0.47869015 -0.13874215
0.04994358 -0.48053905 -0.14203128
0.04777181 -0.49490243 -0.14184110
0.07860133 -0.47523153 -0.10586660
0.05087799 -0.53628463 -0.14371088
0.08346055 -0.45183983 -0.10307699
0.07270358 -0.47717333 -0.11650413
0.05524994 -0.46071064 -0.13941842
0.06251869 -0.46545908 -0.13225541
0.04686904 -0.41897017 -0.14147398
0.05082529 -0.42451051 -0.14088799
0.05867136 -0.44488841 -0.13593122
0.06246478 -0.42761362 -0.12893511
0.06718890 -0.48020336 -0.12673599
0.06500753 -0.53764880 -0.13227169
0.06019282 -0.54863691 -0.13790433
0.07296328 -0.45175457 -0.11469711
0.04631685 -0.44741344 -0.12965667
0.05581886 -0.51999640 -0.14062291
0.06577781 -0.44673771 -0.12506545
0.07959212 -0.43320885 -0.10567261
0.05377870 -0.41626391 -0.13884924
0.06288433 -0.38172424 -0.12466812
0.04773737 -0.44087404 -0.14180547
0.04731380 -0.42806637 -0.13716915
0.07070582 -0.42792729 -0.11727620
0.06609625 -0.41876206 -0.12335430
0.07490584 -0.39614001 -0.10993475
0.04622630 -0.43505654 -0.14028554
0.04558942 -0.41002846 -0.13913496
0.04812859 -0.41411451 -0.13207328
0.04558530 -0.39386237 -0.12857690
0.09032038 -0.37186626 -0.10579163
0.01995249 -0.40706393 -0.11437663
0.04785870 -0.40009388 -0.14203702
0.05306043 -0.40781316 -0.13943274
0.04784260 -0.39971510 -0.13432601
0.04521597 -0.40608039 -0.14129125
0.04897519 -0.38992658 -0.14159782
0.05790742 -0.39312485 -0.13337822
0.06555530 -0.39514840 -0.12197547
0.03630831 -0.39737594 -0.12057152
0.01433792 -0.37243730 -0.11354658
0.03518000 -0.37404650 -0.11965304
0.04767018 -0.38548905 -0.13465163
0.05263190 -0.37980127 -0.13865855
0.06096539 -0.41003317 -0.12959880
0.04501542 -0.37392136 -0.13814297
0.04529126 -0.37508625 -0.14204183
0.04430980 -0.38738164 -0.14039586
-0.04626278 -0.12493746 -0.08479007
0.00986765 -0.12063878 -0.08870607
0.02779466 -0.12404153 -0.08520727
-0.01646271 -0.20661648 -0.10951323
-0.08560318 -0.19021496 -0.09965847
-0.07139143 -0.23115137 -0.11377311
-0.06935801 -0.22621010 -0.11669682
0.05699874 -0.65239739 -0.14138380
-0.11514638 -0.43253660 -0.10070265
-0.12257012 -0.47583255 -0.09719010
-0.07978342 -0.46418473 -0.11450622
-0.10049590 -0.26164347 -0.10695057
-0.11541580 -0.29164362 -0.09970652
-0.13159859 -0.26776877 -0.08757795
-0.12065011 -0.29614827 -0.09651639
-0.09313623 -0.30216223 -0.11054011
-0.08103944 -0.25710845 -0.11443251
-0.07172878 -0.26187938 -0.11665764
-0.06196545 -0.27980921 -0.12367100
-0.06907348 -0.27470592 -0.11924422
-0.07876717 -0.27812538 -0.11495270
-0.05454298 -0.26598883 -0.12369359
-0.11065717 -0.30860654 -0.10281914
-0.07064932 -0.28459314 -0.11752339
-0.06700058 -0.28438535 -0.12177378
-0.05698962 -0.29094762 -0.12437000
-0.09690016 -0.27522501 -0.10865237
-0.07934036 -0.29595122 -0.11484860
-0.07051339 -0.30916539 -0.11759863
-0.11556709 -0.34852847 -0.10039663
-0.05248238 -0.37024471 -0.12800515
-0.06499895 -0.30689886 -0.12235533
-0.04477948 -0.33551928 -0.12577865
-0.05560764 -0.32626054 -0.12632015
-0.05123534 -0.31668639 -0.12569112
-0.05658630 -0.33966514 -0.12688801
-0.06563089 -0.34555227 -0.11926904
-0.07695965 -0.33670324 -0.11525761
-0.08488711 -0.35634929 -0.11445087
-0.12230238 -0.21202148 -0.08608220
0.04277764 -0.63932413 -0.14279789
0.04515156 -0.64831620 -0.14238206
0.04138617 -0.65199506 -0.14214419
0.04094209 -0.64059567 -0.14205541
0.07610913 -0.59547961 -0.10646071
0.04776498 -0.24087870 -0.12115336
0.02786805 -0.23101829 -0.11481108
0.03872821 -0.25405031 -0.11771228
0.03051379 -0.26121384 -0.11683561
-0.01820784 -0.30928800 -0.11526471
-0.03033887 -0.31288972 -0.11962966
0.04323922 -0.31967646 -0.12058997
0.03507424 -0.30071476 -0.11427099
0.04725451 -0.30215877 -0.11972085
0.01919617 -0.30436930 -0.11348825
0.00764816 -0.29052287 -0.11704791
0.00842001 -0.31309828 -0.11393496
-0.02328025 -0.32118988 -0.11674561
-0.00467605 -0.31907991 -0.11262065
-0.08621529 -0.58916664 -0.11380945
-0.07277969 -0.56299907 -0.12298188
-0.08547337 -0.53845906 -0.11383156
-0.09170999 -0.52117336 -0.11110646
-0.07915732 -0.51683611 -0.11570370
-0.05535201 -0.53089315 -0.12992732
-0.06911116 -0.52511245 -0.12045455
0.10210099 -0.40444118 -0.10170885
-0.03450548 -0.60184848 -0.12531002
0.04762711 -0.31851366 -0.14074475
0.05558364 -0.33583459 -0.13281173
0.06068574 -0.33027440 -0.12437784
0.06321171 -0.36492023 -0.12133814
0.05554241 -0.35978508 -0.13571818
0.00224456 -0.27933919 -0.11810157
0.04833699 -0.51916659 -0.14079010
0.04846377 -0.51190263 -0.14304176
0.04677494 -0.45816535 -0.14169002
0.04706261 -0.46842632 -0.14136870
0.04834916 -0.45883450 -0.13380787
0.04807382 -0.49266881 -0.13519171
0.04796709 -0.51670390 -0.13690472
0.04408944 -0.52361244 -0.13115092
0.04083487 -0.53362429 -0.12901624
0.04390554 -0.49972013 -0.12950727
0.03665607 -0.50553685 -0.12523636
0.02752454 -0.50495028 -0.11677469
0.03118001 -0.52093780 -0.12048081
-0.00995411 -0.47008502 -0.11609709
0.01930748 -0.48815465 -0.11345645
0.04738008 -0.44674158 -0.13596968
0.04694301 -0.42700645 -0.13098493
0.03924775 -0.43250149 -0.12299960
0.04045284 -0.41502672 -0.12395041
0.01693676 -0.44058424 -0.11245428
-0.00171543 -0.40496123 -0.11254431
0.03674335 -0.46296653 -0.12202924
0.00422643 -0.43878791 -0.11091619
0.03093821 -0.44896668 -0.11789409
0.04401661 -0.47000602 -0.12791120
0.03006104 -0.47381628 -0.11880555
0.03569297 -0.48069191 -0.12250584
-0.00270580 -0.48473024 -0.11511155
0.02210580 -0.46599099 -0.11436508
-0.04092619 -0.42037803 -0.12786442
-0.05629640 -0.42216769 -0.12757638
-0.02039364 -0.42294359 -0.11928690
-0.03556538 -0.43298203 -0.12697235
-0.02322201 -0.44410428 -0.12132335
-0.01376330 -0.43803015 -0.11762395
0.07332694 -0.41219863 -0.11262810
0.04805031 -0.36956856 -0.12856199
-0.10609329 -0.19258587 -0.09370466
-0.04925905 -0.35082403 -0.12748522
-0.03730488 -0.32768822 -0.12423783
-0.03316274 -0.34190714 -0.12336344
-0.07808802 -0.38309732 -0.11542798
-0.08775720 -0.39590973 -0.11393073
-0.06009586 -0.36298192 -0.12488488
-0.02567038 -0.36401844 -0.12007137
-0.03882434 -0.36686629 -0.12618375
-0.03586863 -0.35130990 -0.12422134
0.04280091 -0.30301797 -0.13186115
0.02494747 -0.31323981 -0.11317805
0.01503405 -0.32627410 -0.11262125
-0.01700613 -0.35450190 -0.11572605
-0.02556612 -0.35367575 -0.11998148
0.01524602 -0.34437230 -0.11403377
-0.06951016 -0.47980535 -0.11801186
0.04213940 -0.32366171 -0.14228551
0.04204374 -0.31875411 -0.14507300
0.04409189 -0.33326653 -0.14349540
0.04725154 -0.34480590 -0.14130287
0.04251922 -0.33289582 -0.14068712
0.04939106 -0.32415205 -0.12776414
0.04727345 -0.32493854 -0.13247395
0.04799836 -0.31254160 -0.12251894
0.04909680 -0.33380315 -0.13212709
0.05001620 -0.34208530 -0.12793219
0.04991604 -0.33877149 -0.13138141
0.05066328 -0.35461095 -0.13031365
0.04670075 -0.30808356 -0.12724909
0.04689904 -0.33068922 -0.12334924
0.04520911 -0.35506633 -0.13764594
0.04461132 -0.35516334 -0.12470500
0.04025221 -0.33888119 -0.12130777
-0.03759545 -0.56883061 -0.12855116
-0.02899558 -0.55952996 -0.12245237
-0.04640765 -0.54164433 -0.13165788
-0.03482031 -0.54607469 -0.12734781
-0.02318448 -0.56966019 -0.11858700
-0.02669534 -0.52698195 -0.12282795
-0.04339818 -0.51496273 -0.13114449
-0.04839565 -0.55714816 -0.13190345
0.02266148 -0.56445605 -0.11579051
-0.01019343 -0.56908727 -0.11307276
-0.01524652 -0.54269725 -0.11579523
-0.00176946 -0.53025723 -0.11295865
0.00518431 -0.55773526 -0.11278538
0.03579136 -0.54564714 -0.12513760
0.02623942 -0.55068445 -0.11803538
0.03002696 -0.41393328 -0.11678215
0.00866434 -0.39005318 -0.11252706
0.00801821 -0.41525802 -0.11132856
-0.04023401 -0.45002428 -0.12897260
-0.02260048 -0.51186508 -0.12026625
-0.03421890 -0.51418388 -0.12713288
-0.03017750 -0.50286418 -0.12519512
-0.02064201 -0.47279331 -0.12055859
-0.01370561 -0.51690006 -0.11503075
-0.01461528 -0.48411086 -0.11729949
0.00945354 -0.47347674 -0.11173721
-0.05803522 -0.44954219 -0.12654762
0.01512482 -0.50981909 -0.11302072
-0.04527511 -0.46787277 -0.13114865
-0.04917148 -0.44261077 -0.13007617
-0.03563152 -0.47201988 -0.12801500
-0.07043020 -0.43283308 -0.11547510
-0.02436364 -0.48656258 -0.12181699
-0.03920638 -0.49540934 -0.13029368
-0.05250983 -0.48621982 -0.13019438
0.07492273 -0.63363218 -0.10896363
-0.08540590 -0.42850053 -0.11438961
-0.06939362 -0.38967481 -0.11590233
-0.05400993 -0.38760704 -0.12880613
-0.05640287 -0.41256204 -0.12770183
-0.02462568 -0.38000274 -0.11978485
-0.01531308 -0.37931332 -0.11545844
-0.02912508 -0.39531469 -0.12244629
-0.03582958 -0.38361746 -0.12536585
-0.01519767 -0.39238414 -0.11568800
-0.00209327 -0.37561154 -0.11190805
-0.01531035 -0.34397030 -0.11493720
-0.00590895 -0.33957323 -0.11251427
0.02615204 -0.35692954 -0.11561106
-0.00108190 -0.36135384 -0.11260154
-0.02936342 -0.41658202 -0.12316918
-0.03317308 -0.40332702 -0.12427795
-0.04358331 -0.40242699 -0.12777492
-0.02211172 -0.40125373 -0.11954714
0.04261330 -0.31462553 -0.14040676
0.04238798 -0.34379181 -0.14180899
0.04290545 -0.35850239 -0.14239681
0.04763852 -0.34648836 -0.13434157
0.01648888 -0.56169116 -0.11381207
0.01139526 -0.57596165 -0.11394509
0.04176244 -0.61419356 -0.13593675
0.02913179 -0.62142515 -0.12187101
0.03765537 -0.61370933 -0.13111615
0.03295237 -0.60382712 -0.12463999
0.03256676 -0.62896556 -0.12637299
0.01635536 -0.62147695 -0.11309197
0.02230052 -0.60887820 -0.11579899
0.02406656 -0.58096242 -0.11641555
0.00950398 -0.63228244 -0.11055019
0.02518531 -0.59279966 -0.11709853
0.04226478 -0.61842728 -0.14312927
0.01033342 -0.60029638 -0.11317560
0.05735411 -0.62628108 -0.14067094
0.05309586 -0.63920915 -0.14281735
0.03398414 -0.56792277 -0.12427133
0.03086423 -0.56031513 -0.12153026
0.03561011 -0.58884144 -0.12651150
0.04238002 -0.59680313 -0.13519590
0.04111329 -0.57935560 -0.13246457
0.05123539 -0.61164427 -0.14322282
0.04648400 -0.62396812 -0.14341742
0.03127452 -0.57574648 -0.12191860
0.04507346 -0.58306539 -0.13833340
0.04415702 -0.60434377 -0.14367700
0.05899328 -0.58404559 -0.13869296
0.04910405 -0.55997282 -0.14448011
0.04221413 -0.62533891 -0.13886555
0.04552338 -0.58908075 -0.14069876
0.04718781 -0.56773382 -0.14046092
0.07000542 -0.57235366 -0.12174245
0.07554497 -0.57259488 -0.10922142
0.06555572 -0.55735725 -0.13052183
0.06100005 -0.57021648 -0.13681924
0.04784729 -0.54205167 -0.13884903
0.07119963 -0.58964545 -0.11844983
0.06310450 -0.60473818 -0.13438405
0.05124655 -0.57578111 -0.14387059
0.05508202 -0.56034362 -0.14198041
0.05652206 -0.54141480 -0.14108966
0.04755440 -0.53462118 -0.14316539
0.04470086 -0.54743624 -0.13487419
0.06822582 -0.61175567 -0.12400650
0.05762874 -0.59793764 -0.13988833
0.04827270 -0.59539789 -0.14415655
0.04707991 -0.56948036 -0.14443661
0.06661435 -0.58107638 -0.12887037
0.02118019 -0.63314462 -0.11557861
0.01299649 -0.65003830 -0.11128274
0.06777415 -0.63285941 -0.12370085
0.06337909 -0.63615292 -0.13418661
0.04005301 -0.55615962 -0.13030867
0.04321679 -0.56599617 -0.13438345
0.03880179 -0.56329620 -0.12932508
0.02013433 -0.52634716 -0.11430980
0.09493335 -0.06650335 -0.05590964
0.13355266 -0.05653709 -0.00006475
0.13680188 -0.05307234 0.02299976
0.13363793 -0.05075459 0.04652730
0.12471299 -0.04840425 0.06760504
0.11180034 -0.04768289 0.08502071
0.09836133 -0.04731338 0.09842438
0.05362955 -0.04715283 0.13344921
0.03424213 -0.04882852 0.14088102
0.00845247 -0.05167910 0.14456654
-0.00420048 -0.05135759 0.14457767
-0.02469284 -0.05082853 0.14266934
-0.07591349 -0.04525119 0.11699416
0.14246497 -0.08940778 -0.00438703
0.11222583 -0.06255937 -0.04062723
0.14019024 -0.07016235 0.02493501
0.10192148 -0.08969453 -0.05597438
0.11214381 -0.07018631 0.08873148
0.13265534 -0.06949314 0.06149337
0.09023461 -0.07688344 -0.05749214
0.10913092 -0.07884003 -0.04738355
0.08081473 -0.04671829 0.11489648
0.12489414 -0.05837850 -0.02169817
-0.06498429 -0.04613006 0.12527908
-0.04895641 -0.04837680 0.13457641
0.01854135 -0.07377784 0.15095113
0.12241412 -0.06330546 0.07560565
-0.00186587 -0.06989850 -0.06031461
-0.03717123 -0.06980527 -0.07136610
-0.05687923 -0.07002618 -0.07132855
-0.07524735 -0.06925195 -0.06815568
-0.09170412 -0.06732006 -0.06161202
-0.10589220 -0.06454726 -0.05146408
-0.11756302 -0.06133162 -0.03866547
-0.12861164 -0.05818126 -0.02145451
-0.13454162 -0.05121775 -0.00681661
-0.13798639 -0.04934923 0.00563475
-0.13449410 -0.04209495 0.04615227
-0.12579203 -0.04088410 0.06388608
-0.10413036 -0.04296096 0.09721415
-0.08605994 -0.04478909 0.10800095
0.08474150 -0.09972101 -0.06804008
-0.12429202 -0.07790184 -0.04375033
0.01069655 -0.08621460 -0.06776252
0.04764934 -0.08724773 -0.07341029
-0.05303571 -0.08790135 -0.07929115
-0.13515230 -0.07220697 -0.01229714
-0.11343552 -0.04221914 0.08062571
0.04352157 -0.07074495 -0.06845111
-0.14494699 -0.06505641 0.00258541
-0.13899440 -0.04349099 0.02450206
-0.13800627 -0.05971540 0.05570856
-0.14545915 -0.06307463 0.02685200
-0.11214140 -0.08159336 0.10488923
-0.13608511 -0.07684230 -0.02831265
-0.02991256 -0.08568563 -0.06857202
-0.09900419 -0.09705125 -0.06865720
0.06686424 -0.07007215 -0.06610766