222 416
222 29
416 29
53 54
53 81
54 81
330 89
330 84
89 84
225 28
225 190
28 190
67 113
67 99
113 99
139 45
139 126
45 126
73 101
73 74
101 74
3 2
3 34
2 34
327 89
327 330
76 38
76 133
38 133
29 221
29 30
221 30
157 107
157 158
107 158
339 373
339 368
373 368
46 182
46 167
182 167
39 290
39 38
290 38
54 110
53 110
290 105
105 38
711 171
711 169
171 169
492 133
492 107
133 107
21 20
21 192
20 192
76 88
76 39
88 39
22 173
22 23
173 23
89 86
86 84
172 124
172 25
124 25
35 64
35 34
64 34
27 168
27 834
168 834
68 67
68 114
67 114
191 207
191 229
207 229
190 834
190 168
83 2
83 1
2 1
103 43
103 44
43 44
171 123
42 72
42 83
72 83
86 87
89 87
125 45
125 174
45 174
73 47
47 101
118 135
118 291
135 291
68 69
68 41
69 41
1358 137
1358 1372
137 1372
61 75
61 140
75 140
188 769
188 32
769 32
125 126
97 66
97 57
66 57
66 42
97 42
91 139
91 126
140 36
140 108
36 108
42 41
73 40
74 40
165 112
165 138
112 138
47 58
47 59
58 59
41 40
41 66
40 66
67 42
68 42
36 35
36 117
35 117
65 57
65 58
57 58
140 62
75 62
40 98
40 1
98 1
2475 65
2475 58
176 91
176 126
50 113
50 91
113 91
43 93
127 92
127 93
92 93
102 49
102 127
49 127
99 49
99 48
49 48
43 42
43 70
42 70
71 60
71 70
60 70
91 150
176 150
68 100
114 100
61 103
61 104
103 104
182 159
46 159
43 72
158 44
158 92
44 92
40 69
40 59
69 59
48 47
48 100
47 100
58 98
36 83
36 72
58 73
41 83
41 74
98 73
83 40
48 101
152 176
152 129
176 129
86 296
86 90
296 90
236 1381
236 8
1381 8
196 213
196 212
213 212
108 85
108 37
85 37
330 118
84 118
79 82
79 135
82 135
15 196
15 197
196 197
201 195
201 7
195 7
108 117
108 63
117 63
78 81
78 54
82 56
56 135
235 236
235 195
236 195
71 42
85 79
108 79
414 413
414 491
413 491
42 74
12 1308
12 162
1308 162
98 66
66 58
102 48
61 133
104 133
76 492
75 133
60 127
60 93
103 72
74 71
9 178
9 179
178 179
202 220
202 10
220 10
34 83
83 35
72 61
72 140
140 109
62 109
36 109
36 110
109 110
38 75
105 75
134 56
134 105
56 105
88 335
335 39
55 106
55 56
106 56
54 109
54 55
109 55
78 55
78 79
78 63
79 63
62 105
62 106
105 106
52 111
52 53
111 53
34 51
64 51
2 51
110 64
110 35
43 67
53 80
111 64
111 110
115 35
115 34
51 52
51 80
52 80
51 1
80 116
3 163
34 163
3 116
2 116
52 64
82 55
84 37
86 37
84 85
85 118
90 37
81 80
79 55
81 117
81 115
117 115
81 63
1353 136
1353 1358
136 1358
163 96
163 4
96 4
140 37
140 90
36 120
120 35
5 132
5 164
132 164
77 335
77 332
335 332
69 100
85 135
138 33
59 98
180 827
180 802
827 802
141 495
141 417
495 417
143 204
143 181
204 181
46 183
167 183
147 769
147 148
769 148
176 125
176 182
125 182
113 49
50 49
50 127
128 92
128 127
93 70
46 184
183 184
155 157
155 158
440 434
440 529
434 529
262 232
262 238
232 238
13 12
13 131
12 131
140 120
97 43
45 43
45 97
97 174
114 99
114 48
59 100
60 102
71 102
102 74
101 102
44 104
158 104
62 55
104 107
134 290
134 291
290 291
291 334
2475 112
112 65
43 139
139 67
139 113
34 116
115 80
115 116
295 136
295 200
136 200
96 120
163 120
380 386
380 379
386 379
180 225
802 225
221 31
31 30
168 169
168 123
169 123
453 250
453 267
250 267
431 518
431 433
518 433
174 65
174 175
65 175
65 149
149 175
148 193
148 175
193 175
50 151
50 128
151 128
150 50
128 158
128 155
128 153
151 153
93 44
184 394
161 238
161 233
238 233
14 131
14 255
131 255
96 132
3 4
35 163
136 215
1353 215
57 174
165 65
135 134
6 1372
6 137
137 136
6 166
137 166
137 295
87 296
200 90
200 296
90 120
416 221
180 224
180 428
224 428
204 32
204 31
32 31
142 188
142 143
188 143
249 258
249 267
258 267
711 27
169 27
250 171
250 145
171 145
26 250
26 145
208 168
208 122
168 122
149 147
147 175
150 151
94 154
94 129
154 129
152 154
152 153
154 153
150 152
152 151
153 155
155 156
153 156
94 156
156 154
299 157
299 155
297 308
297 299
308 299
299 156
46 394
176 159
159 129
16 15
16 197
219 253
219 357
253 357
263 214
263 212
214 212
14 13
162 131
4 132
4 5
120 200
120 215
200 215
165 33
165 149
33 149
217 6
217 166
177 6
177 217
295 166
216 256
216 201
256 201
381 286
381 285
286 285
221 420
221 203
420 203
143 32
221 204
184 185
183 185
167 142
142 183
193 142
193 167
148 188
186 205
186 143
205 143
190 208
26 170
26 249
170 249
172 24
25 24
244 24
244 23
24 23
456 353
456 352
353 352
188 193
125 193
125 167
147 33
194 17
194 16
17 16
252 17
252 160
17 160
130 252
130 160
251 192
251 351
192 351
213 15
194 160
162 1391
162 198
1391 198
132 215
96 215
1353 164
1353 132
294 239
294 119
239 119
217 216
216 177
296 166
296 295
201 177
218 178
218 9
346 202
346 179
202 179
243 223
243 180
223 180
204 203
203 181
187 206
187 304
206 304
142 205
205 183
304 185
187 185
187 205
185 205
186 181
186 309
181 309
228 206
228 187
187 186
187 309
229 514
229 224
514 224
28 834
208 189
190 189
453 208
453 122
244 172
173 244
230 22
230 21
22 21
192 209
20 209
193 174
197 194
210 234
210 261
234 261
197 233
196 233
199 198
199 1391
213 255
255 212
7 177
256 265
265 201
1381 218
1381 9
218 236
218 235
10 9
10 179
220 11
202 11
423 203
423 420
421 422
421 420
422 420
423 181
305 206
305 310
206 310
224 225
224 189
225 189
207 144
191 144
208 191
124 170
170 25
257 172
257 244
172 246
257 246
124 249
192 230
20 19
19 18
19 231
18 231
211 210
211 11
210 11
202 211
8 195
7 8
265 195
237 214
237 289
214 289
198 131
256 217
256 119
217 119
294 87
294 355
87 355
357 441
241 218
241 219
218 219
178 241
178 444
241 444
179 444
179 344
444 344
242 346
242 344
346 344
29 856
856 223
856 222
223 222
223 497
243 497
856 827
827 223
423 226
226 181
322 292
322 374
292 374
226 227
423 227
320 473
320 312
473 312
226 309
423 422
422 227
228 310
430 207
430 433
207 433
191 189
229 189
244 247
173 247
124 246
231 209
18 17
17 231
231 252
197 232
232 194
130 259
160 259
233 232
214 196
252 280
211 234
285 284
285 234
284 234
213 14
263 287
287 214
161 214
161 237
196 161
237 238
255 354
131 354
89 355
327 355
323 327
323 330
355 240
355 239
240 239
327 240
446 241
446 443
241 443
446 442
446 343
442 343
288 287
288 377
287 377
146 173
146 22
257 247
347 247
347 146
247 146
247 245
273 246
273 248
246 248
246 245
347 248
347 245
248 245
250 123
251 230
349 22
349 230
209 351
251 353
353 230
146 349
351 231
351 280
231 280
194 259
269 252
269 130
269 280
271 269
271 130
198 261
198 284
261 284
265 235
235 253
265 253
235 219
358 356
358 357
356 357
255 263
259 270
259 262
262 270
287 264
263 264
166 294
294 217
257 245
532 249
532 124
258 453
122 250
122 123
279 268
279 274
268 274
348 347
348 146
232 259
272 130
272 270
130 270
272 271
261 199
210 199
238 254
237 254
262 254
254 270
255 264
354 264
354 198
284 354
354 286
265 266
256 266
256 277
277 266
277 358
277 324
277 331
324 331
294 296
124 273
273 532
258 532
258 375
532 375
353 349
268 260
268 278
260 278
283 275
283 272
275 272
271 281
271 383
281 383
283 270
283 254
272 281
254 276
277 119
253 266
269 268
260 269
454 458
454 269
458 269
248 467
347 467
358 253
358 266
237 276
275 276
275 282
276 282
258 144
375 144
456 274
456 457
274 457
274 352
274 278
351 279
280 279
280 268
251 279
286 287
381 287
377 378
390 379
390 387
379 387
260 458
275 281
282 378
282 388
378 388
286 284
264 286
345 242
345 344
283 276
281 282
281 388
282 288
276 288
289 276
289 288
289 287
39 77
77 290
77 291
77 334
315 317
315 306
317 306
297 156
322 414
322 293
414 293
305 304
94 297
303 305
303 302
305 302
299 300
299 293
300 293
159 394
298 394
298 303
394 303
308 302
297 302
300 395
299 395
293 157
305 306
305 308
306 308
395 319
319 318
319 404
318 404
300 319
300 322
319 322
298 302
298 297
94 298
129 298
184 304
184 303
304 303
313 306
313 305
313 315
307 306
307 317
307 308
308 301
307 301
311 310
311 227
310 227
226 228
228 309
311 396
227 396
227 228
314 311
314 316
311 316
474 321
474 398
321 398
317 318
317 301
318 301
310 313
311 313
315 311
314 315
320 314
320 316
317 314
396 316
320 318
318 314
312 318
301 319
301 395
322 403
319 403
402 312
402 406
312 406
396 397
397 316
473 316
473 397
418 476
418 397
476 397
491 293
312 404
404 403
222 415
415 416
141 420
141 416
420 416
532 376
376 375
561 550
561 563
550 563
429 514
429 430
514 430
207 375
207 431
375 431
333 334
333 332
334 332
324 119
240 326
240 325
326 325
326 328
328 325
239 324
325 324
325 239
326 323
323 328
327 326
451 328
451 323
334 330
334 118
360 358
360 277
323 329
330 329
331 328
331 359
328 359
331 325
335 337
337 332
359 95
359 362
95 362
331 360
360 359
334 329
333 329
333 452
332 452
359 451
338 335
338 88
88 493
366 341
366 342
341 342
338 337
337 368
337 452
368 452
339 369
339 361
369 361
341 451
341 323
366 339
342 339
373 340
373 333
340 333
342 340
341 340
323 340
373 342
446 444
445 345
445 344
445 444
345 593
445 593
548 345
548 593
234 346
211 346
348 349
463 457
463 278
457 278
350 348
350 349
144 453
279 352
456 349
434 441
440 441
357 434
356 434
362 437
362 356
437 356
359 356
356 360
438 362
438 95
363 95
363 451
95 451
438 371
95 371
363 371
372 365
372 371
365 371
365 436
365 438
436 438
368 367
410 370
410 292
370 292
411 410
411 480
410 480
368 411
370 411
370 368
337 370
338 370
367 369
367 339
338 336
336 370
374 370
374 336
372 361
371 361
364 365
364 372
490 361
490 369
408 412
408 490
412 490
371 366
363 366
341 363
373 452
413 374
414 374
329 340
376 534
532 534
431 376
431 590
376 590
378 390
380 287
380 381
377 390
378 288
380 377
392 381
392 285
380 608
381 608
377 379
383 388
383 563
388 563
504 510
504 508
510 508
455 454
455 271
454 271
382 393
382 389
393 389
383 455
242 285
242 234
387 384
387 389
384 389
562 387
562 389
386 385
380 385
386 384
384 379
384 382
388 390
388 562
390 562
563 455
392 242
392 608
382 386
606 382
606 386
546 602
546 464
602 464
345 392
561 393
561 549
393 549
394 129
308 395
227 472
422 472
472 396
473 321
321 312
418 396
418 472
398 397
398 476
474 476
398 473
372 412
412 364
404 400
400 403
485 399
485 482
399 482
404 402
403 401
403 409
401 409
400 402
405 488
405 400
488 400
401 400
480 488
480 408
488 408
405 399
399 488
483 402
483 407
402 407
405 402
482 405
482 483
405 483
475 321
475 474
406 407
406 475
475 407
475 477
474 477
322 409
409 292
369 411
367 411
409 410
401 410
480 369
412 361
401 480
413 336
413 492
492 491
157 491
415 141
417 418
417 419
418 419
426 474
426 476
418 425
417 425
141 421
422 419
419 472
421 419
417 421
496 417
496 495
417 427
495 415
424 427
424 496
427 496
478 477
478 479
477 479
426 425
426 427
425 427
426 565
427 565
427 566
566 565
571 478
571 479
477 426
477 565
514 428
347 470
348 470
518 590
546 543
546 542
543 542
518 519
430 229
362 439
439 437
529 356
529 437
600 601
600 594
601 594
364 481
412 481
528 531
528 530
531 530
435 529
435 437
439 435
439 438
600 436
600 365
439 436
528 529
528 435
442 440
442 121
440 121
219 443
441 443
441 219
441 442
442 443
121 343
444 343
121 593
445 343
121 520
121 603
520 603
555 583
555 581
583 581
385 605
385 604
605 604
121 449
440 449
448 528
448 450
528 450
528 449
448 449
453 191
537 458
537 539
458 539
550 455
350 456
466 347
466 470
260 463
470 350
470 459
350 459
465 466
465 460
466 460
535 459
535 456
459 456
456 461
459 460
461 463
461 462
463 462
461 457
458 463
468 463
468 458
537 468
543 535
543 538
535 538
546 460
464 460
465 469
460 469
466 467
465 467
273 467
535 461
535 462
468 462
537 462
460 543
459 543
537 541
464 469
549 552
549 391
552 391
460 470
449 520
550 549
550 391
549 471
393 471
539 455
539 550
539 454
321 406
425 476
475 478
479 564
564 477
564 565
566 574
574 565
487 610
487 484
610 484
478 575
571 575
614 481
614 489
481 489
601 364
601 481
481 408
489 488
489 399
488 401
490 480
408 489
485 614
485 489
616 610
616 613
610 613
483 486
407 486
485 487
482 487
407 478
478 486
486 487
487 483
614 484
485 484
575 486
611 486
611 575
575 572
575 612
572 612
492 88
491 107
492 493
413 493
338 493
493 336
497 222
494 415
494 222
495 494
495 500
494 500
494 497
494 498
497 498
500 496
505 424
505 499
424 499
501 428
501 429
428 429
505 502
499 502
500 498
243 498
243 428
243 501
500 501
498 501
500 499
499 496
501 499
503 505
503 504
505 504
424 567
505 567
499 516
516 502
502 504
516 501
429 516
507 510
507 502
510 502
507 517
507 511
517 511
510 512
512 508
507 515
502 515
504 578
504 573
578 573
576 577
576 568
577 568
512 511
510 511
578 508
578 509
508 509
579 578
579 582
578 582
512 509
517 515
512 506
511 506
544 542
544 545
542 545
554 560
554 553
560 553
545 512
545 506
513 512
513 609
512 609
609 560
560 513
429 433
519 516
519 433
516 433
517 506
516 515
517 519
515 519
519 432
518 432
591 432
591 592
432 592
450 447
450 521
447 521
603 593
448 522
448 520
522 520
524 527
524 526
527 526
521 448
522 521
521 523
525 527
525 524
527 523
527 521
605 603
605 520
527 447
589 618
589 584
618 584
605 522
449 529
531 435
531 439
531 599
439 599
600 595
600 531
595 531
594 596
594 595
596 595
594 597
594 617
597 617
450 530
450 596
530 596
273 533
273 534
533 534
465 592
469 592
467 533
465 533
533 592
602 591
591 464
590 534
590 592
534 592
541 540
541 560
540 560
535 541
539 536
540 537
540 536
537 536
545 609
462 541
538 609
538 542
609 542
547 506
547 517
547 519
547 432
506 544
538 560
602 544
546 544
506 602
591 547
602 547
552 471
559 550
559 391
551 391
551 558
391 558
536 559
536 551
559 551
552 556
552 558
556 558
513 555
513 581
556 555
556 554
555 554
553 540
553 536
551 554
558 554
560 555
553 551
556 557
556 583
557 583
552 615
552 557
615 557
577 586
577 580
586 580
585 581
585 583
583 587
557 587
471 615
471 607
471 524
607 524
526 471
538 541
539 559
561 389
561 562
563 562
364 600
566 424
566 569
424 569
574 569
574 564
567 569
573 570
573 503
570 503
570 567
567 503
576 574
568 574
574 570
569 570
574 571
571 564
568 572
568 571
572 571
582 577
577 579
576 570
577 572
573 576
579 576
579 573
509 582
513 582
581 582
513 509
572 580
580 585
580 588
585 588
581 577
587 585
526 617
526 589
617 589
615 584
615 587
584 587
584 585
581 586
585 586
584 588
526 447
617 596
610 611
611 613
589 615
615 526
432 590
464 592
393 607
382 607
607 525
595 530
597 601
598 616
598 618
616 618
618 617
618 597
601 614
601 598
614 598
597 598
598 484
598 610
599 436
599 600
548 392
603 548
548 385
603 385
607 523
523 525
522 604
604 523
604 606
523 606
604 386
606 607
548 608
608 385
611 487
612 613
612 611
613 588
613 584
580 612
588 612
616 584
447 596
447 617
522 523
688 687
688 675
687 675
752 635
752 707
635 707
688 661
688 723
661 723
635 705
688 747
675 747
1024 699
1024 651
699 651
752 780
752 795
780 795
690 685
690 674
685 674
684 725
684 695
725 695
822 795
822 780
678 655
678 690
655 690
794 634
794 822
634 822
794 633
633 634
778 842
778 794
842 794
675 689
675 690
689 690
633 842
632 633
632 842
722 692
722 691
692 691
691 676
691 727
676 727
676 678
691 678
691 655
692 655
687 689
699 680
699 650
680 650
638 799
638 637
799 637
638 639
638 798
639 798
640 641
640 868
641 868
668 751
668 750
751 750
1050 1049
1050 798
1049 798
955 2504
955 723
2504 723
684 682
684 666
682 666
697 655
697 656
655 656
677 676
677 620
676 620
630 804
630 2019
804 2019
808 806
808 841
806 841
955 697
955 731
697 731
698 681
698 730
681 730
702 649
702 648
649 648
649 750
702 750
649 650
750 650
649 680
648 680
648 679
680 679
648 703
716 703
716 725
703 725
648 695
695 703
806 830
808 830
699 698
699 669
698 669
755 624
755 625
624 625
746 625
746 626
625 626
681 901
681 900
901 900
626 627
626 741
627 741
694 654
694 653
654 653
759 646
759 709
646 709
693 694
693 681
694 681
623 624
623 755
709 757
709 754
757 754
682 667
703 758
703 702
758 702
702 668
694 670
694 729
670 729
695 679
693 654
667 670
667 671
670 671
666 665
666 683
665 683
730 694
730 729
684 683
653 672
653 652
672 652
652 670
670 653
672 743
743 652
671 716
671 647
716 647
720 666
720 671
666 671
647 719
647 717
719 717
718 665
718 664
665 664
709 645
646 645
645 621
645 622
621 622
645 718
645 721
718 721
646 953
646 954
953 954
953 645
686 647
686 743
647 743
696 621
696 721
621 721
664 953
664 696
953 696
742 627
742 1972
627 1972
953 621
647 646
647 954
1017 643
1017 644
643 644
701 686
701 678
686 678
813 644
813 762
644 762
955 678
678 697
832 837
832 831
837 831
744 621
744 645
673 719
673 725
719 725
1035 1037
1035 1036
1037 1036
620 687
620 619
687 619
680 669
786 835
786 811
835 811
835 761
661 677
677 723
684 673
683 673
954 665
954 720
665 720
747 726
747 662
726 662
646 718
647 725
717 646
896 904
896 894
904 894
652 716
743 716
647 744
744 646
663 722
663 662
722 662
660 697
660 656
662 727
662 661
727 661
138 745
745 33
650 651
769 775
147 775
743 656
672 656
704 672
704 653
656 685
685 655
685 736
736 674
657 672
657 704
663 773
663 737
773 737
714 738
714 728
738 728
663 726
663 739
726 739
656 692
739 773
1036 765
1036 766
765 766
686 655
723 687
667 729
900 903
900 907
903 907
619 723
619 677
727 677
689 620
657 658
704 658
667 666
662 688
689 678
660 740
660 749
740 749
738 740
714 740
748 729
748 667
744 696
620 678
723 620
723 678
655 743
647 759
701 620
695 682
679 682
748 679
748 669
679 669
700 653
700 654
758 716
758 647
668 784
702 784
700 704
732 704
732 700
658 732
658 764
732 764
732 915
705 706
705 707
706 707
705 753
753 706
779 778
779 794
998 861
998 824
861 824
846 845
846 803
845 803
1088 1191
1088 1075
1191 1075
757 755
755 754
1048 1198
1048 862
1198 862
834 809
834 785
809 785
27 814
659 915
659 933
915 933
790 816
790 792
816 792
32 789
769 789
774 714
774 737
714 737
660 738
656 738
715 739
715 736
739 736
658 735
658 736
735 736
656 736
657 736
657 656
674 739
674 726
670 716
673 718
683 718
718 717
717 673
647 720
686 744
701 744
696 701
722 728
663 728
727 722
690 726
690 747
728 692
748 682
748 730
730 669
749 791
749 731
791 731
660 731
731 775
731 745
775 745
758 759
956 668
956 784
758 784
706 821
1145 1134
1145 967
1134 967
827 801
801 802
905 935
905 934
935 934
756 709
756 645
622 756
759 784
643 787
643 642
787 642
978 984
978 1016
984 1016
763 814
763 853
814 853
814 711
763 711
933 1130
933 936
1130 936
771 735
771 734
735 734
765 749
749 766
1031 712
1031 734
712 734
940 1039
940 1127
1039 1127
764 735
771 712
715 735
715 771
715 773
771 773
1036 772
766 772
774 773
728 737
692 738
766 740
766 714
956 741
956 627
742 628
1972 628
765 770
770 749
745 2504
138 2504
751 742
751 776
742 776
750 793
751 793
777 753
777 797
753 797
782 636
782 637
636 637
880 881
880 843
881 843
804 631
630 631
1120 892
1120 844
892 844
783 808
783 629
808 629
755 724
756 757
757 623
759 754
754 724
754 784
724 784
837 812
812 831
28 809
1017 787
853 813
853 762
936 764
936 659
764 659
764 734
1037 765
789 31
1058 988
1058 874
988 874
792 769
792 775
792 789
816 789
791 770
791 817
770 817
772 771
772 712
1036 712
774 766
772 773
1036 1033
712 1033
772 774
775 33
956 751
627 751
746 741
745 955
791 775
775 817
793 776
793 841
776 841
829 842
829 865
842 865
752 2016
2016 635
861 781
781 824
798 799
798 825
825 799
776 628
776 808
628 808
628 629
724 746
755 746
642 812
642 837
863 878
863 864
878 864
810 851
810 809
851 809
814 788
27 788
834 788
785 788
789 767
789 815
767 815
1054 874
1054 1018
874 1018
987 857
987 988
857 988
817 818
817 790
818 790
956 746
724 956
781 796
781 797
796 797
706 777
777 821
865 885
865 867
885 867
842 885
778 885
822 779
795 2016
752 821
707 821
821 780
781 636
782 824
824 636
998 862
824 862
799 782
1050 639
825 1049
878 800
863 800
631 632
631 829
632 829
783 2019
783 804
804 803
804 845
846 849
803 849
806 805
830 807
785 851
28 810
810 811
28 811
851 761
810 761
811 225
811 802
802 786
786 801
813 976
813 1017
976 1017
812 787
974 812
974 787
788 853
853 852
788 852
815 31
815 854
815 838
854 838
815 30
875 839
875 857
839 857
767 816
817 765
818 820
818 819
820 819
792 817
936 734
818 1037
817 1037
1209 1207
1209 1210
1207 1210
820 1037
818 816
819 816
840 816
840 819
819 858
820 858
840 859
840 855
859 855
821 1019
1019 780
877 1019
877 777
1019 777
1019 822
823 779
823 822
782 826
782 862
826 862
796 777
639 800
860 1050
860 800
1050 800
799 826
825 826
826 1048
825 1048
640 879
640 878
879 878
871 835
871 828
835 828
849 829
849 865
829 803
629 2019
783 845
783 830
845 830
1022 832
1022 831
785 852
851 852
811 761
851 873
873 852
835 836
836 761
767 854
1018 30
1018 815
1018 838
30 874
874 29
839 856
839 988
856 988
767 840
854 840
778 876
779 876
823 1019
828 786
828 801
865 850
803 631
830 843
843 807
880 848
880 847
848 847
986 848
986 843
848 843
843 845
843 846
846 986
848 844
844 847
850 968
850 986
968 986
986 844
892 847
962 959
962 970
959 970
850 867
846 850
849 850
968 867
833 886
833 868
886 868
832 833
832 641
833 641
873 733
733 852
873 761
873 836
871 990
871 989
990 989
975 813
975 733
813 733
1028 855
1028 859
854 855
854 1029
855 1029
856 874
839 827
859 858
859 713
858 713
858 840
957 778
957 876
823 876
863 860
879 886
879 760
886 760
860 1103
860 1165
1103 1165
879 868
875 827
801 875
991 990
991 875
990 875
828 990
801 990
963 885
963 778
893 946
893 890
946 890
866 847
866 892
866 890
892 890
963 867
886 985
833 985
733 853
887 888
887 983
888 983
873 869
869 733
983 733
983 869
869 887
1000 836
1000 994
836 994
999 872
999 836
872 836
872 873
976 973
976 974
973 974
976 975
787 976
882 911
882 1023
911 1023
877 796
880 866
880 883
866 883
806 881
883 882
882 880
807 881
807 806
882 881
698 901
833 1022
1022 984
1022 985
984 985
1003 872
1003 999
1003 887
887 872
1011 891
1011 888
891 888
871 836
872 869
805 793
805 841
889 895
889 884
895 884
884 894
884 883
894 883
895 896
896 884
889 866
884 866
889 890
710 979
710 981
979 981
870 983
870 888
805 1023
805 651
1023 651
932 949
932 935
949 935
911 883
897 895
897 889
908 913
908 905
913 905
651 793
882 805
805 881
900 693
926 1024
926 651
698 1025
1025 901
900 654
899 903
899 901
903 901
1025 699
896 914
896 912
914 912
904 912
904 909
912 909
916 904
916 909
915 764
910 909
910 917
909 917
898 951
898 902
951 902
893 892
893 1120
938 929
938 928
929 928
902 907
902 903
898 917
898 929
917 929
915 700
915 942
700 942
654 907
906 700
906 654
910 916
894 916
905 919
905 929
919 929
708 914
708 895
914 895
902 910
902 917
903 910
899 910
910 925
899 925
916 911
911 894
912 917
917 908
912 908
912 913
897 708
913 914
913 708
947 1066
947 1065
1066 1065
922 923
922 918
923 918
932 708
935 708
933 942
908 929
1128 1132
1128 950
1132 950
916 926
926 911
925 916
905 921
921 919
923 930
922 930
934 921
922 937
922 919
937 919
921 922
934 920
920 921
930 921
930 920
939 922
939 918
1067 930
1067 920
932 897
1129 1132
1129 1128
1023 926
927 916
927 925
926 927
1025 899
899 927
919 928
937 938
937 928
929 941
938 941
952 924
952 933
924 933
938 943
943 941
935 913
1064 923
1064 930
1082 1060
1082 1072
1060 1072
924 1130
918 1039
1039 939
942 951
942 943
951 943
951 907
1031 1033
936 1031
1130 1031
937 939
939 938
1039 938
1040 1210
1040 1211
1210 1211
943 940
938 940
898 941
941 951
951 906
944 932
944 945
932 945
945 897
945 889
944 949
944 946
945 946
948 935
948 949
1067 1065
1067 1064
1065 1064
934 947
947 920
1066 1125
1066 1203
1125 1203
934 948
948 947
1125 947
1068 1065
1068 1073
1065 1073
1125 948
946 949
1122 949
1122 946
1038 1127
1038 1039
1129 940
1129 1127
950 1206
950 1209
1206 1209
942 952
943 952
920 1065
940 952
940 924
664 954
622 953
977 980
977 979
980 979
980 831
977 831
1034 1033
1034 1031
958 959
958 957
959 957
1026 957
1026 876
958 964
958 966
964 966
962 957
957 963
962 963
964 957
959 961
958 961
1046 969
1046 966
969 966
961 970
964 1026
1026 967
964 967
969 961
961 966
1134 965
1134 1046
965 1046
960 970
960 961
966 967
966 1134
962 867
962 968
970 968
970 971
960 971
823 1026
1148 1152
1148 1146
1152 1146
969 1137
969 971
1137 971
969 960
970 972
971 972
968 972
971 1121
1137 1121
1120 972
1120 971
968 844
972 844
1049 1053
977 984
977 1022
980 812
974 980
973 980
973 982
973 870
982 870
983 982
984 979
710 1011
710 1010
1011 1010
980 981
973 981
982 976
870 981
975 983
975 982
870 891
891 981
891 710
710 984
768 1173
768 987
1173 987
1069 1071
1069 1063
1071 1063
991 857
990 992
991 992
992 857
992 987
992 989
989 993
989 994
993 994
993 995
1176 1175
1176 1172
1175 1172
993 1177
1177 995
1005 994
1005 995
994 995
1005 1000
997 1004
997 995
1004 995
1004 1005
888 1001
887 1001
997 1189
997 1187
1189 1187
760 864
1051 1048
1051 1053
1048 1053
1021 1019
1021 877
998 1198
861 1020
861 796
1020 796
1000 999
1007 996
1007 1195
996 1195
1011 1009
999 1002
1010 1009
1010 1012
1009 1012
999 1006
1003 1008
1003 1001
1008 1001
1013 1016
1013 1010
1016 1010
1000 1006
1005 1006
996 1004
996 997
1006 1004
1006 1007
1004 1007
1009 1001
1009 1008
1006 1002
1007 1002
1007 1098
1195 1098
1012 1002
1012 1007
1012 1098
1002 1008
1002 1003
1012 1008
1011 1001
1010 1098
1015 1014
1015 1013
1014 1013
1186 1088
1186 1087
1088 1087
1098 1015
1098 1013
1149 1217
1149 1145
1217 1145
978 1115
978 1112
1115 1112
1016 710
1013 1114
1114 1016
1115 1114
1115 1113
1114 1113
978 1114
1029 838
1057 1055
1057 1083
1055 1083
1099 1018
1099 838
1055 1018
1055 1099
1021 1020
877 1020
1021 823
1021 967
1020 967
650 793
927 1024
1025 1024
1025 927
1021 1026
1204 1126
1204 1166
1126 1166
1100 1029
1100 1205
1029 1205
1028 1027
1028 1030
1027 1030
1027 713
1028 713
1028 1029
1029 1030
1027 1205
1030 1205
1130 1034
1129 1131
1129 1034
1131 1034
1035 1208
1035 820
1208 820
1035 1033
1035 1032
1033 1032
1034 1032
1038 918
942 906
1140 1136
1140 1135
1136 1135
948 1123
949 1123
1208 1133
1035 1133
1131 1032
1146 1041
1146 1134
1041 1134
1042 1135
1042 1043
1135 1043
1044 1134
1044 1041
1044 965
1090 1089
1090 1080
1089 1080
1043 1150
1044 1043
1041 1043
1084 1202
1084 1160
1202 1160
1145 1146
1147 1158
1147 1218
1158 1218
965 1136
1044 1136
1041 1152
969 1047
1046 1047
1160 1164
1136 1043
965 1139
965 1047
1139 1047
1165 1050
1101 1103
1101 1117
1103 1117
1199 1217
1199 1104
1217 1104
1020 1149
861 1149
825 1053
1198 1051
1049 1165
1165 1053
1051 1052
1053 1052
1101 1052
1101 1053
1054 1058
1054 1055
1055 1058
1056 1099
1056 1100
1099 1100
1056 1055
1057 1058
1057 1170
1083 1170
1166 1055
1166 1056
1166 1083
1168 1083
1168 1166
1181 1057
1181 1170
1058 1070
1057 1070
1060 1083
1060 1168
1166 1167
1061 1060
1061 1059
1060 1059
1062 1061
1062 1059
1063 1215
1063 1068
1215 1068
1063 1061
1063 1062
1215 1064
1064 1068
1215 1062
1061 1072
1059 1216
1059 1215
1216 1215
1038 1214
918 1214
1215 923
1065 1079
1066 1079
1203 1079
1069 1068
1069 1073
988 1070
1070 1181
1070 768
1181 768
1061 1071
1078 1079
1078 1081
1079 1081
1086 1072
1086 1071
1072 1071
1071 1074
1069 1074
1069 1075
1075 1074
1075 1073
1086 1074
1086 1190
1074 1190
1075 1076
1073 1076
1073 1079
1073 1078
1078 1080
1078 1076
1080 1076
1080 1077
1078 1077
1203 1081
1084 1090
1084 1077
1090 1077
1089 1076
1164 1090
1164 1084
1075 1087
1081 1077
1085 1089
1085 1092
1089 1092
993 1175
1175 1177
1089 1087
1070 987
1181 1182
1181 1174
1182 1174
1072 1193
1086 1193
1181 1194
1170 1194
1083 1082
1082 1170
1084 1081
1086 1178
948 1124
1081 1202
1076 1087
1085 1087
1091 1087
1091 1085
1186 1091
1192 1088
1192 1186
1090 1092
993 1172
996 1187
1138 1122
1138 893
1122 893
1202 1141
1141 1160
1085 1096
1197 1091
1197 1096
1091 1096
1096 1094
1096 1095
1094 1095
1164 1092
1186 1014
1091 1014
1015 1188
1015 1186
1188 1186
1195 1015
1094 1085
1094 1092
1197 1014
1158 1042
1158 1150
1042 1150
1094 1093
1093 1095
1093 1092
1196 1096
1196 1095
1093 1097
1093 1200
1200 1097
1153 1116
1153 1201
1116 1201
1100 838
1205 1204
1204 1100
1204 1056
1104 998
1104 1198
1104 861
1052 1102
1102 1151
1102 1199
1151 1199
1199 1198
1102 1101
1117 1105
1117 1102
1105 1102
1149 1104
1110 1106
1110 1107
1106 1107
860 1110
1110 1103
760 1112
760 1108
1112 1108
1117 1153
1153 1105
1045 1217
1045 1154
1217 1154
1105 1151
1165 1101
863 1106
1106 860
886 1112
760 1106
1106 864
1110 1117
1111 1118
1111 1107
1118 1107
1115 1111
1111 1112
985 1112
1106 1108
1110 1109
1107 1109
1108 1111
1108 1107
1118 1115
978 985
1118 1109
1117 1109
1109 1153
1118 1113
1119 1116
1119 1113
1116 1113
1118 1116
1116 1109
1121 1120
1138 1121
893 1121
1137 1142
1142 1121
1138 1142
1122 1123
1144 1124
1144 1123
1124 1123
1213 950
1213 1038
950 1038
1132 1127
1132 1038
1040 1131
1040 1128
1131 1128
1130 1129
1131 1133
1129 924
1211 1207
1211 1208
1207 1208
1161 1042
1161 1158
1135 1161
1161 1159
1159 1160
1159 1141
1136 1139
1143 1144
1143 1138
1144 1138
1142 1143
1137 1047
1137 1139
1139 1142
1135 1159
1135 1141
1136 1143
1140 1143
1141 1140
1143 1139
1144 1140
1122 1144
1146 1045
1145 1045
1148 1045
1199 1154
1150 1218
1150 1041
1150 1152
1147 1157
1157 1158
1149 967
1218 1148
1148 1147
1154 1151
1154 1155
1151 1155
1151 1156
1105 1156
1147 1155
1148 1155
1097 1119
1097 1095
1119 1095
1200 1157
1200 1153
1157 1153
1119 1201
1156 1155
1153 1156
1156 1147
1157 1156
1200 1162
1162 1157
1154 1148
1159 1163
1161 1163
1163 1160
1162 1158
1161 1162
1093 1164
1093 1163
1164 1163
1162 1163
1163 1200
1126 1167
1169 1167
1169 931
1167 931
1169 1216
931 1216
1168 1167
1168 1169
1168 1059
1216 1213
931 1213
1169 1059
1126 1212
1126 931
1212 931
923 1214
1082 1193
1082 1194
1193 1194
1183 1178
1183 1190
1178 1190
989 1173
992 1173
1172 1174
1172 1171
1174 1171
1172 989
1172 1173
1173 1174
1175 1179
1176 1179
1185 1180
1185 1179
1180 1179
1189 1177
1189 1179
1177 1179
1176 1171
1177 997
1183 1171
1171 1178
1192 1180
1192 1185
1188 1189
1188 1180
1189 1180
1171 1182
1182 1178
1183 1184
1183 1185
1184 1185
1176 1185
1183 1176
768 1174
1074 1184
1191 1185
1191 1184
1192 1191
1195 1187
1195 1188
1187 1188
1188 1192
1190 1184
1075 1184
1182 1193
1193 1178
1182 1194
1013 1197
1197 1114
1119 1196
1113 1196
1113 1197
1197 1196
1051 1199
1102 1051
1097 1201
1200 1201
1203 1202
1124 1202
1124 1203
1124 1141
1124 1125
1140 1124
1027 1209
1027 1206
1126 1205
1027 1126
858 1207
1207 713
1128 1210
1208 858
1133 1040
1133 1211
713 1209
950 1210
1212 1206
1126 1206
1212 950
1213 1212
1213 1214
1216 1214
1214 1215
1152 1218
1608 1374
1608 1582
1374 1582
1252 1253
1252 1291
1253 1291
1288 1299
1288 1339
1299 1339
1327 1277
1327 1244
1277 1244
1391 1359
1391 1412
1359 1412
1246 1321
1246 1245
1321 1245
1247 1325
1247 1250
1325 1250
1317 1248
1317 1318
1248 1318
1250 1251
1250 1298
1251 1298
1247 1246
1247 1345
1246 1345
1540 1667
1540 1395
1667 1395
1253 1286
1253 1303
1286 1303
1251 1276
1251 1326
1276 1326
1299 1265
1393 1522
1393 1227
1522 1227
1304 1262
1304 1328
1262 1328
1304 1279
1304 1492
1279 1492
1264 1263
1264 1492
1263 1492
1228 1393
1228 1227
1302 1303
1302 1298
1303 1298
1230 1231
1230 1417
1231 1417
1246 1303
1246 1287
1303 1287
1434 1542
1434 1363
1542 1363
1221 1286
1221 1252
1286 1252
1287 1245
1395 1381
1395 9
1411 1419
1411 1437
1419 1437
1278 1289
1278 1302
1289 1302
1279 1290
1304 1290
1253 1290
7 1419
1419 177
1290 1289
1289 1279
1278 1279
1305 1282
1305 1300
1282 1300
1288 1254
1288 1255
1254 1255
1337 1296
1337 1281
1296 1281
1249 1248
1249 1307
1248 1307
1296 1292
1292 1281
1249 1301
1249 1404
1301 1404
1295 1292
1295 1258
1292 1258
1248 1247
1248 1273
1273 1247
1269 1316
1269 1270
1316 1270
1340 1307
1340 1246
1307 1246
1307 1247
1319 1273
1319 1316
1273 1316
1307 1301
1311 1353
1311 1324
1353 1324
1295 1293
1295 1338
1293 1338
1307 1306
1306 1301
1294 1293
1294 1302
1293 1302
1245 1340
1320 1268
1320 1267
1268 1267
1244 1245
1244 1322
1245 1322
1318 1402
1318 1315
1402 1315
1321 1274
1321 1320
1274 1320
2467 1312
2467 1313
1312 1313
1270 1276
1276 1269
1317 1315
1317 1271
1315 1271
1276 1325
1325 1269
1268 1274
1268 1316
1274 1316
1326 1271
1326 1355
1271 1355
1275 1298
1275 1251
1247 1298
1298 1246
1345 1325
1250 1276
1354 1251
1354 1326
1251 1608
1354 1608
1322 1267
1322 1266
1267 1266
1267 1346
1268 1346
1323 1244
1323 1322
1223 1244
1223 1222
1244 1222
1222 1323
1222 1221
1323 1221
1314 1272
1314 1349
1272 1349
1266 1222
1266 1221
1266 1277
1266 1327
1277 1245
1222 1286
1222 1327
1327 1223
1247 1319
1319 1246
1286 1287
1222 1287
1244 1287
1287 1223
1346 1245
1346 1277
1256 1283
1256 1606
1283 1606
1270 1317
1270 1271
11 1414
11 1429
1414 1429
1235 1382
1235 1234
1382 1234
1421 1367
1421 1396
1367 1396
1491 1297
1491 1252
1297 1252
1237 1366
1237 1423
1366 1423
1375 1242
1375 1956
1242 1956
1608 1275
1608 1436
1436 1374
1400 1241
1400 1385
1241 1385
1844 1330
1844 1956
1330 1956
1262 1332
1332 1328
1304 1263
1263 1262
1397 1384
1397 1383
1384 1383
1300 1259
1293 1257
1295 1257
1966 1239
1966 1368
1239 1368
1285 1284
1285 1255
1284 1255
1491 1490
1490 1297
1501 1296
1501 1580
1296 1580
1302 1253
1253 1294
1259 1258
1259 1292
1253 1297
1544 1669
1544 1543
1669 1543
1365 1551
1365 1550
1551 1550
1297 1332
1297 1294
1332 1294
1288 1278
1278 1254
1285 1254
1284 1256
1256 1255
1256 1288
1254 1302
1253 1289
1285 1302
1576 1575
1576 1299
1575 1299
1331 1263
1331 1264
1492 1278
1492 1339
1278 1339
1263 1333
1331 1333
1333 1294
1333 1332
1338 1329
1259 1296
1259 1260
1296 1260
1261 1336
1261 1280
1336 1280
1280 1252
1280 1291
1270 1326
2464 1221
2464 1252
1220 2464
1220 1252
1280 1220
1336 1220
1328 1334
1328 1261
1334 1261
1336 1219
1261 1219
1339 1265
1339 1264
1265 1264
1261 1490
2464 1491
1220 1491
1491 1336
1336 1490
1256 1578
1578 1288
1267 1277
1575 1577
1576 1577
1284 1283
1296 1575
1337 1575
1302 1257
1300 1357
1300 1258
1357 1258
1302 1350
1257 1350
1258 1257
1282 1388
1282 1330
1388 1330
1295 1281
1493 1347
1493 1498
1347 1498
1283 1275
1284 1275
1252 1335
1252 1336
1335 1336
1336 1272
1272 1219
2467 2492
1313 2492
1312 1219
2467 1219
1285 1298
1285 1275
1373 1245
1373 1244
1294 1331
1338 1294
1393 1524
1228 1524
1305 1259
1305 1260
1257 1357
1280 1290
1291 1290
1375 1376
1376 1242
1387 1340
1387 1373
1340 1373
1304 1280
1392 9
1392 10
1345 1346
1345 1268
1246 1346
1364 1420
1364 1676
1420 1676
1460 1462
1460 1459
1462 1459
1368 1238
1370 1238
1370 1368
1243 1313
1243 1314
1313 1314
1312 1314
1272 1312
1272 1335
1371 1348
1371 1314
1348 1314
1350 1357
1350 1349
1357 1349
1350 1335
1349 1335
1317 1316
1273 1317
1249 1318
1246 1274
1319 1274
1268 1269
1322 1320
1322 1321
1323 1266
1311 164
1352 1353
1352 1358
1271 1425
1315 1425
1355 1425
1355 1436
1425 1436
1269 1345
1280 1328
1337 1329
1337 1265
1329 1265
1295 1329
1329 1281
1495 1493
1495 1494
1493 1494
1338 1331
1338 1264
1333 1262
1334 1332
1334 1297
1490 1334
1253 1335
1575 1265
1282 1371
1282 1357
1371 1357
1265 1338
1388 1305
1301 1390
1306 1390
1477 1480
1477 1380
1480 1380
1441 1467
1441 1450
1467 1450
1646 1644
1646 1630
1644 1630
1356 1407
1356 1409
1407 1409
1382 1433
1382 1418
1433 1418
1668 1366
1668 1370
1366 1370
1253 1350
1411 1386
1411 1372
1386 1372
1224 1373
1224 1351
1373 1351
1223 1351
1351 1244
1355 1354
1354 1436
1305 1347
1305 1495
1347 1495
1330 1348
1844 1348
1411 6
1411 177
1352 1389
1358 1389
1377 1389
1377 1306
1389 1306
1340 1377
1377 1307
1306 1358
1358 1390
1359 162
1359 1308
1378 1341
1378 1308
1341 1308
1226 1440
1226 1360
1440 1360
1526 1449
1526 1440
1449 1440
1430 1231
1430 1232
1231 1232
1528 1615
1528 1620
1615 1620
1395 1542
1395 1434
1382 1421
1382 1420
1421 1420
1799 1801
1799 1798
1801 1798
1397 1240
1397 2083
1240 2083
1784 1679
1784 1545
1679 1545
1237 1370
1673 1367
1673 1675
1367 1675
1364 1433
1433 1420
1368 1422
1368 1668
1422 1668
1424 1455
1424 1454
1455 1454
1499 1501
1499 1500
1501 1500
1387 1224
1324 1387
1324 1224
1729 1604
1729 1600
1604 1600
1375 1330
1385 1981
1385 1401
1981 1401
1282 1348
1386 1358
1386 1390
1414 199
1414 1391
1359 1341
1341 1412
1360 1450
1360 1225
1450 1225
1526 1226
1526 1523
1226 1523
1413 1777
1413 1776
1777 1776
11 1379
220 1379
220 1392
1379 1392
1416 1229
1416 1230
1229 1230
1445 1431
1445 1233
1431 1233
1451 1443
1451 1444
1443 1444
8 1434
1381 1434
1362 1434
1362 1541
1434 1541
1667 1542
1420 1396
1384 1543
1669 1422
1669 1383
1422 1383
1397 2042
2083 2042
1384 1435
1397 1435
1241 1982
1982 1385
1400 1399
1385 1399
1371 1349
1389 1387
1387 1352
1324 1352
1377 1387
1249 1402
1356 1425
1356 1315
1404 1402
1583 1581
1583 1582
1581 1582
1495 1376
1495 1375
1428 1426
1428 1403
1426 1403
1404 1405
1404 1403
1405 1403
1375 1388
1388 1495
1414 210
1477 1412
1477 1341
1450 1440
1450 1378
1378 1225
1523 1227
1523 1522
1414 1567
1567 1429
1415 1228
1415 1229
1228 1229
1430 1417
1431 1232
1232 1233
1430 1799
1799 1417
1433 1811
1433 1445
1811 1445
1552 2027
1552 1394
2027 1394
8 1362
1362 7
1236 1423
1236 1367
1423 1367
1239 1422
1240 1422
1240 1239
1240 1383
1398 1435
1398 2042
1435 2042
1399 1401
1399 1497
1401 1497
1401 1494
1402 1356
1446 1427
1446 1447
1427 1447
1405 1301
1405 1390
1402 1406
1404 1406
1386 1405
1356 1408
1402 1408
1408 1407
1549 1584
1549 1407
1584 1407
1408 1406
1408 1410
1406 1410
1407 1585
1408 1585
1981 1376
1981 1494
1376 1494
1485 1489
1485 1484
1489 1484
1540 1392
1540 1539
1392 1539
1379 1429
1379 1443
1429 1443
1416 1415
1417 1416
1431 1430
1234 1418
1234 1233
1418 1233
1540 9
1421 1235
1235 1236
1236 1421
1675 1423
1675 1366
1400 1394
1394 1241
1369 1455
1369 1424
1369 1400
1369 1399
1403 1406
1409 1425
1436 1409
1409 1374
1406 1427
1405 1428
1427 1403
1427 1426
1428 1344
1405 1344
1426 1447
1428 1439
1344 1439
1386 1344
1380 1412
1380 1414
1379 1539
1451 1442
1451 1557
1442 1557
1567 1443
1445 1418
1811 1431
1417 1432
1799 1432
1416 1452
1452 1415
1432 1819
1432 1452
1819 1452
1416 1432
1419 1362
1668 1669
1411 1344
1437 1344
1362 1437
1438 1439
1438 1362
1439 1362
1437 1439
1449 1441
1441 1440
1567 1444
1379 1451
1415 1524
1564 2042
1564 2027
2042 2027
1398 1564
1394 1369
1369 1552
1455 1456
1369 1456
1439 1447
1439 1426
1446 1448
1447 1448
1665 1781
1665 1541
1781 1541
1413 1441
1413 1449
1779 1526
1779 1522
1526 1522
1393 1342
1342 1522
1378 1473
1473 1341
1413 1778
1413 1467
1778 1467
1450 1466
1466 1378
1432 1361
1361 1819
1415 1525
1452 1525
1455 1457
1498 1502
1424 1460
1424 1459
1399 1456
1514 1455
1514 1456
1461 1513
1461 1453
1513 1453
1460 1454
1461 1465
1461 1462
1465 1462
1454 1457
1454 1513
1457 1513
1513 1460
1468 1471
1468 1465
1471 1465
1462 1458
1465 1458
1560 1465
1560 1471
1465 1343
1343 1458
1550 1687
1550 1548
1687 1548
1562 1458
1562 1563
1458 1563
1459 1458
1459 1562
1410 1427
1410 1446
1379 1557
1510 1515
1510 1504
1515 1504
1497 1503
1497 1516
1503 1516
1552 1424
1459 1552
1519 1521
1519 1518
1521 1518
1461 1460
1463 1471
1463 1470
1471 1470
1562 1464
1464 1552
1464 1459
1466 1473
1502 1503
1502 1493
1503 1493
1476 1566
1476 1470
1566 1470
1552 1564
1464 1564
1777 1775
1473 1482
1466 1482
1467 1466
1468 1461
1463 1560
1652 1645
1652 1644
1645 1644
1476 1469
1469 1566
1472 1471
1472 1468
1472 1470
1461 1521
1453 1521
1472 1474
1472 1731
1474 1731
1482 1477
1477 1473
1466 1483
1467 1483
1468 1474
1509 1510
1509 1506
1510 1506
1474 1730
1730 1731
1472 1476
1476 1731
1482 1480
1482 1479
1479 1480
1479 1478
1482 1478
1478 1487
1478 1489
1487 1489
1483 1778
1483 1487
1778 1487
1478 1483
1482 1483
1536 1478
1536 1489
1487 1484
1778 1484
1778 1776
1776 1484
1524 1532
1524 1342
1532 1342
1486 1484
1486 1776
1486 1485
1775 1486
1775 1776
1485 1532
1486 1532
1534 1488
1534 1535
1488 1535
1576 1578
1576 1579
1578 1579
1219 1490
1243 1348
1493 1497
1496 1498
1496 1499
1498 1499
1503 1508
1503 1504
1508 1504
1347 1499
1516 1399
1347 1260
1501 1260
1500 1511
1500 1512
1511 1512
1500 1496
1499 1260
1496 1502
1502 1508
1504 1516
1515 1516
1505 1500
1505 1512
1511 1580
1511 1577
1580 1577
1579 1577
1496 1505
1507 1508
1507 1496
1508 1496
1505 1587
1512 1587
1507 1505
1587 1586
1587 1601
1509 1590
1506 1590
1506 1507
1506 1504
1506 1508
1474 1519
1474 1518
1453 1514
1513 1514
1590 1591
1509 1453
1453 1510
1374 1584
1374 1583
1584 1583
1514 1510
1580 1500
1579 1511
1512 1579
1588 1589
1588 1604
1589 1604
1514 1457
1520 1521
1520 1453
1515 1514
1399 1515
1515 1456
1520 1509
1520 1591
1509 1591
1521 1517
1468 1519
1461 1519
1779 1449
1525 1524
1527 1525
1527 1819
1525 1819
1481 1532
1481 1531
1532 1531
1524 1531
1529 1525
1529 1527
1530 1615
1530 1529
1615 1529
1524 1529
1615 1609
1528 1609
1722 1723
1722 1721
1723 1721
1529 1531
1527 1780
1527 1530
1780 1530
1609 1611
1609 1531
1611 1531
1533 1481
1533 1531
1609 1529
1485 1481
1485 1488
1481 1488
1611 1533
1489 1488
1533 1537
1533 1535
1537 1535
1481 1535
1537 1534
1537 1616
1533 1616
1534 1538
1537 1538
1534 1569
1534 1536
1569 1536
1536 1488
1534 1570
1538 1570
1478 1569
1616 1614
1616 1610
1614 1610
1444 1555
1444 1633
1555 1633
1539 1667
1661 1667
1661 1539
1664 1660
1664 1659
1660 1659
1663 1664
1663 1659
1384 1546
1546 1543
1544 1546
1383 1543
1679 1547
1547 1545
1679 1544
1544 1547
1670 1788
1670 1681
1788 1681
1384 1365
1435 1365
1785 1545
1785 1671
1545 1671
1547 1546
1547 1550
1547 1548
1548 1545
1723 1786
1722 1786
1788 1680
1680 1681
1546 1550
1745 1740
1745 1741
1740 1741
1593 1581
1593 1583
1365 1546
1398 1365
1560 1343
1684 1685
1684 1683
1685 1683
1683 1551
1683 1365
1685 1551
1398 1683
1669 1783
1544 1783
1439 1448
1438 1448
1444 1554
1554 1555
1613 1621
1613 1639
1621 1639
1567 1554
1555 1568
1554 1568
1628 1627
1628 1573
1627 1573
1480 1554
1480 1567
1380 1567
1480 1568
1557 1660
1557 1539
1660 1539
1444 1442
1652 1647
1652 1657
1647 1657
1442 1558
1444 1558
1660 1442
1660 1559
1442 1559
1655 1556
1655 1654
1556 1654
1666 1559
1666 1656
1559 1656
1566 1768
1768 1470
1561 1564
1561 1464
1724 1464
1724 1562
1684 1686
1686 1685
1684 1398
1724 1563
1724 1686
1563 1686
1563 1343
1563 1696
1343 1696
1733 1469
1733 1475
1469 1475
1765 1762
1765 1766
1762 1766
1767 1566
1767 1469
1733 1565
1565 1469
1309 1767
1309 1565
1767 1565
1565 1763
1733 1763
1566 1803
1767 1803
1568 1479
1568 1569
1479 1569
1568 1574
1569 1574
1569 1570
1538 1571
1571 1570
1573 1570
1573 1571
1570 1574
1571 1621
1571 1613
1574 1572
1574 1555
1572 1555
1570 1572
1573 1572
1575 1580
1578 1603
1256 1603
1299 1578
1589 1579
1588 1579
1603 1579
1589 1603
1588 1512
1581 1608
1603 1606
1603 1607
1606 1607
1608 1607
1581 1607
1584 1760
1760 1583
1593 1603
1593 1607
1409 1584
1759 1593
1759 1583
1549 1757
1549 1760
1757 1760
1741 1750
1549 1585
1507 1586
1507 1590
1586 1590
1735 1591
1735 1595
1591 1595
1588 1587
1596 1589
1596 1599
1589 1599
1601 1588
1601 1604
1590 1595
1586 1595
1592 1595
1592 1601
1595 1601
1520 1517
1591 1517
1729 1737
1600 1737
1603 1594
1593 1594
1602 1596
1602 1594
1596 1594
1601 1586
1598 1602
1598 1594
1598 1820
1598 1605
1820 1605
1605 1602
1603 1599
1600 1596
1604 1596
1605 1728
1605 1600
1728 1600
1600 1602
1604 1592
1283 1607
1608 1283
1609 1614
1609 1616
1616 1611
1613 1573
1618 1621
1618 1610
1621 1610
1621 1538
1614 1612
1612 1610
1618 1612
1364 1677
1364 1682
1677 1682
1614 1713
1609 1713
1612 1713
1623 1617
1623 1632
1617 1632
1610 1537
1615 1780
1780 1819
1780 1361
1721 1717
1721 1790
1717 1790
1694 1712
1694 1794
1712 1794
1780 1620
1620 1619
1620 1719
1619 1719
1537 1621
1623 1622
1622 1617
1612 1622
1612 1624
1622 1624
1613 1628
1671 1687
1671 1689
1687 1689
1623 1635
1623 1624
1635 1624
1635 1640
1640 1624
1639 1618
1639 1612
1628 1629
1629 1627
1613 1629
1626 1643
1626 1635
1643 1635
1689 1688
1689 1672
1688 1672
1623 1626
1632 1626
1632 1625
1625 1626
1572 1627
1627 1555
1627 1633
1631 1629
1631 1646
1629 1646
1638 1636
1638 1639
1636 1639
1655 1634
1634 1556
1646 1637
1637 1644
1634 1558
1655 1558
1645 1630
1627 1631
1634 1631
1634 1630
1631 1630
1715 1632
1715 1617
1694 1625
1625 1712
1711 1690
1711 1802
1690 1802
1640 1641
1641 1624
1639 1624
1631 1633
1634 1633
1558 1633
1556 1630
1641 1650
1641 1648
1650 1648
1636 1629
1636 1613
1636 1637
1637 1629
1641 1638
1638 1624
1648 1638
1648 1653
1650 1653
1637 1638
1651 1640
1651 1643
1640 1643
1806 1818
1806 1774
1818 1774
1643 1642
1643 1649
1642 1649
1637 1648
1645 1556
1648 1644
1309 1763
1309 1764
1763 1764
1653 1644
1651 1641
1695 1768
1695 1805
1768 1805
1771 1641
1771 1651
1651 1649
1653 1652
1645 1654
1652 1654
1656 1442
1656 1558
1657 1654
1655 1666
1654 1666
1657 1666
1655 1656
1647 1752
1647 1754
1752 1754
1658 1749
1658 1748
1749 1748
1754 1662
1754 1657
1662 1657
1666 1662
1662 1559
1553 1659
1553 1559
1659 1559
1553 1662
1662 1807
1662 1782
1807 1782
1667 1664
1664 1542
1807 1746
1807 1809
1746 1809
1664 1661
1661 1660
1782 1781
1782 1553
1781 1553
1553 1663
1665 1663
1665 1553
1665 1664
1665 1542
1541 1363
1541 1542
1438 1541
1438 1781
1676 1680
1676 1677
1680 1677
1784 1670
1784 1681
1704 1786
1704 1691
1786 1691
1672 1786
1672 1785
1786 1785
1691 1697
1676 1396
1674 1396
1674 1673
1396 1673
1676 1674
1812 1680
1812 1674
1680 1674
1812 1673
1812 1675
1783 1679
1783 1675
1679 1675
1787 1682
1787 1677
1366 1783
1668 1783
1682 1791
1682 1792
1791 1792
1788 1677
1812 1681
1679 1681
1679 1812
1787 1788
1364 1678
1682 1678
1561 1398
1685 1550
1684 1724
1685 1687
1689 1705
1687 1705
1711 1698
1698 1690
1671 1672
1548 1671
1709 1690
1709 1700
1690 1700
1672 1691
1688 1691
1701 1688
1701 1705
1688 1705
1815 1625
1815 1802
1625 1802
1687 1693
1685 1693
1694 1802
1697 1711
1697 1699
1711 1699
1698 1688
1698 1701
1686 1693
1563 1702
1696 1702
1698 1691
1697 1698
1711 1694
1723 1717
1698 1700
1701 1700
1710 1707
1710 1708
1707 1708
1813 1642
1813 1643
1686 1702
1703 1693
1703 1686
1705 1692
1463 1695
1695 1560
1696 1695
1696 1708
1695 1708
1717 1704
1717 1699
1704 1699
1699 1790
1704 1697
1704 1723
1705 1693
1705 1707
1709 1692
1700 1692
1703 1696
1703 1708
1805 1708
1703 1707
1560 1696
1794 1699
1699 1694
1787 1791
1701 1692
1707 1693
1802 1706
1802 1816
1706 1816
1710 1692
1692 1707
1710 1709
1706 1814
1709 1706
1710 1706
1708 1814
1625 1715
1715 1712
1718 1716
1718 1719
1716 1719
1713 1528
1713 1719
1528 1719
1797 1789
1797 1794
1789 1794
1617 1714
1793 1712
1793 1715
1796 1712
1796 1793
1714 1716
1714 1718
1716 1617
1718 1793
1718 1715
1714 1715
1713 1716
1793 1719
1619 1793
1722 1720
1721 1720
1720 1788
1720 1670
1784 1722
1545 1722
1561 1724
1561 1684
1476 1732
1731 1732
1476 1475
1733 1726
1475 1726
1738 1741
1738 1740
1734 1766
1734 1733
1766 1733
1725 1728
1725 1820
1728 1820
1725 1727
1725 1734
1727 1734
1734 1765
1733 1725
1726 1725
1732 1475
1728 1737
1735 1592
1726 1737
1726 1728
1729 1592
1729 1736
1736 1592
1735 1517
1735 1736
1735 1730
1736 1730
1730 1732
1730 1518
1730 1517
1518 1517
1732 1729
1732 1737
1736 1732
1738 1742
1742 1741
1745 1747
1747 1740
1739 1727
1739 1738
1727 1738
1739 1765
1739 1734
1475 1737
1740 1748
1747 1748
1755 1739
1755 1748
1739 1748
1739 1740
1758 1757
1758 1750
1757 1750
1742 1727
1727 1820
1820 1742
1597 1758
1597 1750
1310 1410
1310 1446
1744 1746
1744 1747
1746 1747
1742 1750
1310 1448
1549 1753
1753 1757
1745 1743
1745 1744
1743 1744
1753 1744
1753 1743
1810 1744
1810 1753
1747 1658
1743 1750
1745 1750
1810 1410
1810 1310
1658 1751
1751 1749
1765 1755
1743 1757
1810 1809
1809 1744
1754 1749
1752 1749
1597 1742
1808 1751
1808 1658
1662 1751
1751 1807
1765 1761
1755 1761
1755 1749
1753 1585
1753 1410
1585 1410
1754 1751
1752 1755
1769 1761
1769 1752
1761 1752
1594 1597
1597 1598
1756 1594
1756 1593
1758 1759
1758 1760
1759 1760
1597 1756
1759 1756
1758 1756
1769 1647
1769 1652
1763 1762
1762 1764
1762 1761
1762 1770
1761 1770
1763 1766
1767 1774
1309 1774
1309 1773
1773 1774
1803 1768
1761 1653
1653 1770
1768 1463
1770 1773
1770 1764
1773 1764
1773 1771
1770 1771
1803 1805
1653 1769
1771 1650
1771 1649
1771 1772
1649 1772
1806 1642
1642 1818
1649 1806
1806 1772
1774 1772
1773 1772
1770 1650
1342 1775
1532 1775
1413 1779
1779 1777
1777 1522
1777 1342
1505 1586
1796 1797
1796 1794
1808 1746
1658 1746
1448 1781
1448 1782
1809 1310
1809 1782
1310 1782
1722 1785
1670 1722
1792 1678
1790 1720
1791 1790
1787 1790
1787 1720
1794 1790
1789 1790
1791 1789
1789 1792
1796 1795
1795 1797
1619 1796
1800 1619
1800 1620
1619 1795
1798 1795
1798 1800
1795 1800
1797 1792
1361 1800
1361 1620
1795 1811
1811 1797
1792 1811
1798 1361
1811 1801
1795 1801
1361 1799
1430 1801
1431 1801
1433 1678
1678 1811
1706 1690
1815 1816
1713 1622
1713 1617
1803 1804
1804 1805
1805 1814
1804 1814
1815 1818
1815 1642
1803 1817
1817 1804
1817 1774
1817 1818
1817 1767
1807 1808
1813 1815
1813 1625
1804 1816
1817 1816
1817 1815
1626 1813
1597 1820
1867 1939
1867 1866
1939 1866
1966 1238
1966 1842
1238 1842
2192 1867
2192 1866
1884 2193
1884 1970
2193 1970
2004 1239
2004 1966
2022 1240
2022 1239
2193 1855
1884 1855
1917 1906
1917 1905
1906 1905
1995 2067
1995 2082
2067 2082
1876 1875
1876 1922
1875 1922
1930 1971
1930 1870
1971 1870
1920 2303
1920 2196
2303 2196
1848 1847
1848 1941
1847 1941
1855 1889
1855 1874
1889 1874
1863 1904
1863 1871
1904 1871
1871 1888
1871 1912
1888 1912
1839 1975
1839 1840
1975 1840
1978 2199
1978 1993
2199 1993
1947 1905
1947 1914
1905 1914
1858 1906
1858 1917
2199 1976
2199 1975
1976 1975
1913 1904
1913 1928
1904 1928
1945 1918
1945 1856
1918 1856
1903 1902
1903 1964
1902 1964
2072 2235
2072 2234
2235 2234
1903 1901
1903 1859
1901 1859
1836 1835
1836 1996
1835 1996
1863 1912
1863 1864
1912 1864
1887 1861
1887 2088
1861 2088
1900 1845
1900 1911
1845 1911
2237 1947
2237 1958
1947 1958
1848 1881
1848 1937
1881 1937
1900 1822
1900 1821
1822 1821
2106 2045
2106 2105
2045 2105
1885 1886
1885 1962
1886 1962
1860 1901
1860 1861
1901 1861
1926 1888
1926 1857
1888 1857
2009 2011
2009 1952
2011 1952
1916 1917
1916 2195
1917 2195
1904 1889
1889 1871
1872 1906
1872 1892
1906 1892
1858 1857
1858 1892
1857 1892
1892 1893
1892 1873
1893 1873
1920 1852
1920 2203
1852 2203
1885 1860
1860 1886
1859 1926
1859 1857
1859 1902
1857 1902
1927 1865
1927 1864
1865 1864
1959 1969
1959 1883
1969 1883
1905 1915
1872 1907
1872 1914
1907 1914
1918 1888
1888 1856
1889 1856
1889 1888
1856 1855
1856 1884
2129 2062
2129 2052
2062 2052
2194 1823
2194 1822
1823 1822
2194 1900
1909 1853
1909 1896
1853 1896
1856 1882
1946 1902
1946 1969
1902 1969
1894 1875
1894 1908
1875 1908
1914 1906
1907 1864
1864 1914
1927 1912
1873 1908
1873 1864
1908 1864
1913 1889
1926 1912
2061 1915
2061 1905
1915 1890
1915 1917
1890 1917
1891 1854
1891 1931
1854 1931
1905 2238
1918 1893
1918 1857
1893 1857
1857 1895
1858 1895
1873 1907
1907 1892
1891 2195
1891 1890
2195 1890
1894 1873
1894 1893
1862 1874
1862 1913
1874 1913
1908 1863
1875 1863
1823 1824
1823 1874
1824 1874
1824 1825
1824 1855
1825 1855
1862 1822
1862 1823
1825 2193
1824 2193
1876 1824
1876 1823
1855 1876
1876 1862
1876 1928
1862 1928
1863 1928
1875 1928
1860 1859
1885 1859
1980 1861
1980 1901
1849 1896
1849 1853
1833 1984
1833 1998
1984 1998
1894 1918
1831 1830
1831 2013
1830 2013
2014 2013
2014 1983
2013 1983
1821 1845
2194 1883
1900 1883
2015 1983
2015 1830
1983 1830
1825 1943
1825 1826
1943 1826
1910 1944
1910 1897
1944 1897
1896 1895
1896 1916
1895 1916
2003 1849
2003 1850
1849 1850
1868 1929
1868 1960
1929 1960
2030 634
2030 633
1847 1897
1856 1894
1856 1922
1855 1922
1887 1886
1887 1860
1849 1935
2346 2047
2346 2131
2047 2131
1887 1962
2253 2030
2253 2254
2030 2254
1931 1877
1931 1853
1877 1853
1878 1930
1878 1931
1930 1931
2195 1909
1891 1909
1909 1931
1877 1929
1929 1853
1849 1929
1897 1896
1897 1849
1878 1854
1880 1933
1880 1869
1933 1869
1938 1868
1938 1960
1955 1849
1955 1929
1955 1868
1955 1879
1868 1879
1848 1849
1848 1955
1930 1869
1930 1877
1869 1877
1878 1971
1847 1879
1848 1879
1879 2192
2192 1847
1847 1910
1855 1943
1826 1898
1826 1827
1898 1827
1828 1827
1828 1919
1827 1919
1910 1919
1910 1898
1919 1898
1827 1846
1827 2192
1846 2192
1881 1940
1881 1868
1940 1868
1828 1846
1827 1866
1826 1866
2192 1826
1939 1940
1867 1940
2194 1970
2194 2193
1870 1880
1870 1869
1851 1852
1851 1920
1935 1960
1935 1869
1960 1869
1881 1938
1938 1937
1897 1918
1918 1896
1992 626
1992 1948
626 1948
2003 1848
1847 1899
1847 1846
1899 1846
1847 1939
1846 1939
1899 1828
1828 1939
1827 1939
2003 1921
1921 1848
1941 1939
1941 1940
1897 1848
1927 1926
1927 1885
1926 1885
1829 1899
1829 2507
1899 2507
1925 1942
1925 1965
1942 1965
1895 1918
1942 2507
1942 1961
2507 1961
1965 624
624 1925
1846 1919
1846 1910
1902 1918
2060 2079
2060 2040
2079 2040
1990 2000
1990 2001
2000 2001
1916 1858
1944 1918
1916 1909
1898 1944
2303 2231
1920 2231
2196 2003
2196 1850
2196 1934
1850 1934
2196 1851
1934 1851
1847 1921
1921 1899
2492 1845
2492 1821
1845 1243
1348 1959
1959 1243
1865 1914
1865 1947
1890 2063
1915 2063
1894 1922
1944 1856
1991 1921
1991 2003
1838 1994
1838 1977
1994 1977
1833 1832
1832 1984
2198 2197
2198 1880
2197 1880
705 1954
635 1954
1968 705
1968 1954
1942 1991
1942 1948
1991 1948
1974 1956
1974 1242
1885 1957
1962 1957
1946 1964
1969 1970
1970 1883
1960 1877
1989 1986
1989 1971
1986 1971
1934 1880
1880 1851
1934 1933
1850 1933
1850 1935
1935 1933
2198 1870
2206 2221
2206 2039
2221 2039
1992 1973
1992 2002
1973 2002
1935 1938
1935 1937
1849 1937
1867 1868
1941 1881
1961 1921
1961 1991
1948 1965
1884 1882
1970 1882
2108 2102
2108 2103
2102 2103
1855 1944
1943 1898
1944 1943
1829 1828
1963 1903
1963 1964
1945 1902
1945 1969
1969 1882
1945 1882
1865 1958
1890 2020
2063 2020
1965 625
1948 625
2236 2024
2236 2372
2024 2372
2122 2100
2122 2115
2100 2115
2355 2367
2355 2365
2367 2365
1987 2247
1987 2248
2247 2248
2008 2009
2008 1952
1967 1982
1967 2044
1982 2044
2033 1968
2033 1985
1968 1985
1867 1879
1974 1963
1982 1376
1982 1981
1865 1957
1927 1957
1957 1958
1962 1958
1959 1946
1348 1946
1844 1946
2198 1932
1932 2197
2205 628
2205 1972
627 2002
626 2002
1972 2002
2231 1972
2231 2002
1973 1991
1973 2003
1899 1961
2089 1962
2089 1887
1843 1964
1843 1946
2008 1963
2008 1974
1963 1901
2004 2099
2004 2022
2099 2022
2445 2372
2445 1976
2372 1976
2022 1995
1995 1240
2134 2145
2134 2084
2145 2084
1998 1834
1901 2008
2091 2104
2091 2102
2104 2102
2035 1997
2035 2036
1997 2036
2017 2030
2017 2251
2030 2251
2016 1985
2016 1954
1985 1954
2007 1999
2007 2018
1999 2018
1956 1963
1956 1843
1963 1843
1844 1843
1982 1242
1911 1883
1911 1959
1911 1243
1971 2198
1986 2198
2040 2065
2040 2021
2065 2021
2020 2065
2020 1990
2065 1990
1936 1972
1936 2231
1991 1992
1841 1840
1841 2023
1840 2023
1841 1949
1841 1842
1949 1842
1839 1838
1839 1993
1838 1993
1993 1977
1993 1975
2234 1977
2234 1994
2080 2084
2080 2145
2154 2161
2154 2153
2161 2153
2167 1979
2167 2162
1979 2162
1835 2069
1835 2070
2069 2070
1837 2028
1837 2072
2028 2072
2201 632
2201 631
1241 2031
1241 2044
2031 2044
2008 1980
1923 2033
1923 1985
1831 1997
2013 1997
2069 1998
2069 2444
1998 2444
2017 634
2049 629
2049 628
1953 1242
1953 1982
1980 1952
1953 1974
2089 1958
1990 2079
1990 1989
2079 1989
1988 2050
1988 2057
2050 2057
1989 1878
1989 2000
1878 2000
2079 2213
2213 1989
2001 1854
2001 1891
2001 2020
2000 1854
2205 2206
2205 2049
2206 2049
2099 1995
2083 1995
2083 2082
2023 2004
2023 1949
2004 1949
1966 1949
2066 2023
2066 1840
2028 1836
2028 1996
2083 2005
2082 2005
2145 2147
2086 2041
2086 2085
2041 2085
2069 1834
1835 1834
2068 2444
2068 1998
2073 1996
2073 2070
1996 2070
2443 2070
2443 2069
2006 2087
2006 2174
2087 2174
2007 631
2007 630
2200 2201
2200 2007
2201 2007
1974 2009
1967 2010
2010 1982
1953 2010
1967 2076
1967 2011
2076 2011
1997 1984
1997 1832
1831 1832
2016 2017
2016 2048
2017 2048
2019 2039
2019 1999
2039 1999
2039 629
1890 2001
2021 2050
2021 1988
2021 2020
2021 2064
2020 2064
2209 2197
2209 1932
2303 2002
2303 1973
2303 2003
2098 2004
2098 2023
2099 2098
2080 2082
2080 2067
2074 2086
2074 2258
2086 2258
2029 632
2029 2201
1394 2031
1999 630
1953 2009
1967 2006
2006 2076
2011 2010
2009 2010
2011 2078
2078 1952
2078 2106
2106 1952
1997 2037
2013 2037
2014 2037
2034 1983
2034 2015
2034 2033
2015 2033
2037 2036
634 795
2017 795
2048 1985
2120 2038
2120 2014
2038 2014
2018 2039
2018 2221
1915 2062
2062 2063
2054 2050
2054 2021
2040 1988
1920 1936
2023 2024
2066 2024
2024 2098
2233 2235
2233 2232
2235 2232
2025 2042
2025 2005
2042 2005
2026 2027
2026 2042
2026 2086
2026 2074
2074 2027
2035 2046
2035 2092
2046 2092
2029 2030
2029 633
2201 2254
2258 1979
2258 2169
1979 2169
2174 2076
2031 2006
2012 2011
2012 2076
2110 2045
2110 2078
2045 2078
2313 2107
2313 2116
2107 2116
2034 2014
2037 2038
1984 2035
2036 2046
2038 2036
2068 2035
2068 2092
2034 2120
2251 2048
2265 2054
2265 2129
2054 2129
2265 2247
2247 2054
2060 1988
2065 2079
2446 1976
2446 2199
2429 2442
2429 2421
2442 2421
2123 2098
2123 2024
2236 2123
2234 1837
2005 2080
2005 2041
2080 2041
2148 2134
2148 2155
2134 2155
2025 2041
2026 2025
2151 2170
2151 2171
2170 2171
1950 2256
1950 2257
2256 2257
2201 2043
2043 2254
2109 2127
2109 2128
2127 2128
2089 2088
2118 2104
2118 2105
2104 2105
2049 2039
2220 1924
2220 2219
1924 2219
2054 2064
2129 2064
2058 2053
2058 2057
2053 2057
2061 2055
2061 2062
2055 2062
2127 2118
2127 2124
2118 2124
2056 2057
2056 2050
2218 2212
2218 2207
2212 2207
2060 2057
2060 2053
2056 2051
2050 2051
2054 2051
2128 2125
2128 2052
2125 2052
1987 2241
1987 2051
2241 2051
2305 2058
2305 2242
2058 2242
2241 2056
2058 2056
2058 2226
2058 2217
2226 2217
2213 1986
2060 2059
2059 2079
1932 2213
1932 2210
2213 2210
1932 1986
2052 2055
2052 2240
2055 2240
2053 2059
2064 2063
2064 2062
1976 2066
1976 1840
2372 2066
2041 2147
2080 2147
2041 2162
2147 2162
2025 2086
1984 2068
2068 2405
2401 2443
2401 2398
2443 2398
2072 2071
2072 2423
2071 2423
2073 2071
2071 1996
2028 2071
1394 2074
2074 2031
2076 2075
2174 2075
2264 2261
2264 2263
2261 2263
2174 2169
2188 2163
2188 2177
2163 2177
2263 1951
2031 2087
2044 2006
2262 2075
2262 2263
2075 2263
2076 2262
2102 2077
2090 2089
2090 2077
2089 2077
2093 2111
2093 2259
2111 2259
2200 2018
2200 2308
2018 2308
2213 2059
2099 2067
2098 2067
2133 2081
2133 2100
2081 2100
2084 2081
2084 2133
2162 2085
2074 2087
2087 2258
1861 2103
2088 2077
2090 2101
2077 2101
2089 2237
2090 2237
2090 2119
2101 2119
2061 2238
2238 2055
2078 2012
2262 2110
2262 2012
2110 2012
2045 2117
2045 2116
2117 2116
2101 2102
2101 2104
2113 2094
2113 2046
2094 2046
2046 2047
2047 2092
2047 2405
2405 2092
2093 2046
2093 2036
2113 2131
2131 2094
2094 2047
2259 2113
2113 2093
1923 2048
2097 2096
2097 2095
2096 2095
2038 2093
1923 2096
1923 2097
2120 2097
2120 2095
1923 2034
2097 2034
2230 1924
2230 2229
1924 2229
2081 2115
2077 2103
2088 2103
2091 2108
2091 1952
2108 1952
1980 2103
1980 2108
2105 2091
2091 2106
2045 2107
2107 2105
2107 2118
2110 2117
2107 2124
2118 2101
2109 2240
2109 2239
2240 2239
2038 2111
2114 2095
2114 2344
2095 2344
2111 2114
2114 2259
2095 2111
2259 2112
2114 2112
2131 2112
2113 2112
2135 2133
2135 2100
2098 2081
2081 2067
2117 2260
2391 2313
2391 2116
2107 2032
2118 2119
2127 2119
2239 2119
2120 2111
2256 2096
2256 2252
2096 2252
2100 2130
2122 2130
2274 2278
2274 2273
2278 2273
2100 2156
2435 2156
2435 2157
2156 2157
2429 2428
2429 2426
2428 2426
2130 2428
2130 2157
2428 2157
2123 2081
2126 2124
2126 2032
2124 2032
2109 2119
2126 2244
2126 2125
2244 2125
2265 2125
2129 2125
2126 2127
2125 2127
2128 2240
2244 2246
2246 2125
2054 1987
2125 2247
2341 2121
2341 2346
2121 2346
2136 2139
2136 2134
2139 2134
2130 2156
2122 2428
2112 2337
2112 2341
2337 2341
2160 2138
2160 2136
2138 2136
2134 2133
2135 2134
2135 2136
2084 2067
2135 2156
2156 2136
2435 2160
2160 2156
2140 2143
2140 2142
2143 2142
2138 2139
2138 2132
2160 2132
2140 2139
2140 2138
2137 2138
2137 2132
2269 2143
2269 2144
2143 2144
2140 2137
2139 2142
2139 2155
2142 2155
2269 2270
2144 2270
2143 2137
2165 2268
2165 2170
2268 2170
2143 2141
2141 2142
2150 2142
2150 2141
2145 2148
2144 2137
2267 2137
2267 2132
2144 2267
2267 2266
2267 2436
2436 2266
2144 2266
2144 2271
2266 2271
2267 2160
2149 2150
2149 2141
2268 2149
2268 2141
2153 2150
2153 2149
2153 2165
2149 2165
2150 2161
2150 2158
2161 2158
2152 2153
2152 2165
2154 2152
2270 2281
2158 2162
2158 2147
2162 2161
2161 2167
2150 2155
2148 2150
2148 2158
2158 2145
2160 2146
2435 2146
2151 2165
2183 2184
2183 2185
2184 2185
2267 2146
2167 2154
2152 2151
2152 2163
2151 2163
2163 2154
2163 2179
2179 2177
2263 2164
2151 2179
2171 2179
2188 2168
2168 2163
2168 1979
2168 2167
2169 2164
2169 2263
2182 2164
2182 2169
2352 2175
2352 2183
2175 2183
2166 2178
2166 2171
2178 2171
2168 2154
2188 2182
2188 2301
2182 2301
2170 2166
2282 2281
2282 2159
2281 2159
2282 2166
2166 2281
2178 2172
2166 2172
2282 2284
2282 2172
2284 2172
2284 2173
2187 2180
2187 2190
2180 2190
2075 2169
2174 2258
2282 2283
2159 2283
2379 2389
2379 2380
2389 2380
2164 2181
2164 2187
2181 2187
2182 2181
2178 2191
2178 2179
2191 2179
2176 2191
2176 2180
2191 2180
2181 2188
2181 2177
2181 2176
2177 2176
2180 2181
1979 2085
2183 2173
2183 2284
2184 2175
2173 2178
2173 2172
2179 2176
2185 2173
2383 2249
2383 2384
2249 2384
2178 2186
2186 2191
2173 2302
2185 2302
2186 2189
2189 2191
2173 2186
2190 2189
2190 2393
2189 2393
2164 1951
2187 1951
2302 2186
2190 1951
2190 2191
2190 2264
2393 2264
1823 2193
2203 2208
2203 2218
2208 2218
1852 2197
1851 2197
2214 2221
2214 2206
2204 2214
2204 2206
2205 2204
2234 2233
2234 1978
2233 1978
2372 2438
2445 2438
2445 2446
2043 2373
2201 2373
2043 2202
2373 2202
2373 2200
2319 2368
2319 2363
2368 2363
2203 1936
2210 2211
2216 2223
2216 2215
2223 2215
2205 1936
1936 2204
2203 2204
2209 1852
2059 2210
2212 2209
2212 2211
2209 2211
2212 2208
1852 2208
2208 2209
2219 2212
2219 2215
2212 2215
2217 2059
2217 2053
2204 2207
2207 2214
2214 1924
2207 1924
1932 2211
2211 2216
2211 2215
2219 2207
2210 2217
2210 2216
2217 2216
2220 2215
2217 2223
2226 2223
2204 2218
2223 2220
2221 2230
2214 2230
2228 2229
2228 2220
2229 2220
2225 2223
2225 2226
2220 2227
2223 2227
2226 2305
2305 2225
2227 2225
2227 2224
2225 2224
2305 2306
2305 2224
2306 2224
2228 2227
2242 2056
2242 2241
2304 2224
2304 2306
2228 2374
2374 2229
2229 2307
2374 2307
2235 2407
2233 2199
2407 2417
2407 2232
2417 2232
1994 1837
2423 2235
2431 2236
2431 2438
2236 2438
2090 2239
2055 2237
2238 2237
1947 2238
2239 2237
2055 2239
2246 2247
2242 2249
2241 2249
2332 2326
2332 2327
2326 2327
2126 2245
2245 2244
2246 2248
2245 2032
2313 2332
2313 2032
2332 2032
2260 2321
2260 2116
2321 2116
2327 2244
2327 2245
2315 2318
2315 2250
2318 2250
2314 2327
2314 2243
2327 2243
2250 2241
2250 1987
2246 2314
2248 2315
2248 2250
2250 2249
2305 2249
2249 2306
2251 2253
2048 2252
2251 2252
2202 2319
2202 2255
2319 2255
2255 2257
2255 2253
2257 2253
2255 2254
2257 2319
2292 2277
2292 2280
2277 2280
1950 2319
2029 2254
2343 2340
2343 2339
2340 2339
2131 2341
2256 2343
1950 2343
2253 2252
2257 2252
2085 2258
2262 2261
2262 2260
2261 2260
2321 2322
2260 2322
2110 2260
2264 1951
2313 2326
2391 2326
2323 2392
2323 2322
2392 2322
2264 2323
2393 2323
2266 2272
2436 2272
2146 2436
2269 2141
2269 2268
2281 2268
2281 2269
2271 2270
2275 2292
2275 2290
2292 2290
2272 2271
2273 2275
2273 2272
2275 2272
2450 2278
2450 2351
2278 2351
2272 2430
2436 2430
2273 2276
2278 2276
2271 2275
2271 2290
2275 2276
2276 2292
2276 2277
2347 2341
2347 2338
2341 2338
2364 2280
2364 2277
2278 2277
2298 2299
2298 2355
2299 2355
2364 2348
2364 2293
2348 2293
2285 2289
2285 2294
2289 2294
2170 2281
2159 2270
2362 2293
2362 2288
2293 2288
2289 2283
2289 2159
2284 2352
2283 2284
2283 2352
2289 2352
2352 2285
2377 2379
2377 2380
2352 2354
2354 2175
2289 2287
2159 2287
2290 2270
2291 2292
2291 2280
2362 2285
2288 2285
2287 2294
2279 2300
2279 2288
2300 2288
2354 2285
2354 2288
2287 2291
2159 2290
2287 2290
2290 2291
2291 2294
2280 2294
2362 2294
2360 2356
2360 2369
2356 2369
2279 2293
2299 2359
2299 2367
2359 2367
2288 2286
2300 2286
2362 2280
2279 2359
2279 2299
2295 2298
2295 2366
2298 2366
2355 2366
2365 2366
2363 2296
2363 2366
2296 2366
2297 2300
2297 2299
2300 2299
2297 2298
2354 2286
2169 2301
1979 2301
2168 2301
2385 2185
2385 2184
2243 2325
2243 2333
2325 2333
2330 2394
2330 2329
2394 2329
2302 2335
2302 2331
2335 2331
2199 2410
2304 2227
2304 2312
2304 2311
2312 2311
2250 2384
2255 2043
2221 2308
2308 2230
2308 2307
2230 2307
2309 2374
2309 2228
2227 2309
2304 2309
2310 2311
2310 2312
2317 2306
2317 2316
2306 2316
2222 2304
2222 2311
2375 2309
2375 2222
2309 2222
2374 2375
2306 2312
2312 2317
2317 2310
2383 2316
2383 2306
2315 2314
2315 2243
2248 2314
2315 2333
2386 2385
2386 2184
2318 2384
2384 2385
2384 2386
1923 2252
2339 2256
2320 2324
2320 2326
2324 2326
2261 2323
2261 2322
2391 2321
2391 2320
2321 2320
2322 2320
2393 2392
2328 2326
2328 2324
2322 2324
2328 2392
2324 2392
2333 2328
2333 2330
2328 2330
2244 2314
2326 2325
2325 2327
2332 2245
2325 2328
2328 2394
2392 2394
2335 2385
2335 2336
2385 2336
2331 2334
2331 2189
2334 2189
2186 2331
2331 2329
2331 2394
2336 2333
2336 2329
2333 2329
2333 2318
2393 2334
2334 2392
2385 2318
2318 2336
2329 2335
2344 2337
2337 2114
2337 2338
2340 2342
2340 2338
2342 2338
2337 2340
2344 2340
2121 2347
2370 2343
2370 1950
2357 2340
2357 2343
2344 2339
2277 2450
2357 2342
2096 2344
2256 2344
2351 2395
2351 2350
2278 2350
2349 2396
2349 2047
2396 2047
2349 2346
2349 2121
2411 2404
2411 2345
2404 2345
2342 2347
2347 2348
2348 2121
2274 2350
2396 2408
2408 2047
2121 2450
2450 2349
2430 2273
2428 2434
2395 2349
2395 2450
2449 2412
2449 2447
2412 2447
2395 2345
2351 2345
2175 2353
2354 2353
2353 2184
2286 2353
2293 2361
2370 2371
1950 2371
2365 2370
2367 2370
2342 2360
2360 2347
2357 2358
2343 2358
2358 2356
2356 2357
2358 2370
2356 2342
2361 2360
2361 2369
2358 2369
2279 2361
2361 2359
2364 2450
2364 2362
2293 2360
2450 2348
2365 2363
2368 2296
2295 2296
2359 2369
2369 2367
2348 2360
2373 2374
2373 2368
2374 2368
2374 2296
2370 2369
2371 2365
2202 2368
2308 2374
2311 2380
2295 2376
2295 2389
2376 2389
2296 2376
2311 2377
2377 2310
2378 2377
2378 2310
2316 2378
2316 2310
2353 2382
2382 2184
2377 2381
2381 2379
2316 2386
2383 2386
2378 2382
2316 2382
2381 2378
2381 2382
2389 2375
2376 2375
2286 2381
2300 2381
2382 2286
2297 2381
2387 2390
2387 2297
2390 2297
2185 2335
2382 2386
2387 2298
2379 2388
2388 2389
2295 2387
2390 2388
2390 2379
2389 2387
2388 2387
2381 2390
2394 2334
2395 2404
2363 2371
2371 2319
2374 2376
2308 2373
2380 2375
2380 2222
2395 2396
2423 2073
2423 2397
2073 2397
2400 2406
2400 2413
2406 2413
2423 2407
2401 2073
2401 2070
2400 2414
2413 2414
2401 2397
2399 2398
2399 2400
2398 2400
2403 2400
2403 2398
2399 2401
2399 2397
2403 2402
2398 2402
2403 2408
2402 2408
2402 2443
2405 2402
2405 2443
2405 2408
2405 2444
2443 2444
2403 2406
2411 2418
2418 2404
2438 2409
2438 2432
2409 2432
2396 2404
2406 2396
2406 2404
2408 2406
2416 2417
2416 2407
2416 2439
2416 2432
2439 2432
2417 2409
2416 2409
2411 2412
2345 2412
2274 2430
2274 2437
2430 2437
2423 2424
2423 2420
2424 2420
2399 2414
2412 2351
2413 2404
2413 2415
2415 2414
2412 2350
2350 2447
2415 2411
2415 2448
2411 2448
2414 2397
2415 2418
2413 2418
2232 2410
2417 2410
2415 2419
2448 2419
2425 2424
2425 2419
2424 2419
2422 2435
2422 2434
2435 2434
2420 2440
2420 2407
2440 2407
2397 2424
2420 2441
2441 2440
2440 2416
2439 2442
2433 2421
2433 2440
2421 2440
2422 2146
2448 2425
2424 2414
2422 2433
2434 2433
2414 2419
2427 2123
2427 2236
2431 2427
2122 2427
2122 2426
2427 2426
2115 2427
2123 2115
2426 2442
2429 2433
2426 2431
2431 2442
2432 2431
2421 2439
2439 2440
2434 2429
2434 2157
2430 2441
2436 2441
2422 2436
2422 2441
2430 2425
2441 2425
2411 2449
2449 2448
2438 2446
2433 2441
2441 2424
2350 2437
2432 2442
2409 2446
2409 2410
2446 2410
2437 2447
2437 2425
2437 2448
2448 2447
1224 2477
1351 2477
2 2476
3 2476
112 2474
2475 2474
1222 2469
2473 1336
2473 2465
1336 2465
2460 2
2460 2476
1222 2466
1221 2466
3 2459
4 2459
1 2460
1 2461
2460 2461
2473 1220
2463 138
2463 112
1 2462
2461 2462
98 2462
2470 2471
2470 2467
2471 2467
1219 2471
2476 2459
2458 2459
2458 4
1219 2465
2471 2465
2471 2451
2470 2451
164 2472
2454 2466
2454 2453
2466 2453
2464 2466
1324 2468
1224 2468
1351 2469
2462 2475
2462 58
2451 2465
2454 2455
2454 2469
2455 2469
2457 2468
2457 2456
2468 2456
2473 2452
2473 2464
2452 2464
2468 1311
2477 2456
2477 2468
1311 2457
2458 5
2458 2472
5 2472
2477 2469
2477 2455
1311 2472
1222 2454
2452 2466
2492 2470
2451 2508
2470 2508
2492 2508
2495 2494
2495 2478
2494 2478
1822 2495
2495 1821
1822 2494
1823 2494
623 2497
757 2497
1942 2483
1925 2483
1827 2506
2506 1825
2506 1826
1828 2496
1829 2496
1827 2496
2489 619
2489 2498
619 2498
2506 2496
2492 2499
2499 2508
2492 2495
2495 2499
2487 2486
2487 2500
2486 2500
757 2500
2500 2497
2503 2500
2503 622
2500 622
2499 2478
2494 1824
2494 1825
2500 756
2479 2506
2479 2496
2494 2506
2506 2478
2483 2507
1829 2480
2480 2496
620 2502
2507 2482
2483 2482
2507 2481
1925 2493
624 2493
2493 2483
2463 2491
2463 2504
2491 2504
623 2505
2497 2505
2490 723
2490 2504
2500 2501
696 2502
696 2503
2502 2503
621 2503
2498 723
2498 2490
701 2502
619 2502
2479 2480
2505 2493
2493 623
2485 2497
2485 2486
2497 2486
2489 2502
2485 2484
2485 2493
2484 2493
2505 2485
2501 2503
2501 2502
2488 2502
2488 2489
2488 2501
2490 2491
2479 2478
2484 2483
2480 2481
1829 2481
1313 1845
