71.897133 61.160336 64.339912 102.148140 103.635857 
71.897133 94.052696 82.804939 103.502167 85.697227 
89.964645 71.940147 91.186836 98.333549 62.682297 
89.964645 75.963593 98.985916 84.621269 71.874260 
90.075165 70.179535 88.153442 79.871506 93.495262 
101.235329 70.964691 53.928223 112.459503 58.345432 
115.483192 68.465523 64.853043 84.481583 65.339478 
115.483200 69.498123 50.630150 75.994560 118.310051 
69.498123 64.638985 120.128273 76.240211 107.008286 
64.638985 74.193878 116.680115 126.716209 79.158890 
74.193878 59.372269 70.883865 103.800804 65.153221 
59.372269 80.235298 79.414268 81.732826 77.086334 
72.126091 102.222366 66.278435 97.605782 67.566727 
72.126091 71.115288 54.649246 86.394379 63.908970 
71.115288 96.150841 63.124901 54.666714 76.531296 
106.225998 81.243317 79.191475 108.643791 88.727791 
61.160336 58.116875 79.790802 87.843033 69.375389 
58.116875 106.152542 92.192032 68.173347 93.263184 
96.150841 53.630951 93.646393 60.391739 98.608322 
64.339905 79.790802 92.192039 108.475395 58.203156 
87.843033 68.173347 53.630951 58.203156 99.844940 
89.876907 84.736504 81.825813 105.386017 53.981403 
102.148132 81.243317 109.655823 91.827209 80.258667 
71.940147 75.963593 119.676643 89.876907 97.394028 
90.075165 66.267792 96.158936 86.115334 88.378799 
82.804932 91.186836 69.375389 99.119522 67.006042 
80.235298 84.255081 70.344032 98.947533 61.715786 
54.649246 63.124901 93.646393 79.660118 93.870026 
54.666714 79.191475 60.391735 94.796097 90.475899 
70.964699 68.465523 95.387405 79.983566 91.925415 
64.853043 50.630150 120.128281 95.387413 114.559875 
98.985916 70.179535 84.736504 66.267792 93.963539 
103.485168 53.928223 96.158936 79.983566 92.795334 
75.994568 76.240219 114.559883 108.176743 72.388443 
93.263199 98.608322 115.252197 81.825813 75.219849 
105.386024 79.660118 75.219849 74.195045 108.242279 
107.008286 79.158890 70.883865 99.660385 65.849457 
118.310051 119.231705 92.795334 72.388443 62.443565 
66.278435 101.447693 93.870026 74.195045 59.078896 
105.550781 84.255081 59.078896 96.827927 113.222054 
108.891518 79.414268 70.344032 65.849457 96.827927 
53.981403 86.115334 93.963539 119.237572 108.242279 
88.378799 105.866127 117.451942 62.443565 113.222046 
91.827209 77.580719 56.580215 93.309387 59.629623 
77.580727 56.674923 107.657166 78.288971 55.690094 
56.674923 89.967598 113.551437 83.334404 71.562492 
89.967598 101.973320 80.643784 51.430305 85.506248 
64.061218 88.918930 50.543015 61.288612 100.512115 
64.061218 65.699417 84.221054 77.292450 112.174500 
65.699417 99.918854 70.903564 84.101173 95.783356 
75.696266 59.090073 81.758789 67.476158 65.456779 
75.696266 92.397064 67.312393 86.754372 63.231483 
92.397064 65.837540 120.160828 99.639763 85.833817 
145.754288 120.184143 107.646591 87.080521 148.907867 
103.800804 144.582001 79.371933 65.147987 104.328087 
80.643776 54.578690 90.148125 55.665581 89.126640 
88.918930 54.578690 74.655548 65.558151 91.094551 
88.727798 56.580215 78.288971 68.917633 53.755615 
97.190552 68.917633 89.507919 95.019310 79.548676 
85.099014 81.095299 57.917458 100.905289 105.004227 
79.371941 64.034592 64.553841 77.605713 72.236450 
86.394379 108.325867 72.343040 86.642433 69.694748 
55.690094 83.334404 55.665581 53.755615 89.507919 
65.153221 81.732826 65.147987 64.034592 103.213440 
51.430305 50.543015 89.126640 74.655540 81.410423 
120.184151 104.328087 64.553841 128.588425 71.110298 
97.605789 98.947540 70.586884 72.660355 67.027206 
95.542885 65.837540 107.646591 88.991280 54.323284 
76.531296 90.475891 95.019310 72.343033 110.765648 
61.288612 84.221054 65.558151 81.410423 80.901009 
77.086334 106.484169 61.715786 70.586884 98.984299 
77.292450 70.903564 80.901009 53.951050 84.127151 
84.101181 81.095299 53.951050 67.279678 110.748985 
95.783363 59.090073 103.434647 67.279678 94.772141 
81.758797 67.312393 88.991280 94.772141 65.246635 
93.456268 57.917458 88.315155 84.127144 80.111137 
91.094551 79.548683 86.642433 110.765648 80.111137 
110.748993 109.326416 100.495911 106.343544 100.581673 
77.605705 103.213440 100.710434 98.984291 95.306320 
67.566727 63.908970 69.694756 72.660355 67.939850 
108.636955 87.080513 54.323284 65.246628 106.343536 
100.905281 109.169724 67.027199 67.939842 77.472488 
105.004227 113.771187 100.581673 111.826866 77.472488 
72.236450 71.110298 114.396797 95.306328 114.736053 
71.046722 71.777771 69.617096 109.126205 74.333794 
71.046722 76.835175 68.763458 58.548584 55.450081 
76.835175 74.407021 77.017166 70.207321 56.369514 
84.481583 84.217850 76.070602 82.764099 116.638504 
84.217842 83.444000 116.797630 58.540356 116.793358 
83.444000 78.588844 81.683853 94.194954 136.271271 
78.588837 114.542702 130.738861 136.315704 59.954079 
114.542694 60.714722 96.909592 88.222290 82.124779 
60.714722 61.356178 112.187988 106.260147 84.551682 
96.909584 61.356178 81.647514 74.612465 79.857658 
60.649887 83.695343 66.110565 85.073059 80.030304 
84.925545 75.464714 61.970284 85.249054 71.622940 
71.777779 101.166550 70.281036 110.219719 76.872177 
68.763458 74.407021 70.518356 61.421936 75.730255 
70.518356 110.139244 64.696503 109.582169 63.389908 
69.617096 58.548584 61.421936 72.475098 86.636078 
81.504715 110.139244 72.475098 99.452713 103.335014 
84.925545 101.166550 86.636078 71.824203 82.828705 
98.333549 67.006042 77.017166 75.730255 64.696503 
112.082375 102.306000 63.291092 95.930534 60.451191 
82.043449 68.325508 66.376999 84.042526 88.523132 
112.459503 65.339485 91.925415 76.070602 65.331955 
101.911377 74.220764 95.111359 61.288521 82.723686 
62.682297 84.621277 97.394035 82.043449 60.643272 
99.452713 71.824203 92.472130 94.811630 69.344421 
57.665943 77.454712 80.193344 57.435421 55.906654 
60.649887 75.464714 92.472122 108.996979 78.333282 
81.647514 57.665943 87.536331 101.606323 77.793976 
63.389908 118.147499 68.325508 60.643272 81.706459 
83.695343 74.220764 58.382832 70.352104 85.066460 
73.495193 85.357460 70.465469 56.705147 72.983368 
79.871513 58.345432 73.495193 73.924706 86.156433 
95.111366 94.811630 108.996986 58.382835 57.199234 
82.764099 65.331963 94.181572 65.152977 61.552948 
58.540356 81.683861 94.181572 65.706390 58.954994 
94.194954 65.706390 81.077438 64.748451 106.439102 
65.152977 58.954998 81.077438 67.180031 86.200073 
71.874260 93.495262 99.135422 85.357468 55.075569 
88.222298 74.612465 77.454712 87.536331 73.795074 
80.193344 101.606323 73.795074 91.301872 54.836739 
108.279953 66.376999 70.465469 55.075569 51.445118 
61.288521 57.435421 70.352104 75.453049 63.017937 
73.924706 61.552948 67.180038 51.058960 91.200409 
103.335014 69.344421 115.582069 57.199238 89.307961 
119.196304 84.042526 81.706451 89.307961 73.430710 
114.770737 64.748444 88.490173 61.762146 59.479046 
56.705143 86.156425 51.058960 61.074215 89.305099 
86.200073 91.200409 61.762146 61.074211 78.646889 
63.291088 117.061157 117.475220 59.479046 78.646889 
72.983376 51.445122 89.305099 95.021683 80.740189 
136.271271 59.954075 82.124779 94.838242 91.301880 
82.723694 55.906654 99.221611 54.836739 75.453049 
60.451195 88.523132 112.637619 73.430710 80.740189 
70.281036 64.383041 84.029358 53.100494 65.740913 
64.383041 55.401299 75.709663 56.788933 74.230179 
99.639763 68.348991 83.443756 63.953350 110.744781 
68.348984 69.771454 60.921867 112.102303 76.673965 
106.260147 69.771454 67.712532 123.189957 76.286232 
61.970284 82.828705 101.065132 79.174835 115.625122 
55.401299 73.325974 71.746613 85.734970 59.035862 
102.284996 104.960495 73.325966 67.355850 52.852188 
84.029358 85.155319 71.746620 55.816833 59.344139 
118.011131 79.174835 55.816833 107.526489 66.064095 
85.734978 67.355843 59.344139 70.183746 103.766647 
85.833817 83.443756 76.178215 77.902458 79.788239 
100.512115 68.549995 93.129326 58.403324 107.024651 
108.892006 52.852188 70.183746 68.549995 81.988495 
61.214813 89.057213 50.466438 61.287464 86.797607 
77.414093 59.646297 71.216431 72.343597 94.945381 
85.249054 115.625122 66.064095 104.611938 73.288834 
71.562492 85.506248 75.709663 59.035862 61.699219 
66.110565 71.622940 78.333282 77.414093 73.288834 
85.073059 59.646297 85.495476 58.814972 62.287941 
103.766640 93.129318 81.988487 82.836014 53.069897 
77.793976 87.445610 61.437325 74.032234 55.256210 
84.551674 79.857658 67.712524 90.414963 92.681259 
80.030304 85.066460 63.017937 85.495476 61.437325 
67.476158 61.214813 74.653770 110.878654 80.281303 
63.953350 60.921871 76.178215 51.180435 75.537994 
101.817795 74.032234 90.414963 72.508705 64.868439 
77.902458 89.057213 51.180435 65.766556 101.281990 
72.508705 60.219944 70.948189 78.565742 105.832199 
58.814972 55.256210 64.868439 60.219944 65.443871 
71.216431 62.287945 70.948189 65.443863 60.677109 
72.343590 60.677113 73.379173 89.992828 52.827938 
58.403320 82.836006 97.537735 53.744232 60.167549 
65.456779 63.231483 79.788239 50.466438 74.653770 
61.287460 109.448601 73.379173 60.911877 104.310776 
86.797600 80.281296 53.744240 60.911880 78.201889 
85.767258 65.766556 78.565742 104.310776 63.009022 
94.945381 53.069901 52.827942 60.167553 78.201889 
76.673965 76.286240 92.681252 75.537994 63.009026 
109.410721 55.450081 70.207321 103.767876 80.166298 
85.697220 119.978485 111.724396 56.369514 80.166306 
53.100494 56.788933 111.435181 75.360245 69.588394 
120.138008 74.230179 91.580711 61.699219 75.360245 
128.754044 80.258667 59.629623 116.039932 108.032822 
74.333794 76.872177 65.740913 126.377327 69.588394 
