2 17 20 23 26 
1 17 26 87 178 
4 24 26 103 108 
3 24 32 108 122 
25 32 115 116 122 
5 30 33 106 116 
8 30 31 88 106 
7 9 31 34 38 
8 10 31 34 37 
9 11 12 34 37 
10 12 37 55 64 
11 27 41 64 71 
14 27 39 67 80 
13 15 28 62 80 
14 19 28 29 69 
19 23 29 44 58 
1 18 20 21 26 
17 19 20 21 35 
15 21 28 29 35 
1 17 18 19 21 
17 18 19 20 29 
24 32 35 36 42 
1 16 20 44 181 
3 4 18 22 108 
5 32 33 42 43 
2 3 17 87 103 
12 40 41 67 71 
14 15 19 36 39 
15 16 19 28 69 
6 7 31 33 106 
7 8 9 30 34 
4 5 22 25 42 
5 6 25 30 38 
8 9 31 37 38 
18 19 21 22 36 
22 28 35 39 42 
9 10 11 12 41 
8 30 33 34 43 
13 14 28 36 40 
13 27 39 41 43 
11 12 27 37 40 
22 25 32 35 36 
25 33 34 38 40 
23 45 58 63 181 
44 46 56 58 63 
45 47 56 63 155 
46 48 56 65 155 
49 57 65 70 150 
48 50 70 72 150 
49 51 72 73 74 
52 74 75 162 171 
51 53 75 149 171 
52 68 81 140 149 
53 66 68 81 84 
11 12 61 64 66 
47 57 58 63 65 
48 56 65 70 77 
16 44 45 59 63 
56 58 63 69 77 
72 73 76 82 83 
55 64 66 79 84 
14 15 69 77 80 
45 46 56 58 59 
11 12 55 61 79 
47 48 56 57 70 
54 55 61 64 84 
13 27 71 80 82 
52 53 54 75 81 
15 29 59 62 77 
48 49 57 65 72 
12 13 27 67 79 
49 50 70 73 76 
50 60 72 74 78 
50 51 72 73 75 
51 52 68 74 81 
57 60 70 72 77 
57 59 62 69 76 
73 74 75 81 83 
61 64 67 71 84 
13 14 62 67 82 
52 54 68 75 78 
60 62 67 80 83 
60 67 78 79 82 
61 66 78 79 83 
86 97 100 138 182 
85 87 98 100 177 
86 98 103 177 178 
7 89 106 118 119 
88 90 118 119 121 
89 91 119 120 135 
90 92 120 124 135 
91 93 94 123 135 
92 94 123 142 160 
92 93 112 123 160 
111 114 156 157 161 
102 111 143 154 156 
85 102 138 146 182 
86 87 99 100 103 
98 101 103 108 113 
85 86 98 101 102 
98 99 100 109 128 
96 97 100 109 143 
3 26 87 98 99 
107 132 133 134 137 
108 113 125 129 137 
6 7 30 88 118 
110 114 117 126 136 
3 4 24 105 113 
101 102 111 117 128 
112 123 124 126 136 
95 96 109 117 156 
94 110 123 124 159 
99 103 105 108 129 
95 107 117 126 161 
116 122 125 131 134 
5 6 115 127 131 
107 109 111 114 128 
88 106 119 121 127 
89 90 118 120 121 
90 119 121 130 132 
118 119 120 127 132 
4 5 105 115 125 
92 94 110 112 124 
110 112 123 135 136 
4 105 115 122 134 
107 110 114 136 161 
116 118 121 131 132 
101 109 114 117 129 
101 105 113 128 137 
119 120 121 132 133 
115 116 127 132 134 
121 127 130 131 133 
104 107 120 130 132 
115 125 131 132 137 
90 91 92 123 124 
107 110 123 124 126 
104 105 125 129 134 
97 139 146 179 182 
138 144 155 179 180 
53 141 149 163 165 
140 142 163 165 176 
93 141 160 163 176 
96 102 146 147 154 
139 145 146 148 155 
47 65 144 148 151 
138 139 144 147 148 
96 143 146 148 154 
144 145 146 151 158 
53 140 163 165 171 
48 151 158 170 175 
48 145 148 150 158 
162 165 171 172 173 
156 157 168 169 175 
96 143 147 153 156 
46 47 139 144 180 
95 96 111 153 154 
95 153 161 167 168 
148 150 151 170 175 
112 157 161 164 167 
93 94 142 164 176 
95 114 126 157 159 
51 152 171 172 173 
140 141 149 165 176 
112 159 160 166 167 
149 152 163 174 176 
164 167 168 174 176 
157 159 164 166 168 
153 157 166 167 169 
153 168 172 173 175 
150 158 169 173 175 
51 52 149 152 162 
152 168 169 173 174 
152 162 170 172 175 
163 165 166 172 176 
153 158 169 170 173 
141 142 160 163 174 
85 86 87 98 178 
2 26 86 87 177 
138 139 144 180 182 
46 139 144 155 179 
16 23 44 45 58 
85 97 138 139 179 
