-0.007618 -0.087558 0.157287
0.054824 -0.078272 0.137279
0.075951 -0.238434 0.138377
0.060370 -0.326892 0.141875
0.036154 -0.461435 0.133852
0.029517 -0.560944 0.120652
0.026971 -0.680736 0.119948
-0.041098 -0.694450 0.203579
-0.045261 -0.696977 0.150384
-0.067936 -0.680626 0.096624
-0.114357 -0.637524 0.084977
-0.122418 -0.579414 0.092436
-0.131465 -0.415943 0.109010
-0.129222 -0.346694 0.115602
-0.120024 -0.276302 0.111395
-0.104668 -0.160176 0.116241
0.009566 -0.144999 0.164544
-0.004523 -0.200632 0.169650
-0.054234 -0.234090 0.148711
-0.049114 -0.129699 0.160191
-0.053129 -0.187320 0.166962
-0.011747 -0.346211 0.192170
-0.073563 -0.088166 0.132136
0.028621 -0.278842 0.156377
-0.000124 -0.457995 0.191208
0.065662 -0.148618 0.142727
-0.110845 -0.501293 0.106466
-0.087560 -0.315545 0.127181
-0.101365 -0.225792 0.120829
0.019608 -0.620355 0.144723
0.002765 -0.688737 0.178944
0.015958 -0.411061 0.158333
0.011476 -0.546662 0.166246
-0.037416 -0.636100 0.179491
-0.023669 -0.288279 0.157030
-0.057146 -0.350566 0.170123
-0.066421 -0.608656 0.109472
-0.048590 -0.581176 0.189952
-0.073382 -0.407290 0.133657
-0.064191 -0.460192 0.144814
-0.080302 -0.544855 0.111770
-0.029530 -0.396485 0.186662
-0.042931 -0.522731 0.176820
-0.134169 -0.080447 0.073201
-0.154804 -0.081824 0.019280
-0.140017 -0.096385 -0.030864
-0.151839 -0.177423 -0.062006
-0.150060 -0.276673 -0.070029
-0.149927 -0.340545 -0.074947
-0.141356 -0.405331 -0.080918
-0.130610 -0.504063 -0.091694
-0.128226 -0.579643 -0.094936
-0.114741 -0.669388 -0.098462
-0.179416 -0.691397 0.012945
-0.196453 -0.679430 0.061894
-0.177617 -0.183168 0.007062
-0.181127 -0.234220 -0.001736
-0.150678 -0.131437 0.063790
-0.170699 -0.195265 0.055083
-0.214027 -0.374515 0.013843
-0.190851 -0.612670 0.033369
-0.181645 -0.316481 0.072207
-0.173188 -0.130756 0.017159
-0.173926 -0.626856 0.078342
-0.160188 -0.228101 -0.060396
-0.143654 -0.636716 0.024065
-0.178841 -0.450286 0.074003
-0.150712 -0.648903 -0.055445
-0.158769 -0.251696 0.081428
-0.179462 -0.294038 -0.028510
-0.154524 -0.510987 0.080375
-0.175857 -0.370597 -0.039036
-0.177681 -0.420052 -0.020935
-0.159765 -0.470829 -0.056076
-0.159837 -0.560949 -0.055517
-0.207954 -0.318554 0.008832
-0.184120 -0.269437 0.034058
-0.194935 -0.519317 0.006257
-0.203554 -0.542723 0.053165
-0.167007 -0.379101 0.078019
-0.178111 -0.613816 -0.025551
-0.205940 -0.409521 0.052387
-0.177671 -0.460804 0.013732
-0.159598 -0.571719 0.014011
0.126005 -0.101733 -0.040401
0.146649 -0.094754 0.021276
0.118161 -0.097485 0.089315
0.085280 -0.686671 0.093775
0.161969 -0.690483 0.084624
0.132100 -0.672388 0.037295
0.186394 -0.685078 0.034183
0.184170 -0.679078 -0.033108
0.130680 -0.675567 -0.061610
0.128656 -0.619302 -0.065043
0.134760 -0.369741 -0.084019
0.118069 -0.254821 -0.096290
0.091897 -0.137329 -0.073292
0.153981 -0.146056 0.058721
0.152267 -0.210290 0.083748
0.160546 -0.141298 -0.001344
0.179621 -0.207765 0.014799
0.154327 -0.207828 -0.052607
0.120105 -0.166990 0.116003
0.175786 -0.429069 0.043730
0.150595 -0.337626 0.106204
0.054554 -0.639287 0.087167
0.217830 -0.440397 0.012348
0.105174 -0.279299 0.122281
0.177520 -0.261677 -0.018363
0.186879 -0.514139 -0.034962
0.145384 -0.310439 -0.077036
0.154854 -0.546550 -0.065373
0.153722 -0.272769 0.094283
0.185896 -0.394846 -0.030249
0.103215 -0.463352 0.118714
0.066068 -0.525292 0.106873
0.202766 -0.349357 -0.002138
0.101903 -0.610876 0.116682
0.173887 -0.636270 0.083207
0.156606 -0.593118 0.043005
0.155964 -0.588613 0.109283
0.080414 -0.384353 0.123771
0.185669 -0.591283 -0.028251
0.220362 -0.568491 0.001949
0.129347 -0.398441 0.121055
0.190211 -0.460889 -0.032097
0.112877 -0.556810 0.128204
0.210589 -0.299524 0.016345
0.178140 -0.308151 0.063513
0.167779 -0.539759 0.047800
0.127669 -0.508403 0.130689
0.172667 -0.509947 0.096041
0.165534 -0.485469 0.032394
0.165170 -0.433937 0.115001
0.222862 -0.653200 0.012801
0.218899 -0.516228 0.009063
0.177885 -0.378105 0.068255
0.032469 -0.105902 -0.078345
-0.031779 -0.107982 -0.075958
-0.039144 -0.689417 -0.123584
0.012670 -0.677230 -0.111146
0.065670 -0.679137 -0.137466
0.093151 -0.201601 -0.099815
-0.055572 -0.150182 -0.089574
-0.079870 -0.214582 -0.107376
0.003407 -0.174830 -0.106401
0.025810 -0.217638 -0.131992
-0.028529 -0.218766 -0.112739
-0.070356 -0.613457 -0.127102
-0.086012 -0.327014 -0.113515
-0.066815 -0.263089 -0.121475
-0.053012 -0.503866 -0.130067
0.055836 -0.372795 -0.135536
0.048481 -0.275963 -0.132014
-0.101671 -0.121174 -0.075170
0.097975 -0.320007 -0.106263
0.077499 -0.417847 -0.106962
-0.011232 -0.311362 -0.114070
0.127161 -0.484150 -0.091364
0.080438 -0.629217 -0.097914
0.148844 -0.441209 -0.073506
-0.090295 -0.465157 -0.113286
-0.017052 -0.632156 -0.112240
0.087515 -0.539101 -0.099211
-0.028273 -0.583423 -0.121016
0.053768 -0.511120 -0.141875
0.078601 -0.475232 -0.105867
0.047737 -0.440874 -0.141805
0.019952 -0.407064 -0.114377
-0.052482 -0.370245 -0.128005
-0.085473 -0.538459 -0.113832
-0.009954 -0.470085 -0.116097
-0.040926 -0.420378 -0.127864
0.022661 -0.564456 -0.115791
-0.001082 -0.361354 -0.112602
0.041762 -0.614194 -0.135937
0.133638 -0.050755 0.046527
0.098361 -0.047313 0.098424
-0.001866 -0.069899 -0.060315
-0.075247 -0.069252 -0.068156
-0.104130 -0.042961 0.097214
0.066864 -0.070072 -0.066108
