1 2 17 20 23 
1 2 17 20 26 
1 2 17 20 26 
1 2 17 20 26 
1 2 17 26 178 
3 4 24 26 108 
3 4 24 108 122 
4 5 32 122 125 
5 25 32 115 116 
5 6 25 33 116 
5 6 30 33 116 
7 30 31 88 106 
7 8 30 31 106 
7 8 30 31 106 
7 8 9 31 34 
8 9 31 34 38 
8 9 31 34 38 
8 9 10 31 34 
8 9 10 31 34 
8 9 10 31 34 
8 9 10 31 34 
8 9 10 31 34 
8 9 10 34 37 
8 9 10 34 37 
8 9 10 34 37 
9 10 11 12 37 
10 11 12 37 64 
11 12 27 41 71 
13 14 39 67 80 
13 14 39 67 80 
13 14 15 28 80 
14 15 28 29 69 
16 19 23 29 58 
1 2 17 20 26 
1 2 17 20 26 
1 17 18 20 26 
1 17 18 24 26 
17 18 20 21 35 
17 18 19 21 35 
1 17 20 21 23 
1 17 20 21 23 
1 17 20 21 23 
17 18 19 20 21 
17 18 19 20 21 
17 18 19 20 21 
15 19 21 28 29 
1 17 20 21 23 
1 17 18 20 21 
17 18 19 20 21 
17 18 19 20 21 
1 2 17 20 26 
1 2 17 18 26 
1 2 17 18 26 
1 2 17 18 26 
1 17 18 21 26 
17 18 21 24 35 
1 16 17 20 23 
1 17 20 21 23 
1 17 20 21 23 
1 17 18 20 21 
17 18 19 20 21 
1 17 18 21 26 
1 2 17 18 26 
1 2 17 20 26 
1 16 17 20 23 
1 17 20 21 23 
1 17 18 20 21 
1 17 20 21 23 
1 17 20 21 23 
1 17 18 20 21 
1 17 18 20 21 
1 17 18 20 21 
1 17 20 21 23 
1 17 20 21 23 
1 17 18 20 21 
17 18 19 21 35 
17 18 21 24 35 
1 2 17 18 26 
1 17 18 20 26 
1 2 17 20 26 
1 2 17 18 26 
1 17 18 21 26 
1 2 17 20 26 
3 17 18 24 26 
17 18 21 24 26 
3 17 18 24 26 
3 17 18 24 26 
17 18 19 21 35 
3 17 18 24 26 
1 3 17 18 26 
17 18 19 20 21 
17 18 19 20 21 
17 18 19 20 21 
18 19 21 29 35 
22 24 32 35 42 
1 2 17 18 26 
17 18 19 20 21 
1 2 17 20 23 
1 17 18 20 21 
1 17 20 21 23 
1 17 20 21 23 
1 17 18 20 21 
17 18 19 20 21 
17 18 19 20 21 
17 18 20 21 35 
1 17 18 21 26 
17 18 19 21 35 
1 17 18 20 26 
1 17 18 20 26 
1 2 17 18 26 
1 2 17 18 26 
1 16 23 44 181 
17 18 19 20 21 
1 17 18 20 21 
1 2 17 20 26 
1 2 17 20 26 
1 2 17 18 26 
17 18 21 24 35 
3 4 22 24 108 
1 2 17 18 26 
5 25 32 42 43 
10 11 12 37 64 
10 11 12 37 64 
9 10 11 34 37 
17 19 20 21 29 
17 18 19 20 21 
17 18 19 20 21 
17 18 19 20 21 
18 19 21 29 35 
8 9 31 34 38 
6 7 30 31 106 
1 2 17 26 87 
17 18 20 21 35 
17 18 21 24 35 
17 18 21 24 35 
2 3 17 26 103 
3 24 26 103 108 
16 23 44 58 181 
17 18 19 20 21 
1 17 18 20 26 
13 14 36 39 40 
15 19 21 28 29 
14 15 19 28 29 
10 11 12 37 41 
9 10 11 12 37 
8 9 10 34 37 
15 16 19 21 29 
15 16 19 21 29 
16 19 21 23 29 
18 19 20 21 29 
18 19 20 21 29 
18 19 20 21 29 
18 19 20 21 35 
18 19 21 29 35 
18 19 20 21 35 
18 19 21 29 35 
17 18 19 21 35 
17 18 19 20 21 
18 19 21 29 35 
8 9 31 34 38 
8 9 31 34 38 
7 30 31 88 106 
1 2 17 20 26 
2 26 87 177 178 
1 16 20 23 181 
3 24 26 103 108 
15 16 19 21 29 
10 11 12 37 64 
10 11 12 37 64 
9 10 11 34 37 
9 10 11 12 37 
8 9 10 34 37 
8 9 10 34 37 
16 19 20 21 29 
15 16 19 21 29 
18 19 20 21 29 
3 4 24 108 113 
5 25 32 33 116 
5 6 25 33 116 
12 27 40 41 71 
14 15 19 28 36 
18 19 20 21 29 
15 19 21 28 29 
15 19 21 28 29 
15 19 21 28 29 
14 15 19 28 29 
15 19 28 29 36 
15 16 19 29 69 
11 12 27 37 41 
11 12 37 41 64 
10 11 12 37 41 
8 9 10 31 34 
15 16 19 21 29 
8 9 31 34 38 
4 5 24 32 122 
8 9 31 34 38 
8 9 31 34 38 
6 7 30 33 106 
6 7 30 33 106 
1 2 17 18 26 
3 4 24 32 122 
5 6 25 33 116 
13 14 15 28 39 
13 14 15 28 80 
15 19 28 29 36 
15 19 28 29 36 
11 12 27 37 41 
10 11 12 37 41 
8 9 10 31 34 
6 30 33 106 116 
5 6 30 33 116 
7 8 30 31 34 
7 8 30 31 34 
8 30 31 34 38 
1 2 17 26 103 
3 4 22 24 108 
3 4 24 26 108 
4 5 25 32 122 
5 22 25 32 42 
5 6 25 33 116 
13 14 28 39 80 
13 14 27 39 40 
13 27 39 40 71 
12 27 37 41 71 
11 12 27 41 71 
14 15 28 36 39 
14 15 28 36 39 
14 15 19 28 36 
11 12 27 37 41 
8 9 10 31 34 
8 9 31 34 38 
8 9 31 34 38 
8 9 31 34 38 
6 30 33 38 116 
4 5 25 32 122 
4 5 25 32 122 
8 9 31 34 38 
8 9 31 34 38 
3 4 18 22 24 
3 17 18 24 35 
5 25 32 33 42 
6 25 30 33 38 
13 27 39 40 41 
8 9 10 34 37 
8 9 10 34 37 
8 9 10 34 37 
8 9 10 34 37 
8 9 10 34 37 
9 10 11 34 37 
9 10 11 12 37 
8 9 10 34 38 
8 9 31 34 38 
4 22 25 32 42 
8 9 31 34 38 
7 8 30 31 106 
3 4 22 24 108 
8 9 10 34 37 
9 10 11 12 37 
8 9 31 34 38 
8 9 34 37 38 
6 30 33 38 116 
8 9 31 34 38 
7 8 30 31 38 
7 30 31 33 38 
4 22 24 32 122 
4 22 24 32 122 
9 10 11 12 37 
8 9 34 37 38 
8 9 31 34 38 
8 9 31 34 38 
8 9 31 34 38 
8 9 31 34 38 
9 10 11 34 37 
8 9 34 37 38 
8 9 31 34 38 
8 30 31 34 38 
3 4 22 24 32 
8 9 34 37 38 
8 9 34 37 38 
8 9 31 34 38 
8 31 34 38 43 
8 31 34 38 43 
8 9 31 34 38 
6 30 31 33 38 
6 25 30 33 38 
6 30 31 33 38 
8 30 31 33 38 
8 30 31 34 38 
8 30 31 34 38 
17 18 21 24 35 
17 18 21 24 35 
18 19 22 35 36 
18 19 21 35 36 
3 4 18 24 108 
3 17 18 26 103 
3 17 18 24 26 
18 19 21 29 35 
19 21 28 29 35 
18 19 21 29 35 
18 19 21 35 36 
19 22 28 35 36 
19 21 28 29 35 
19 21 28 29 35 
15 19 28 29 35 
19 21 28 35 36 
19 21 28 35 36 
19 21 28 35 36 
19 21 28 35 36 
14 15 19 28 36 
15 19 28 35 36 
19 28 35 36 39 
22 28 35 36 39 
15 19 28 35 36 
19 28 35 36 39 
19 28 35 36 39 
19 28 35 36 39 
19 28 35 36 39 
19 28 35 36 39 
19 22 28 35 36 
19 28 35 36 39 
28 35 36 39 40 
18 19 22 35 36 
3 18 22 24 35 
3 4 22 24 35 
3 4 22 24 35 
3 18 22 24 35 
3 17 18 24 35 
22 24 32 35 42 
17 18 22 24 35 
3 17 18 24 35 
22 24 32 35 42 
17 18 21 24 35 
18 21 22 24 35 
17 18 21 24 35 
17 18 21 24 35 
18 19 21 22 35 
18 21 22 35 36 
18 19 21 22 35 
18 22 35 36 42 
18 22 24 35 36 
22 24 35 36 42 
22 24 35 36 42 
5 25 32 33 42 
5 6 25 32 33 
5 6 25 33 38 
5 6 30 33 116 
8 9 10 34 37 
8 9 10 34 37 
8 9 10 34 37 
8 9 10 34 37 
8 9 31 34 38 
8 9 34 37 38 
8 9 10 34 37 
6 7 30 31 33 
3 17 18 24 26 
22 24 25 32 42 
5 22 25 32 42 
4 22 24 32 42 
22 24 32 35 42 
22 24 32 35 42 
22 32 35 36 42 
22 24 32 35 42 
22 24 32 35 42 
22 32 35 36 42 
22 32 35 36 42 
22 24 32 35 42 
18 22 35 36 42 
18 22 24 35 36 
18 22 35 36 42 
18 19 22 35 36 
22 32 35 36 42 
22 32 35 36 42 
18 22 24 35 36 
18 19 22 35 36 
10 11 12 37 41 
10 11 34 37 41 
8 33 34 38 43 
8 33 34 38 43 
8 33 34 38 43 
30 33 34 38 43 
6 30 33 38 43 
25 33 34 38 43 
8 9 34 38 43 
25 33 34 38 43 
25 33 34 38 43 
25 33 34 38 43 
8 33 34 38 43 
8 33 34 38 43 
8 33 34 38 43 
8 33 34 38 43 
33 34 38 41 43 
6 25 30 33 38 
25 33 34 38 43 
19 21 28 29 35 
19 21 28 35 36 
14 28 35 36 39 
28 35 36 39 40 
28 35 36 39 40 
22 35 36 39 42 
22 28 35 36 42 
19 22 35 36 42 
28 35 36 39 42 
19 22 35 36 42 
22 28 35 36 39 
22 35 36 39 42 
28 35 36 39 40 
28 36 39 40 42 
22 35 36 39 42 
19 22 35 36 42 
18 22 35 36 42 
18 22 35 36 42 
22 32 35 36 42 
18 19 21 35 36 
18 19 21 35 36 
13 14 27 39 40 
13 14 39 40 80 
13 28 36 39 40 
13 28 36 39 40 
13 28 36 39 40 
13 14 28 36 39 
13 14 28 36 39 
13 14 28 36 39 
14 15 28 36 39 
13 27 39 40 41 
13 28 36 39 40 
13 36 39 40 42 
13 27 36 39 40 
12 27 40 41 71 
12 27 37 40 41 
12 27 37 40 41 
10 11 12 37 41 
34 37 40 41 43 
12 27 37 40 41 
5 22 25 32 42 
22 25 32 42 43 
22 25 32 36 42 
22 24 25 32 42 
22 32 35 36 42 
22 25 32 36 42 
5 22 25 32 42 
5 22 25 32 42 
5 25 32 33 42 
5 22 25 32 42 
5 6 25 32 33 
5 25 32 33 43 
5 25 32 33 42 
25 33 38 42 43 
25 33 38 42 43 
5 25 32 42 43 
25 33 38 42 43 
22 24 32 35 42 
18 22 24 35 36 
10 11 12 37 41 
8 9 34 38 43 
8 9 34 38 43 
8 9 34 37 38 
8 9 34 37 38 
8 9 34 37 38 
8 9 34 37 38 
9 34 37 38 41 
8 9 34 37 38 
9 34 37 38 43 
8 9 34 37 38 
9 34 37 38 41 
9 10 34 37 38 
8 9 10 34 37 
9 10 11 34 37 
9 34 37 38 43 
9 34 37 38 41 
8 9 10 34 37 
25 33 38 40 43 
13 14 28 36 39 
28 35 36 39 40 
28 36 39 40 42 
28 36 39 40 42 
28 35 36 39 40 
13 36 39 40 42 
28 36 39 40 42 
13 36 39 40 42 
19 22 35 36 42 
22 32 35 36 42 
22 35 36 39 42 
22 36 39 40 42 
22 36 39 40 42 
22 36 39 40 42 
22 36 39 40 42 
22 36 39 40 42 
22 28 35 36 42 
22 35 36 39 42 
22 32 35 36 42 
17 18 19 21 35 
17 18 19 21 35 
17 18 19 21 35 
13 27 39 40 71 
13 27 36 39 40 
13 27 39 40 41 
13 27 39 40 71 
13 27 39 40 41 
13 27 39 40 41 
13 27 39 40 41 
27 39 40 41 71 
27 39 40 41 43 
27 39 40 41 43 
27 39 40 41 43 
27 39 40 41 43 
34 37 40 41 43 
27 37 40 41 43 
27 37 40 41 43 
27 38 40 41 43 
27 37 40 41 43 
34 37 40 41 43 
37 38 40 41 43 
37 38 40 41 43 
12 27 37 40 41 
27 37 40 41 43 
12 27 37 40 41 
34 37 40 41 43 
27 34 37 41 43 
27 37 40 41 43 
25 33 38 42 43 
25 33 38 42 43 
25 33 38 42 43 
25 33 38 40 43 
25 33 38 40 43 
25 33 38 40 43 
25 38 40 42 43 
25 38 40 42 43 
22 25 32 42 43 
22 25 32 42 43 
22 25 32 42 43 
22 25 32 42 43 
9 10 11 34 37 
9 10 34 37 41 
9 10 34 37 41 
9 34 37 38 43 
34 37 38 41 43 
9 34 37 38 43 
34 37 38 41 43 
8 34 37 38 43 
9 34 37 38 43 
9 34 37 38 43 
34 37 38 41 43 
34 37 38 41 43 
34 37 38 41 43 
34 37 38 41 43 
34 37 38 41 43 
34 37 40 41 43 
6 25 33 38 43 
33 34 38 41 43 
8 33 34 38 43 
34 38 40 41 43 
25 34 38 40 43 
34 38 40 41 43 
34 38 40 41 43 
25 38 40 41 43 
25 38 40 41 43 
25 38 40 41 43 
34 38 40 41 43 
34 37 38 41 43 
34 38 40 41 43 
8 33 34 38 43 
8 33 34 38 43 
8 33 34 38 43 
13 36 39 40 42 
13 36 39 40 42 
13 27 36 39 40 
27 39 40 41 43 
27 39 40 42 43 
27 36 39 40 41 
27 39 40 41 43 
36 39 40 42 43 
36 39 40 42 43 
27 39 40 41 43 
27 36 39 40 42 
22 36 39 40 42 
27 39 40 41 43 
27 39 40 41 43 
27 39 40 41 43 
27 39 40 41 43 
36 39 40 42 43 
38 39 40 41 43 
27 39 40 41 43 
25 38 40 42 43 
25 39 40 42 43 
25 39 40 42 43 
25 39 40 42 43 
25 38 40 42 43 
36 39 40 42 43 
25 38 40 42 43 
9 10 34 37 41 
34 37 38 41 43 
9 10 34 37 41 
5 25 32 33 43 
22 25 32 42 43 
22 25 32 42 43 
25 32 40 42 43 
22 25 36 42 43 
22 36 39 40 42 
22 25 32 36 42 
22 25 32 36 42 
22 25 36 40 42 
34 37 38 41 43 
5 25 33 38 43 
25 33 34 38 43 
25 33 34 38 43 
25 33 34 38 43 
25 33 34 38 43 
6 25 33 38 43 
34 37 38 41 43 
22 36 39 40 42 
22 36 39 40 42 
36 39 40 42 43 
36 39 40 42 43 
22 35 36 39 42 
25 38 40 42 43 
36 39 40 42 43 
25 32 40 42 43 
25 36 40 42 43 
23 44 45 58 181 
44 45 58 63 181 
44 45 46 58 63 
44 45 46 58 63 
45 46 47 63 155 
45 46 47 155 180 
45 46 47 155 180 
46 47 56 65 155 
47 48 56 57 65 
48 49 57 65 70 
48 49 50 70 72 
49 50 72 73 74 
50 51 73 74 162 
51 52 74 162 171 
51 52 74 75 171 
51 52 75 149 171 
52 53 68 140 149 
53 54 66 68 81 
54 66 68 81 84 
54 66 68 81 84 
54 61 66 81 84 
54 55 61 66 84 
55 61 64 66 84 
11 55 61 64 66 
11 55 61 64 66 
11 55 61 64 66 
44 45 46 58 63 
44 45 46 58 63 
45 46 56 58 63 
47 56 57 63 65 
56 57 59 63 65 
47 56 57 65 70 
48 56 57 65 70 
56 57 58 59 63 
56 57 59 63 77 
56 57 59 76 77 
44 45 58 59 63 
44 56 58 59 63 
44 56 58 59 63 
58 59 63 69 77 
57 58 59 69 77 
16 58 59 63 69 
23 44 45 58 181 
44 58 59 63 181 
44 58 59 63 69 
44 45 46 58 63 
45 46 56 58 63 
45 56 57 58 63 
56 57 58 59 63 
47 56 57 63 65 
56 57 59 63 77 
56 57 58 59 63 
45 56 58 59 63 
45 56 58 59 63 
45 46 56 58 63 
44 45 58 59 63 
44 45 58 63 181 
44 45 58 63 181 
44 45 58 63 181 
44 45 58 63 181 
47 56 57 59 63 
56 57 59 63 65 
56 57 59 70 77 
56 57 58 59 63 
45 46 56 58 63 
45 56 57 58 63 
44 45 58 59 63 
44 45 58 59 63 
44 45 58 63 181 
23 44 45 58 181 
44 45 58 63 181 
44 45 58 59 63 
44 45 58 59 63 
44 45 58 59 63 
56 57 59 76 77 
56 57 59 63 77 
56 57 58 59 63 
44 45 46 58 63 
16 44 58 59 63 
56 57 59 65 77 
56 57 65 70 77 
56 57 59 63 77 
44 45 58 63 181 
47 56 57 63 65 
47 56 57 58 63 
56 58 59 63 77 
52 53 68 140 149 
52 53 68 81 149 
52 53 68 81 149 
60 72 73 76 82 
45 46 56 58 63 
61 64 66 79 84 
10 11 12 37 64 
58 59 62 69 77 
14 62 69 77 80 
44 58 59 63 69 
44 58 59 63 69 
45 56 58 59 63 
45 46 56 58 63 
44 45 46 58 63 
45 46 56 58 63 
45 46 56 58 63 
44 45 46 58 63 
44 45 58 59 63 
23 44 45 58 181 
45 46 47 56 63 
45 56 57 58 63 
44 45 58 59 63 
44 45 58 63 181 
44 45 58 59 63 
56 57 59 63 77 
56 57 59 63 77 
16 44 58 59 63 
57 58 59 69 77 
11 12 55 61 64 
58 59 62 69 77 
58 59 63 69 77 
44 56 58 59 63 
44 58 59 63 69 
44 58 59 63 69 
44 58 59 63 69 
16 58 59 63 69 
46 47 56 57 65 
47 48 57 65 70 
45 56 58 59 63 
44 45 46 58 63 
16 23 29 44 58 
46 47 56 63 155 
44 45 58 59 63 
56 57 59 63 77 
16 58 59 63 69 
47 56 57 65 70 
47 48 56 57 65 
52 53 68 81 149 
52 53 54 68 81 
45 46 47 56 63 
45 46 47 63 155 
44 45 46 58 63 
45 46 58 63 155 
45 46 56 58 63 
45 46 56 58 63 
54 55 61 66 84 
11 12 64 71 79 
11 12 55 61 64 
10 11 12 55 64 
57 58 59 69 77 
58 59 62 69 77 
16 58 59 69 77 
14 15 62 69 80 
13 67 71 80 82 
15 16 19 29 69 
16 58 59 62 69 
58 59 63 69 77 
58 59 62 69 77 
58 59 63 69 77 
58 59 63 69 77 
15 16 29 58 69 
48 49 57 65 70 
52 53 68 75 81 
51 52 74 75 81 
51 52 68 75 81 
52 53 68 75 81 
53 54 68 75 81 
54 66 68 81 84 
49 50 70 72 73 
45 46 47 56 63 
11 12 37 41 64 
12 27 67 71 79 
11 55 61 64 66 
11 12 37 55 64 
14 15 28 29 69 
15 29 59 62 69 
16 29 58 59 69 
15 16 29 62 69 
48 56 57 65 70 
51 52 75 81 171 
52 53 68 75 149 
53 54 68 75 81 
53 54 68 75 81 
54 66 68 81 84 
54 66 68 81 84 
54 55 61 66 84 
12 13 27 67 71 
12 27 41 67 71 
50 51 72 73 74 
49 50 72 73 74 
48 57 65 70 72 
48 49 70 72 73 
49 50 70 72 73 
48 49 50 70 72 
11 12 41 64 71 
11 12 27 64 71 
12 27 41 64 71 
55 61 64 66 84 
11 12 55 61 64 
10 11 12 37 64 
13 14 28 62 80 
15 29 59 62 69 
15 29 59 62 69 
15 59 62 69 77 
15 59 62 69 77 
15 59 62 69 77 
52 53 68 75 81 
52 53 68 75 171 
51 52 68 75 81 
54 66 68 75 81 
54 66 68 81 84 
54 66 68 81 84 
12 13 27 67 71 
12 27 67 71 79 
50 51 74 162 171 
49 50 70 72 73 
55 61 64 66 84 
55 61 64 66 84 
55 61 64 66 84 
11 12 37 41 64 
12 27 41 71 79 
12 27 64 71 79 
55 61 64 66 84 
13 14 15 62 80 
13 27 67 71 80 
14 15 62 69 80 
48 49 57 65 70 
51 52 74 75 171 
49 50 70 72 73 
50 60 72 73 74 
49 50 72 73 74 
49 50 72 73 74 
60 72 73 74 76 
60 72 73 74 76 
50 51 72 73 74 
50 51 72 73 74 
11 12 27 64 71 
11 12 55 61 64 
11 12 55 61 64 
14 15 62 69 80 
14 15 62 69 80 
13 27 67 71 80 
13 27 67 71 80 
15 62 69 77 80 
14 15 62 69 80 
54 61 66 81 84 
53 54 68 75 81 
54 66 68 81 84 
54 55 61 66 84 
54 55 61 66 84 
50 51 73 74 75 
60 70 72 73 76 
50 51 73 74 75 
54 55 61 66 84 
11 12 55 61 64 
55 61 64 66 79 
12 27 67 71 79 
12 61 64 71 79 
11 12 64 71 79 
13 14 67 80 82 
13 27 67 71 79 
51 52 68 75 81 
52 53 68 75 81 
54 55 61 66 84 
54 55 61 66 84 
60 70 72 73 76 
49 60 70 72 76 
49 60 70 72 76 
60 70 72 73 76 
60 70 72 73 76 
51 52 74 75 171 
55 61 64 66 84 
12 55 61 64 79 
55 61 64 66 79 
60 70 72 73 76 
60 70 72 73 76 
55 61 64 66 79 
60 72 73 74 76 
60 72 73 74 78 
60 70 72 76 77 
60 70 72 73 76 
60 70 72 76 77 
60 72 73 76 83 
57 59 70 76 77 
56 57 70 76 77 
56 57 59 76 77 
56 57 59 70 77 
56 57 70 76 77 
56 57 70 76 77 
60 70 72 76 77 
60 62 72 76 77 
56 57 59 76 77 
56 57 59 76 77 
60 70 72 76 77 
57 60 70 76 77 
57 60 70 76 77 
57 60 70 72 76 
60 70 72 76 77 
60 72 73 76 77 
60 72 73 76 77 
56 57 59 69 77 
57 60 70 76 77 
57 60 70 76 77 
60 62 76 77 82 
60 62 76 77 82 
60 76 80 82 83 
60 62 76 77 82 
60 62 76 77 82 
60 62 76 77 82 
59 62 69 76 77 
56 57 70 76 77 
56 57 70 76 77 
56 57 70 76 77 
57 60 62 76 77 
57 60 70 76 77 
60 62 76 77 82 
62 67 77 80 82 
60 72 73 76 83 
57 59 62 69 77 
60 73 76 82 83 
60 72 73 76 82 
57 59 62 69 77 
57 60 62 76 77 
59 60 62 76 77 
60 62 76 77 82 
59 62 69 76 77 
57 59 62 76 77 
56 57 59 76 77 
57 59 62 76 77 
60 73 76 82 83 
60 72 73 76 83 
60 72 73 82 83 
60 73 76 82 83 
60 73 76 82 83 
60 73 78 82 83 
62 69 77 80 82 
56 57 59 76 77 
57 59 62 76 77 
44 45 46 58 63 
45 46 56 58 63 
16 23 44 58 181 
46 47 56 57 65 
51 52 74 75 78 
51 74 75 78 81 
51 73 74 75 78 
51 73 74 75 78 
51 73 74 75 78 
51 73 74 75 78 
51 52 74 75 78 
52 74 75 78 81 
74 75 78 81 83 
51 74 75 78 81 
52 68 75 78 81 
51 72 73 74 78 
73 74 75 78 83 
51 73 74 75 78 
60 72 73 74 78 
51 72 73 74 78 
55 61 64 66 84 
11 55 61 64 66 
11 12 55 61 64 
11 55 61 64 66 
55 61 64 66 84 
55 61 66 79 84 
55 61 64 66 84 
55 61 64 66 84 
55 61 64 66 84 
11 55 61 64 66 
11 55 61 64 79 
55 61 64 66 84 
55 61 64 66 84 
50 60 72 73 74 
13 67 71 80 82 
13 67 71 80 82 
12 27 67 71 79 
12 27 67 71 79 
13 27 67 71 79 
27 67 71 79 82 
27 67 71 79 82 
12 27 67 71 79 
12 61 67 71 79 
61 67 71 79 84 
61 67 71 79 83 
54 66 68 75 81 
12 61 64 71 79 
12 61 64 71 79 
55 61 64 79 84 
61 64 71 79 84 
12 61 64 71 79 
12 61 64 71 79 
12 61 67 71 79 
12 61 64 71 79 
61 64 71 79 84 
12 61 64 79 84 
61 64 66 79 84 
61 64 66 79 84 
61 64 66 79 84 
61 64 66 79 84 
61 64 66 79 84 
61 66 79 83 84 
61 66 79 83 84 
61 64 66 79 84 
11 55 61 64 66 
13 14 62 80 82 
52 53 68 75 81 
54 68 75 78 81 
52 68 75 78 81 
55 61 64 66 84 
48 57 70 76 77 
56 57 70 76 77 
56 57 70 76 77 
52 68 75 78 81 
14 62 77 80 82 
14 62 69 80 82 
14 15 62 69 80 
14 62 69 80 82 
58 59 62 69 77 
59 62 69 76 77 
58 59 62 69 77 
59 62 69 76 77 
15 59 62 69 77 
58 59 62 69 77 
15 59 62 69 77 
62 76 77 80 82 
59 60 62 76 77 
59 62 69 77 80 
75 78 81 83 84 
75 78 81 83 84 
75 78 81 83 84 
75 78 81 83 84 
66 75 78 81 84 
73 74 75 78 81 
73 74 75 78 83 
54 66 68 81 84 
54 66 68 81 84 
54 61 66 81 84 
54 66 68 81 84 
54 66 68 81 84 
54 66 68 81 84 
13 14 67 80 82 
13 62 67 80 82 
13 62 67 80 82 
13 67 71 80 82 
13 14 67 80 82 
60 62 67 80 82 
62 67 80 82 83 
60 67 80 82 83 
60 67 80 82 83 
60 67 80 82 83 
60 76 80 82 83 
60 67 80 82 83 
60 67 76 82 83 
60 76 80 82 83 
60 67 80 82 83 
60 67 80 82 83 
13 67 71 80 82 
60 67 80 82 83 
13 67 80 82 83 
60 67 80 82 83 
67 79 80 82 83 
67 71 79 82 83 
67 79 82 83 84 
60 78 79 82 83 
60 67 78 82 83 
60 67 78 82 83 
67 79 82 83 84 
60 67 78 82 83 
13 67 80 82 83 
13 62 67 80 82 
78 79 82 83 84 
78 79 82 83 84 
67 71 80 82 83 
67 79 82 83 84 
67 79 82 83 84 
78 79 82 83 84 
78 79 82 83 84 
61 78 79 83 84 
78 79 82 83 84 
61 78 79 83 84 
61 78 79 83 84 
61 66 79 83 84 
61 66 79 83 84 
61 66 78 83 84 
61 64 66 79 84 
13 14 62 80 82 
13 14 62 80 82 
54 66 78 81 84 
54 66 78 81 84 
54 61 66 81 84 
54 68 75 81 84 
54 66 78 81 84 
54 55 61 66 84 
54 61 66 79 84 
54 55 61 66 84 
54 61 66 78 84 
54 61 66 81 84 
55 61 66 79 84 
55 61 66 79 84 
61 64 66 79 84 
61 64 66 79 84 
55 61 66 79 84 
61 66 78 79 84 
54 66 78 81 84 
54 61 66 79 84 
61 66 78 79 84 
60 72 73 74 78 
60 73 74 78 83 
60 72 73 78 83 
60 73 78 82 83 
60 73 78 82 83 
60 73 78 82 83 
14 62 77 80 82 
62 69 76 77 80 
59 62 69 77 80 
59 62 69 76 77 
57 59 62 69 77 
59 62 69 76 77 
62 69 76 77 80 
59 62 69 77 80 
74 75 78 81 84 
73 78 81 83 84 
73 74 78 83 84 
60 73 74 78 83 
60 73 74 78 83 
60 73 74 78 83 
73 74 78 83 84 
60 73 78 83 84 
60 73 74 78 83 
60 73 74 78 83 
60 73 74 78 83 
68 75 78 81 84 
75 78 81 83 84 
66 75 78 81 84 
66 75 78 81 84 
54 68 75 78 81 
75 78 81 83 84 
54 66 78 81 84 
75 78 81 83 84 
61 66 78 81 84 
66 75 78 81 84 
66 75 78 81 84 
66 75 78 81 84 
66 75 78 81 84 
75 78 81 83 84 
73 78 79 83 84 
78 79 82 83 84 
73 78 81 83 84 
66 78 81 83 84 
66 78 79 83 84 
78 79 82 83 84 
54 61 66 81 84 
13 62 67 80 82 
13 62 67 80 82 
13 62 67 80 82 
60 62 67 80 82 
13 67 80 82 83 
67 71 79 82 83 
67 71 79 82 83 
27 67 71 79 82 
67 71 79 80 82 
67 71 79 82 83 
67 71 79 82 83 
67 71 79 82 83 
67 71 79 82 83 
67 71 79 82 83 
67 71 79 82 83 
13 67 71 80 82 
67 71 80 82 83 
67 71 79 82 83 
67 71 79 82 83 
67 71 79 82 83 
61 67 79 83 84 
61 67 71 79 83 
67 71 79 83 84 
61 67 71 79 83 
67 71 79 82 83 
67 71 79 82 83 
67 71 79 82 83 
67 71 80 82 83 
67 71 80 82 83 
61 64 79 83 84 
61 66 79 83 84 
61 64 66 79 84 
54 66 68 81 84 
54 66 78 81 84 
61 66 78 83 84 
61 66 78 79 84 
60 73 78 82 83 
60 67 78 82 83 
14 62 67 80 82 
13 14 62 80 82 
14 62 77 80 82 
15 62 69 77 80 
59 62 69 77 80 
14 62 69 77 80 
15 62 69 77 80 
15 62 69 77 80 
14 62 77 80 82 
62 76 77 80 82 
60 62 77 80 82 
60 62 67 80 82 
60 62 77 80 82 
54 75 78 81 84 
75 78 81 83 84 
85 86 97 100 182 
85 86 98 100 177 
85 86 98 100 177 
86 87 98 100 177 
86 87 98 100 177 
86 87 98 177 178 
7 88 89 106 118 
88 89 106 118 119 
88 89 90 119 121 
89 90 119 120 121 
89 90 91 119 120 
89 90 91 119 120 
89 90 91 119 120 
90 91 119 120 135 
90 91 92 120 135 
90 91 92 120 135 
90 91 92 124 135 
90 91 92 123 135 
92 93 94 123 135 
92 93 94 142 160 
93 94 112 123 160 
94 112 123 159 164 
95 111 114 156 161 
96 102 111 143 156 
85 97 102 138 182 
86 87 98 100 177 
86 87 98 100 177 
86 87 98 99 100 
98 99 100 101 103 
98 99 100 101 103 
98 99 103 108 113 
98 99 100 101 103 
98 99 100 101 113 
85 86 98 100 177 
85 86 98 100 101 
86 98 100 101 102 
98 100 101 109 128 
98 100 101 109 128 
98 100 101 102 109 
98 100 101 102 109 
100 101 102 109 128 
101 102 109 117 128 
85 86 97 100 182 
85 86 98 100 101 
85 86 100 101 102 
85 100 101 102 109 
100 101 102 109 128 
86 87 98 100 177 
86 87 98 100 177 
86 87 98 99 100 
86 98 99 101 103 
98 99 101 103 113 
98 99 101 103 113 
85 86 97 100 102 
98 99 100 101 103 
86 87 98 99 100 
98 99 100 101 128 
98 99 100 101 103 
86 87 98 100 177 
86 98 100 101 102 
86 98 100 101 102 
85 86 98 100 177 
100 101 102 109 128 
96 100 102 109 143 
98 99 101 128 129 
98 99 100 101 128 
86 98 100 101 102 
85 86 98 100 177 
86 87 98 100 177 
98 100 101 109 128 
86 98 100 101 102 
85 86 98 100 101 
85 86 98 100 177 
100 101 102 109 128 
98 100 101 102 109 
85 86 98 100 101 
98 100 101 102 109 
100 101 102 109 128 
85 86 98 100 101 
86 98 99 100 101 
100 101 102 109 128 
100 101 102 109 143 
98 99 103 108 113 
86 98 100 101 102 
86 87 98 100 101 
85 86 98 100 101 
96 101 102 109 128 
26 87 98 99 103 
26 87 98 99 103 
7 30 31 88 106 
104 132 133 134 137 
105 108 113 125 129 
2 26 87 177 178 
85 97 100 102 182 
85 97 100 138 182 
85 97 100 102 182 
98 99 101 103 113 
86 98 99 100 103 
98 99 101 103 113 
98 99 101 103 113 
86 98 99 100 103 
86 87 98 100 177 
86 87 98 100 177 
86 87 98 100 177 
86 87 98 100 177 
26 87 103 177 178 
86 98 99 101 103 
98 99 101 103 113 
86 87 98 100 177 
85 86 97 98 100 
100 101 102 109 128 
96 97 102 109 143 
85 86 100 101 102 
85 86 98 100 101 
85 86 98 100 101 
85 86 98 100 101 
85 86 97 98 100 
85 86 97 100 177 
100 101 102 109 128 
98 100 101 102 109 
98 100 101 102 109 
86 87 98 99 103 
7 30 88 106 118 
89 118 119 120 121 
107 114 117 126 136 
3 4 105 108 113 
86 98 99 100 103 
86 87 98 100 177 
102 109 111 117 128 
85 96 97 102 143 
85 86 97 100 102 
85 98 100 101 102 
86 87 98 177 178 
26 87 98 103 178 
2 26 87 103 178 
98 99 101 113 129 
98 99 101 113 129 
99 105 108 113 129 
85 100 101 102 109 
3 26 87 99 103 
7 30 88 106 118 
7 88 89 106 118 
90 91 119 120 130 
4 105 108 122 125 
4 32 105 122 125 
90 91 92 124 135 
110 112 123 126 136 
92 93 94 123 135 
91 92 123 124 135 
92 93 94 123 160 
95 111 114 117 161 
92 93 94 123 135 
85 97 100 102 143 
3 26 99 103 108 
86 87 98 177 178 
98 99 101 113 129 
96 102 109 111 143 
96 102 109 111 156 
26 87 98 99 103 
7 30 88 106 118 
5 6 115 116 127 
6 106 116 118 127 
4 5 32 115 122 
90 91 92 124 135 
93 94 110 112 123 
110 112 123 124 136 
95 96 109 111 156 
3 99 103 108 113 
26 87 98 103 178 
96 102 109 111 143 
26 87 98 99 103 
3 26 99 103 108 
6 7 30 106 118 
5 6 33 115 116 
88 89 90 119 121 
95 111 114 157 161 
5 32 115 122 125 
90 91 92 124 135 
94 110 112 123 159 
110 112 126 159 161 
95 109 111 114 117 
95 111 114 156 161 
95 96 102 109 111 
99 103 108 113 129 
99 105 108 113 129 
99 103 105 108 113 
3 99 103 108 113 
99 105 108 113 129 
99 105 108 113 129 
99 105 108 113 129 
99 105 108 113 129 
105 108 113 129 137 
3 4 24 108 113 
6 7 30 106 118 
88 89 106 118 119 
6 30 106 116 118 
89 90 119 120 121 
89 90 91 119 120 
89 90 91 119 120 
90 91 92 120 135 
3 4 24 108 122 
90 91 92 124 135 
90 91 92 124 135 
92 93 94 112 123 
91 92 93 123 135 
95 107 114 117 126 
98 99 101 113 129 
99 105 108 113 129 
99 105 108 113 129 
3 99 105 108 113 
6 30 33 116 127 
90 91 119 120 135 
90 91 119 120 135 
89 90 91 119 120 
90 91 120 124 135 
4 5 32 122 125 
110 112 126 136 159 
98 99 101 113 129 
3 4 105 108 122 
4 105 108 122 125 
4 105 108 113 125 
88 89 106 118 119 
88 89 106 118 119 
115 116 125 131 134 
5 6 115 116 127 
5 115 116 127 131 
90 91 92 120 135 
105 108 113 125 129 
105 108 113 125 129 
105 108 113 122 125 
88 89 106 118 119 
7 88 89 106 118 
5 115 116 127 131 
89 90 91 119 120 
107 109 114 117 128 
107 114 117 126 128 
95 111 114 117 128 
95 111 114 117 128 
95 107 114 117 128 
107 114 117 126 161 
107 114 117 126 161 
107 114 117 126 128 
107 114 117 126 128 
107 114 117 126 161 
104 107 126 133 136 
107 110 114 126 161 
104 107 114 117 126 
88 106 118 121 127 
88 89 106 118 119 
104 107 114 117 128 
104 107 117 133 137 
104 107 117 133 137 
104 107 114 117 126 
104 107 114 117 137 
7 30 88 106 118 
104 107 114 117 128 
104 117 128 129 137 
104 107 117 133 137 
6 30 106 116 118 
88 106 118 121 127 
106 116 118 121 127 
6 106 116 118 127 
89 118 119 121 127 
88 106 118 121 127 
88 106 118 121 127 
88 89 118 119 121 
89 118 119 121 127 
88 89 118 119 121 
88 106 118 119 121 
89 118 119 121 127 
106 118 119 121 127 
85 86 97 100 182 
85 86 98 100 177 
85 86 98 100 101 
102 109 111 117 128 
96 102 109 111 128 
96 102 109 111 128 
101 109 111 117 128 
95 109 111 117 128 
102 109 111 117 128 
101 102 109 117 128 
101 102 109 117 128 
101 102 109 117 128 
102 109 111 117 128 
109 111 114 117 128 
109 111 114 117 128 
101 109 111 117 128 
109 111 114 117 128 
109 111 114 117 128 
109 111 114 117 128 
109 111 114 117 128 
109 111 114 117 128 
101 102 109 117 128 
101 109 117 128 129 
107 114 117 126 128 
109 111 114 117 128 
109 111 114 117 128 
109 111 114 117 128 
107 114 117 128 137 
107 114 117 128 137 
104 107 114 117 128 
107 109 114 117 128 
107 114 117 128 137 
88 89 90 119 121 
88 89 90 118 119 
89 90 119 120 121 
89 90 119 120 121 
88 89 118 119 121 
89 90 119 120 130 
90 119 120 121 130 
89 90 119 120 121 
90 119 120 121 130 
89 118 119 120 121 
89 118 119 120 121 
118 119 120 121 127 
118 119 121 127 131 
118 119 120 121 127 
106 118 119 121 127 
118 119 120 121 127 
118 119 121 127 131 
5 115 116 122 125 
5 32 115 116 122 
4 105 108 122 125 
4 5 115 122 125 
94 110 112 123 124 
94 110 112 123 124 
110 123 124 135 136 
110 112 123 124 136 
110 112 123 124 136 
110 112 123 124 136 
105 108 113 129 137 
110 123 124 126 136 
110 112 124 126 136 
95 107 114 126 161 
105 115 122 125 134 
6 116 118 127 131 
115 116 118 127 131 
115 125 131 132 134 
5 115 116 125 131 
115 116 125 131 134 
105 115 122 125 134 
107 114 117 126 136 
107 110 114 126 161 
107 110 114 126 161 
107 110 114 126 136 
107 110 114 126 161 
104 107 133 134 137 
104 107 133 136 137 
6 115 116 127 131 
116 118 121 127 131 
106 116 118 121 127 
118 119 121 127 131 
118 121 127 131 132 
116 118 121 127 131 
118 121 127 131 132 
116 118 121 127 131 
100 101 102 109 128 
100 101 102 109 128 
101 102 109 117 128 
100 101 102 109 128 
101 109 117 128 129 
100 101 102 109 128 
99 101 113 128 129 
98 99 101 113 129 
99 101 105 113 129 
99 105 108 113 129 
99 105 108 113 129 
109 114 117 128 129 
101 109 117 128 129 
101 109 117 128 129 
101 109 117 128 129 
109 111 114 117 128 
109 114 117 128 137 
114 117 128 129 137 
99 101 113 128 129 
101 113 128 129 137 
109 114 117 128 137 
101 109 117 128 129 
105 113 128 129 137 
101 113 128 129 137 
101 109 117 128 129 
109 117 128 129 137 
101 109 117 128 129 
101 117 128 129 137 
101 109 113 128 129 
101 109 117 128 129 
101 117 128 129 137 
99 101 109 128 129 
99 101 113 128 129 
98 99 101 113 129 
90 119 120 121 130 
119 120 121 130 132 
89 118 119 120 121 
120 121 130 132 133 
121 127 130 131 132 
119 120 121 130 132 
90 119 120 121 130 
118 119 120 121 127 
120 121 130 132 133 
120 121 127 130 132 
90 91 119 120 130 
90 119 120 121 130 
118 121 127 131 132 
120 121 130 132 133 
120 121 130 132 133 
120 121 130 132 133 
120 130 132 133 136 
104 120 130 132 133 
116 121 127 131 132 
118 121 127 131 132 
115 121 127 131 132 
115 127 131 132 134 
115 116 127 131 132 
120 130 132 133 136 
115 116 127 131 132 
115 127 131 132 134 
120 121 130 132 133 
121 127 130 131 132 
127 130 131 132 134 
121 130 131 132 133 
121 127 130 131 132 
104 120 130 132 133 
104 130 131 132 133 
104 107 130 132 133 
104 120 130 132 133 
115 127 131 132 134 
115 125 131 132 134 
115 127 131 132 134 
115 125 131 134 137 
104 131 132 133 134 
104 130 132 133 134 
104 130 132 133 134 
104 130 131 132 133 
115 125 131 132 134 
104 131 132 133 134 
115 125 131 132 134 
115 125 131 132 134 
115 122 125 131 134 
115 125 131 134 137 
105 125 129 134 137 
105 115 122 125 134 
115 122 125 131 134 
5 115 122 125 134 
105 115 122 125 134 
105 115 122 125 134 
5 115 122 125 134 
105 115 122 125 134 
115 122 125 131 134 
5 32 115 122 125 
92 93 94 123 135 
92 93 94 112 123 
91 123 124 135 136 
110 123 124 126 136 
110 123 124 133 136 
91 92 123 124 135 
91 92 123 124 135 
91 92 123 124 135 
90 91 92 124 135 
91 120 123 124 135 
90 91 120 124 135 
92 123 124 135 136 
91 92 123 124 135 
91 123 124 135 136 
90 91 120 124 135 
107 110 112 126 136 
107 110 126 136 161 
107 110 124 126 136 
107 110 124 126 136 
107 110 124 126 136 
110 124 130 133 136 
110 123 124 126 136 
120 124 130 133 136 
120 124 130 133 136 
107 124 130 133 136 
107 110 124 126 136 
120 124 130 133 136 
104 107 126 133 136 
104 107 126 133 136 
120 124 130 133 136 
120 124 130 133 136 
120 124 130 133 136 
107 124 130 133 136 
110 124 130 133 136 
107 110 114 126 136 
107 110 124 126 136 
120 124 130 133 136 
107 110 124 126 136 
104 107 130 133 136 
107 110 124 133 136 
104 107 124 133 136 
107 124 130 133 136 
107 124 130 133 136 
120 124 130 133 136 
119 120 124 130 133 
119 120 121 130 132 
120 121 130 132 133 
119 120 130 132 133 
119 120 121 130 133 
120 124 130 135 136 
119 120 121 130 133 
90 119 120 121 130 
91 123 124 135 136 
91 120 124 135 136 
110 123 124 135 136 
120 124 130 135 136 
107 110 114 126 136 
104 117 128 129 137 
104 117 128 129 137 
104 105 129 134 137 
104 117 128 129 137 
104 117 128 129 137 
107 114 117 128 137 
104 107 114 117 137 
104 117 128 129 137 
104 117 128 129 137 
104 105 129 134 137 
114 117 128 129 137 
104 117 128 129 137 
104 117 128 129 137 
104 105 129 134 137 
104 105 129 134 137 
104 105 129 134 137 
104 105 113 129 137 
104 105 113 129 137 
105 108 113 129 137 
105 113 125 129 137 
105 113 125 129 137 
105 125 129 134 137 
105 125 129 134 137 
105 125 129 134 137 
105 115 125 134 137 
105 113 125 129 137 
105 115 125 134 137 
104 115 125 134 137 
105 108 113 129 137 
105 115 125 134 137 
104 105 125 134 137 
105 113 128 129 137 
105 108 113 129 137 
105 113 128 129 137 
99 105 113 129 137 
99 105 113 129 137 
104 125 133 134 137 
104 125 133 134 137 
104 129 133 134 137 
104 132 133 134 137 
104 125 129 134 137 
104 129 133 134 137 
104 107 133 134 137 
104 107 133 136 137 
104 125 132 134 137 
104 132 133 134 137 
104 130 132 133 134 
104 130 132 133 137 
104 132 133 134 137 
104 107 132 133 137 
88 89 118 119 121 
88 89 118 119 121 
88 89 118 119 121 
88 89 106 118 119 
88 89 118 119 121 
90 119 120 121 130 
4 105 122 125 134 
105 122 125 134 137 
92 93 123 124 135 
110 123 124 135 136 
110 123 124 135 136 
123 124 133 135 136 
91 120 123 124 135 
91 123 124 135 136 
91 120 124 130 135 
91 120 124 130 135 
91 120 124 130 135 
90 91 120 124 135 
90 119 120 130 133 
91 120 124 130 135 
90 91 119 120 130 
90 91 119 120 130 
90 91 120 130 135 
90 91 119 120 130 
89 90 91 119 120 
90 91 119 120 130 
90 91 119 120 135 
120 124 130 133 136 
104 107 133 136 137 
104 107 130 133 136 
104 107 130 133 136 
104 130 132 133 137 
105 122 125 134 137 
105 122 125 134 137 
105 122 125 134 137 
105 113 125 129 137 
90 91 120 124 135 
91 92 123 124 135 
104 120 130 132 133 
104 107 130 133 136 
104 130 132 133 136 
104 107 130 133 136 
104 107 130 133 137 
104 107 130 132 133 
89 90 91 119 120 
104 105 128 129 137 
85 97 138 179 182 
97 138 139 179 182 
138 139 146 179 182 
138 139 144 146 179 
138 139 144 146 179 
138 139 144 179 180 
139 144 155 179 180 
139 144 155 179 180 
139 144 155 179 180 
53 140 141 149 163 
140 141 149 163 165 
140 141 149 163 176 
140 141 142 163 176 
140 141 142 163 176 
140 141 142 163 176 
140 141 142 163 176 
141 142 160 163 176 
141 142 160 163 176 
93 141 142 160 176 
93 141 142 160 176 
92 93 94 142 160 
92 93 94 142 160 
96 102 143 146 147 
96 97 102 143 147 
85 97 138 179 182 
139 144 155 179 180 
139 144 146 155 180 
139 144 145 146 155 
139 144 145 146 148 
144 145 146 148 151 
47 144 145 148 151 
144 145 148 150 151 
144 145 146 148 151 
144 145 146 148 151 
138 139 144 146 179 
138 139 144 146 179 
138 144 146 147 148 
138 144 146 147 148 
143 146 147 148 154 
143 146 147 148 154 
96 143 146 147 154 
138 139 146 179 182 
138 139 144 146 147 
138 144 146 147 148 
143 146 147 148 154 
139 144 155 179 180 
139 144 155 179 180 
139 144 145 146 148 
144 145 146 148 151 
144 145 146 148 151 
138 139 144 146 147 
138 144 146 147 148 
138 144 146 147 148 
138 139 144 146 179 
138 139 144 146 179 
138 139 144 146 179 
144 145 146 148 151 
145 146 148 151 158 
139 144 145 146 155 
144 145 146 148 151 
139 144 145 146 155 
97 138 139 144 146 
97 138 146 179 182 
138 139 144 146 179 
143 146 147 148 154 
143 146 147 148 154 
143 146 147 148 154 
138 144 146 147 148 
138 139 144 146 179 
145 146 147 148 151 
144 145 146 148 151 
138 144 146 147 148 
139 144 146 147 148 
138 139 144 146 148 
139 144 146 147 148 
139 144 145 146 148 
139 144 146 148 155 
139 144 146 155 179 
46 139 144 155 180 
97 138 139 179 182 
96 143 146 147 154 
138 144 146 147 148 
97 143 146 147 154 
138 139 144 146 147 
146 147 148 154 158 
144 146 147 148 151 
138 144 146 147 148 
138 139 144 146 147 
144 145 146 148 151 
139 144 146 155 180 
85 97 138 146 182 
138 139 144 146 147 
138 139 144 146 179 
138 146 147 148 154 
146 147 148 151 158 
144 145 146 147 148 
144 146 147 148 151 
139 144 146 147 148 
139 144 155 179 180 
47 48 65 145 151 
139 144 145 155 180 
138 139 144 146 179 
140 149 163 165 171 
48 150 151 158 170 
45 46 47 155 180 
138 144 146 147 148 
138 146 147 148 154 
138 139 146 179 182 
139 144 145 146 148 
144 145 146 148 151 
144 145 146 148 151 
145 148 150 151 158 
144 145 146 148 151 
144 145 146 148 151 
139 144 145 146 148 
48 65 145 150 151 
139 144 145 146 148 
139 144 145 146 148 
139 144 155 179 180 
139 144 145 155 180 
139 144 146 155 180 
46 47 144 155 180 
138 139 144 146 179 
138 139 144 146 179 
138 139 144 146 147 
97 138 143 146 147 
146 147 148 154 158 
46 47 144 155 180 
92 93 94 142 160 
152 162 171 172 173 
153 156 157 168 169 
96 147 153 154 156 
96 111 147 154 156 
52 53 68 140 149 
139 144 145 146 148 
96 102 143 154 156 
143 146 147 148 154 
143 146 147 148 154 
97 138 143 146 182 
139 144 145 146 148 
46 139 144 155 180 
143 146 147 148 154 
96 143 146 147 154 
97 138 143 146 147 
46 47 144 155 180 
92 93 94 123 160 
95 96 153 154 156 
53 68 140 149 163 
97 138 143 146 147 
97 138 139 146 179 
144 145 146 148 151 
47 48 65 145 151 
47 65 144 145 155 
96 143 147 154 156 
93 141 142 160 176 
93 141 142 160 176 
141 142 160 163 176 
141 142 160 163 176 
95 153 157 167 168 
96 143 147 154 156 
96 102 109 111 156 
95 96 111 154 156 
140 141 149 163 165 
140 141 163 165 176 
52 53 68 140 149 
145 148 150 151 158 
150 151 158 170 175 
145 148 150 151 158 
145 146 148 151 158 
145 146 148 151 158 
46 47 144 155 180 
47 65 144 145 155 
93 141 142 160 176 
141 142 160 163 176 
94 112 159 160 164 
141 142 160 163 176 
140 141 149 163 165 
140 141 142 163 176 
48 49 50 72 73 
145 146 148 151 158 
145 146 148 151 158 
47 48 65 145 155 
47 139 144 145 155 
93 94 112 160 164 
112 159 161 164 167 
95 153 154 156 157 
49 50 51 72 162 
96 143 147 154 156 
96 111 147 154 156 
95 96 111 154 156 
96 111 153 154 156 
96 153 154 156 157 
140 141 149 163 165 
140 141 149 163 165 
53 140 141 149 163 
52 53 68 75 149 
52 53 68 149 171 
49 50 72 150 170 
48 49 50 72 73 
145 146 148 151 158 
145 148 150 151 158 
93 94 112 160 164 
93 94 142 160 164 
93 94 142 160 164 
112 157 159 161 167 
95 126 157 159 161 
95 114 126 159 161 
141 142 160 163 176 
51 52 74 162 171 
51 52 75 149 171 
95 111 156 157 161 
147 153 154 158 175 
53 140 141 149 163 
140 141 149 163 165 
140 141 149 163 165 
140 141 149 163 165 
140 141 149 163 165 
140 141 149 163 165 
48 49 50 72 150 
145 148 150 151 158 
157 159 161 167 168 
112 126 159 161 167 
51 152 162 171 173 
95 96 111 153 156 
147 153 154 156 158 
140 141 163 165 176 
141 163 165 174 176 
52 53 149 163 171 
48 49 65 70 150 
148 150 151 158 175 
148 150 151 158 175 
147 148 151 154 158 
148 150 151 158 170 
148 150 151 158 175 
146 147 148 154 158 
148 150 151 158 175 
148 150 151 158 175 
150 151 158 170 175 
145 148 150 151 158 
145 148 150 151 158 
146 147 148 154 158 
146 147 148 151 158 
146 147 148 151 158 
145 146 148 151 158 
145 148 150 151 158 
93 94 142 160 176 
112 159 164 166 167 
140 141 163 165 176 
140 141 142 163 176 
140 141 142 163 176 
141 142 160 163 176 
141 142 160 163 176 
141 142 163 174 176 
95 153 157 159 161 
95 153 154 156 157 
95 153 154 156 157 
143 146 147 154 158 
96 147 153 154 156 
145 148 150 151 158 
112 159 161 164 167 
159 160 164 166 167 
112 159 161 164 167 
110 112 159 164 167 
157 159 164 166 167 
157 159 161 167 168 
95 157 159 161 167 
95 153 156 157 161 
143 146 147 148 154 
146 147 148 154 158 
146 147 148 154 158 
96 147 154 156 158 
140 141 163 165 176 
140 141 149 163 165 
141 163 165 174 176 
140 149 163 165 171 
149 152 163 165 171 
140 141 149 163 165 
93 94 112 160 164 
94 112 159 160 164 
159 160 164 166 167 
146 147 148 154 158 
96 146 147 154 156 
96 146 147 154 156 
96 147 154 156 158 
147 153 154 156 158 
96 147 153 154 156 
147 153 154 156 158 
96 146 147 154 156 
146 147 148 154 158 
147 153 154 156 158 
140 141 149 163 165 
149 152 163 165 174 
149 163 165 174 176 
149 152 163 165 174 
159 160 164 166 167 
147 153 154 156 158 
147 153 154 156 158 
147 153 154 156 158 
146 147 148 154 158 
140 141 149 163 165 
152 163 165 172 174 
160 164 166 167 174 
94 160 164 166 176 
147 153 154 156 158 
148 151 154 158 175 
147 153 154 158 175 
147 148 153 154 158 
147 148 154 158 175 
146 147 148 151 158 
160 164 166 174 176 
152 163 165 174 176 
164 166 167 168 174 
159 164 166 167 168 
159 164 166 167 168 
159 164 166 167 174 
159 164 166 167 168 
164 166 167 168 174 
164 166 167 168 174 
159 164 166 167 168 
157 164 166 167 168 
157 166 167 168 169 
157 164 166 167 168 
157 166 167 168 169 
164 166 167 168 174 
157 159 164 166 167 
164 166 167 174 176 
157 159 166 167 168 
157 159 166 167 168 
157 166 167 168 169 
157 164 166 167 168 
153 157 167 168 169 
153 157 167 168 169 
157 166 167 168 169 
153 157 167 168 169 
157 164 166 167 168 
164 166 167 174 176 
164 166 167 174 176 
157 159 166 167 168 
157 166 167 168 169 
164 166 167 168 174 
153 157 166 167 168 
153 157 159 167 168 
153 157 167 168 169 
153 156 157 168 169 
157 166 167 168 169 
153 157 167 168 169 
153 157 159 167 168 
153 157 167 168 169 
153 156 157 167 168 
153 157 167 168 169 
153 157 168 169 175 
153 157 168 169 175 
153 157 168 169 175 
95 153 156 157 161 
153 168 169 172 175 
153 157 168 169 175 
153 157 167 168 169 
153 157 168 169 175 
153 157 168 169 175 
153 157 168 169 175 
153 156 157 168 169 
153 157 167 168 169 
153 157 168 169 175 
158 169 170 173 175 
153 158 168 169 175 
153 157 168 169 175 
153 156 157 168 169 
153 157 167 168 169 
153 157 168 169 175 
153 157 168 169 175 
153 157 168 169 175 
139 144 155 179 180 
138 139 144 146 179 
97 138 139 146 179 
144 145 146 148 151 
144 145 148 151 155 
144 145 148 150 151 
144 145 146 148 151 
141 142 160 163 176 
50 51 162 170 173 
50 51 74 162 171 
51 152 162 171 173 
48 65 145 150 151 
48 49 145 150 151 
48 49 65 150 151 
48 49 145 150 151 
48 145 150 151 170 
48 145 148 150 151 
145 148 150 151 158 
145 148 150 151 158 
145 148 150 151 158 
145 148 150 151 158 
145 148 150 151 158 
48 49 150 151 170 
145 148 150 151 158 
145 148 150 151 158 
145 148 150 151 158 
48 49 145 150 151 
145 150 151 158 170 
150 151 158 170 175 
48 49 50 150 170 
150 158 170 173 175 
150 151 158 170 175 
150 151 158 170 175 
150 151 158 170 175 
150 151 158 170 175 
150 151 158 170 175 
150 158 170 173 175 
150 151 158 170 175 
49 150 151 170 173 
47 48 65 145 151 
141 142 160 174 176 
141 142 160 163 176 
141 142 160 163 176 
141 142 160 174 176 
94 142 160 164 176 
146 147 148 154 158 
146 147 148 154 158 
146 147 148 154 158 
146 147 148 154 158 
150 151 158 170 175 
150 151 158 170 175 
153 154 158 169 175 
147 153 154 158 175 
147 153 154 158 175 
151 153 154 158 175 
148 151 154 158 175 
151 154 158 170 175 
150 151 158 170 175 
151 158 169 170 175 
52 53 149 152 171 
52 149 152 165 171 
51 52 152 162 171 
51 52 152 162 171 
51 52 152 162 171 
152 162 165 171 172 
51 152 162 165 171 
95 153 157 159 161 
140 149 163 165 174 
153 154 156 158 175 
153 154 156 157 175 
95 153 154 156 157 
153 156 157 168 169 
153 156 157 168 169 
148 151 154 158 175 
164 166 167 168 174 
164 166 167 168 174 
157 166 167 168 169 
157 166 167 168 169 
157 166 167 168 169 
164 166 167 168 174 
164 166 167 168 174 
166 167 168 174 176 
164 166 172 174 176 
166 167 168 172 174 
166 167 168 172 174 
166 167 168 172 174 
165 166 172 174 176 
152 169 172 173 174 
166 168 169 172 174 
157 166 167 168 169 
153 157 167 168 169 
153 166 168 169 172 
153 157 168 169 175 
168 169 172 173 175 
169 170 172 173 175 
166 167 168 169 172 
168 169 172 173 175 
166 168 169 172 173 
166 167 168 169 172 
166 168 169 172 174 
166 168 169 172 174 
152 169 172 173 174 
152 166 168 169 172 
162 170 172 173 175 
152 162 170 172 173 
169 170 172 173 175 
152 170 172 173 175 
152 169 170 172 173 
152 169 172 173 175 
153 157 167 168 169 
153 157 168 169 175 
47 65 144 145 155 
150 158 170 173 175 
150 151 158 170 175 
150 158 170 173 175 
50 150 162 170 173 
50 150 162 170 173 
150 158 170 173 175 
158 169 170 173 175 
150 158 170 173 175 
150 158 170 173 175 
147 153 154 158 175 
153 154 158 169 175 
153 154 158 169 175 
158 169 170 173 175 
158 169 170 173 175 
153 158 169 170 175 
152 162 171 172 173 
153 154 156 158 175 
153 154 156 158 175 
153 154 156 158 175 
153 154 156 169 175 
153 154 156 158 175 
153 154 156 158 175 
153 154 156 158 175 
153 154 156 158 175 
153 154 156 158 175 
153 154 158 169 175 
153 154 158 169 175 
153 158 168 169 175 
147 153 154 158 175 
153 154 158 169 175 
153 154 168 169 175 
153 158 168 169 175 
153 154 158 169 175 
149 152 163 165 174 
152 163 165 171 174 
149 152 165 171 172 
149 152 165 171 174 
149 152 163 165 174 
152 165 171 172 174 
152 162 165 171 172 
149 152 165 171 174 
163 165 166 174 176 
152 163 165 174 176 
152 163 165 172 174 
152 165 166 172 174 
152 163 165 174 176 
164 165 166 174 176 
165 166 172 174 176 
153 168 169 172 175 
168 169 170 173 175 
168 169 172 173 175 
152 162 170 172 173 
152 165 171 172 174 
152 165 171 172 174 
152 162 165 171 172 
152 162 169 172 173 
152 165 171 172 174 
152 169 171 172 173 
152 166 168 169 172 
152 162 170 172 173 
152 165 166 172 174 
152 162 171 172 173 
152 162 170 172 173 
152 162 171 172 173 
152 162 170 172 173 
152 162 171 172 173 
152 162 171 172 173 
152 162 171 172 173 
93 94 142 160 176 
50 152 162 170 173 
150 162 170 173 175 
150 169 170 173 175 
162 170 172 173 175 
158 169 170 173 175 
158 169 170 173 175 
169 170 172 173 175 
150 169 170 173 175 
169 170 172 173 175 
158 169 170 173 175 
150 158 169 170 175 
150 158 169 170 175 
153 158 169 170 175 
158 169 170 173 175 
169 170 172 173 175 
169 170 172 173 175 
169 170 172 173 175 
169 170 172 173 175 
153 154 156 158 175 
153 154 156 169 175 
153 157 168 169 175 
153 154 158 169 175 
163 165 166 174 176 
163 165 166 174 176 
141 142 163 174 176 
141 142 163 174 176 
141 142 163 174 176 
141 163 165 174 176 
141 142 163 174 176 
141 163 165 174 176 
141 163 165 174 176 
163 165 166 174 176 
141 163 165 174 176 
141 163 165 174 176 
141 142 160 174 176 
141 163 165 174 176 
141 142 160 174 176 
141 142 160 174 176 
163 165 166 174 176 
163 165 166 174 176 
163 165 166 174 176 
141 163 166 174 176 
163 165 166 174 176 
141 142 160 174 176 
141 142 160 174 176 
163 165 166 174 176 
163 164 166 174 176 
141 142 160 174 176 
160 164 166 174 176 
160 164 166 174 176 
141 142 160 174 176 
163 164 166 174 176 
160 164 166 174 176 
160 164 166 174 176 
94 160 164 166 176 
160 164 166 174 176 
160 164 166 174 176 
164 166 167 174 176 
160 164 166 174 176 
142 160 164 174 176 
160 164 166 174 176 
160 164 166 174 176 
164 166 167 174 176 
164 166 167 174 176 
164 166 167 174 176 
142 160 164 174 176 
142 160 164 174 176 
160 164 166 174 176 
160 164 166 174 176 
160 164 166 174 176 
141 163 165 174 176 
140 141 142 163 176 
141 142 160 164 176 
141 142 160 174 176 
164 165 166 174 176 
164 165 166 174 176 
164 165 166 174 176 
152 165 166 172 174 
85 97 138 179 182 
85 86 100 177 182 
85 86 87 100 177 
86 87 98 177 178 
86 87 98 177 178 
2 86 87 177 178 
2 86 87 177 178 
1 2 26 87 178 
1 2 17 26 178 
1 2 17 20 23 
1 2 17 20 23 
1 2 17 20 23 
16 23 44 58 181 
85 86 98 100 177 
85 86 97 100 182 
85 86 87 100 177 
85 97 100 138 182 
2 86 87 177 178 
86 87 98 177 178 
85 97 138 179 182 
85 97 100 138 182 
2 26 87 177 178 
85 86 100 177 182 
1 16 20 23 181 
1 17 20 23 181 
1 2 17 20 26 
86 87 98 177 178 
138 139 179 180 182 
138 139 144 179 180 
139 144 155 179 180 
139 144 155 179 180 
46 139 144 155 180 
45 46 139 155 180 
45 46 47 155 180 
45 46 63 155 180 
44 45 46 63 155 
44 45 46 58 63 
44 45 46 58 181 
44 45 58 63 181 
23 44 45 58 181 
16 23 44 58 181 
85 97 138 179 182 
45 46 47 155 180 
138 139 179 180 182 
97 138 139 179 182 
139 144 155 179 180 
44 45 46 63 155 
23 44 45 58 181 
85 97 138 179 182 
44 45 46 58 63 
44 45 46 63 181 
44 45 58 63 181 
44 45 46 58 63 
16 23 44 58 181 
45 46 47 63 155 
138 139 144 179 180 
46 139 144 155 180 
85 97 138 179 182 
