-0.200592 0.222995 0.953958
0.559995 0.133294 0.817703
0.780335 -0.057625 0.622701
0.919846 -0.156688 0.359629
0.899626 -0.181013 0.397376
0.766200 -0.066560 0.639145
0.873059 -0.111717 0.474644
-0.175581 0.185297 0.966869
-0.927903 0.244953 0.281058
-0.571069 -0.158997 0.805357
0.048212 -0.034429 0.998244
-0.213076 -0.146295 0.966021
-0.493701 -0.118119 0.861572
-0.405650 0.012417 0.913944
-0.327113 0.060710 0.943033
-0.609256 0.097754 0.786925
0.968767 -0.199716 0.146982
-0.962151 0.200165 0.184931
-0.623058 0.063757 0.779573
-0.914741 0.135813 0.380532
-0.878148 0.083447 0.471055
-0.053948 0.004081 0.998535
-0.528775 0.167980 0.831974
0.314887 0.001172 0.949128
0.305093 0.007275 0.952295
0.460518 0.091644 0.882907
-0.301786 -0.130825 0.944357
-0.453084 0.004553 0.891456
-0.537677 -0.010765 0.843082
0.888466 0.035214 0.457590
0.665631 -0.092599 0.740514
0.867550 -0.029623 0.496466
0.999113 -0.014037 0.039712
-0.679316 -0.070445 -0.730457
-0.537891 0.032790 0.842377
-0.607177 -0.001490 0.794565
-0.711571 -0.131386 0.690220
-0.435918 0.065947 0.897567
-0.634000 -0.022239 0.773013
-0.986610 0.006461 0.162968
-0.512788 -0.115869 0.850660
-0.704684 0.076699 0.705364
-0.357280 -0.018621 -0.933812
-0.729372 0.287070 0.620973
-0.985291 0.167027 -0.036099
-0.918907 0.270795 -0.286844
-0.646598 0.206229 -0.734426
-0.684801 0.045786 -0.727290
-0.715554 -0.008447 -0.698506
-0.702445 -0.002696 -0.711733
-0.628401 0.014393 -0.777756
-0.500381 0.012403 -0.865716
-0.614181 -0.124664 -0.779257
-0.777252 -0.299526 -0.553320
-0.742012 -0.029929 0.669718
-0.518026 0.121552 -0.846684
-0.850639 0.129286 -0.509606
-0.886471 0.269130 -0.376482
-0.980335 0.192188 -0.044812
-0.997598 0.018435 0.066765
-0.328236 -0.011983 -0.944520
0.321552 -0.047897 0.945680
0.007476 0.245232 -0.969436
-0.246692 0.024212 0.968791
-0.784760 0.077569 -0.614926
-0.979119 -0.196148 -0.053409
0.117686 0.032248 0.992527
-0.875746 -0.109095 -0.470284
-0.722323 0.166336 0.671254
-0.934238 0.069013 -0.349909
-0.660052 -0.106221 0.743673
-0.908278 -0.039386 -0.416510
-0.958520 -0.051520 -0.280330
-0.810766 -0.012282 -0.585242
-0.814323 -0.036703 -0.579250
-0.764146 0.089733 -0.638772
-0.983312 0.111604 0.143674
-0.543152 -0.075622 -0.836222
-0.978375 -0.045249 0.201831
-0.623837 -0.048997 0.780017
-0.913702 -0.012025 -0.406207
-0.957432 0.063712 -0.281541
-0.848960 -0.150856 0.506467
-0.792424 -0.142839 0.593010
0.671845 0.197047 -0.714001
0.934062 0.352722 -0.055822
0.814693 0.224753 0.534567
-0.439567 -0.071028 0.895397
0.647887 -0.151030 0.746614
0.828746 -0.065432 -0.555787
-0.201809 -0.259501 0.944422
0.499563 0.008182 -0.866239
0.465987 0.071791 -0.881874
0.428507 -0.178172 -0.885797
0.606703 -0.006464 -0.794902
0.533066 0.073533 -0.842873
0.421406 0.250256 -0.871659
0.285349 0.266778 0.920546
0.452299 0.171845 0.875154
0.784679 0.328324 0.525816
0.867654 0.196530 0.456676
0.824633 0.120360 -0.552714
0.660655 0.109415 0.742673
0.981850 -0.093955 -0.164750
0.240559 0.121774 0.962965
0.547752 -0.166213 0.819964
0.972823 -0.002319 -0.231539
0.185244 0.040364 0.981863
0.924261 0.136775 -0.356419
0.713519 -0.038873 -0.699557
0.679766 0.011274 -0.733343
0.646240 -0.092787 -0.757472
0.194510 0.176719 0.964850
0.870197 0.101571 -0.482122
-0.330040 -0.001689 0.943966
0.008647 -0.119193 0.992833
0.473037 0.016834 -0.880882
-0.639901 -0.156919 0.752265
0.961000 -0.042346 0.273288
0.510887 -0.044878 -0.858475
0.659554 -0.068821 0.748500
0.051632 -0.042452 0.997763
0.660366 -0.039527 -0.749903
0.981868 0.015096 -0.188963
0.042862 0.127329 0.990934
0.820115 0.037919 -0.570941
-0.298695 -0.060588 0.952424
0.994509 0.051905 0.090873
0.941041 0.028649 0.337077
0.842749 -0.048430 -0.536124
0.187641 0.001009 0.982237
0.925701 -0.060357 0.373409
0.979523 -0.137229 -0.147320
0.463847 0.008293 0.885877
0.981915 0.008862 0.189117
0.977567 0.059584 -0.202022
0.971326 -0.005612 0.237685
-0.015055 0.330931 -0.943535
0.133552 0.185976 -0.973436
0.543198 -0.012941 -0.839505
-0.464636 0.001211 -0.885501
0.603311 0.061316 -0.795145
0.344093 0.257919 -0.902816
-0.820984 0.163463 -0.547051
-0.349860 0.225329 -0.909299
0.523503 0.114692 -0.844269
-0.910111 -0.074523 -0.407608
0.020952 0.226766 -0.973724
-0.356199 0.049308 -0.933108
-0.293950 0.007688 -0.955790
-0.521225 0.036548 -0.852636
-0.320664 0.025201 -0.946858
0.737101 0.031370 -0.675054
0.708159 0.076378 -0.701910
-0.378170 0.278677 -0.882795
0.297668 -0.031334 -0.954155
0.607027 -0.008598 -0.794635
0.052230 -0.075879 -0.995748
0.408208 -0.072667 -0.909992
0.808445 0.019635 -0.588244
0.670242 0.014394 -0.742003
-0.295979 -0.002355 -0.955191
0.292737 -0.049585 -0.954907
0.570414 -0.056339 -0.819423
0.560389 -0.043680 -0.827077
0.408433 0.011510 -0.912715
0.699789 -0.002215 -0.714346
-0.001070 0.011454 -0.999934
-0.253132 -0.038548 -0.966663
-0.037923 0.032858 -0.998740
-0.452602 0.025655 -0.891344
0.320160 0.004872 -0.947351
0.146055 0.044362 -0.988281
-0.486916 -0.002283 -0.873446
0.051159 -0.014069 -0.998591
-0.836267 0.056263 -0.545428
0.949096 0.228985 0.216291
0.751044 0.331420 0.571046
0.005533 0.250142 -0.968193
-0.232409 0.234077 -0.944031
-0.773583 0.243227 0.585158
0.286790 0.139627 -0.947764
