0
4
5
6
8
10
11
14
22
25
26
27
28
30
31
32
35
37
45
47
49
94
111
118
120
135
179
180
187
197
212
218
241
259
291
311
374
378
416
423
429
435
470
618
621
622
625
627
628
629
631
633
634
635
642
647
650
654
657
707
709
712
718
732
741
759
767
776
789
804
827
842
843
866
875
903
942
964
995
1017
1019
1060
1076
1118
1218
1220
1223
1224
1226
1229
1233
1236
1237
1238
1240
1241
1242
1245
1248
1252
1254
1281
1305
1308
1309
1340
1342
1343
1346
1364
1384
1396
1405
1423
1441
1442
1452
1477
1523
1527
1536
1541
1543
1544
1552
1560
1571
1586
1596
1622
1630
1637
1641
1646
1672
1686
1733
1821
1825
1829
1833
1838
1842
1847
1850
1856
1859
1890
1922
1923
1931
1949
1950
1951
1960
1966
1978
1986
2004
2023
2026
2042
2045
2080
2111
2131
2144
2164
2174
2221
2252
2278
2294
2344
2385
2396
2453
2456
2477
2480
2489
2507
