-0.007618 -0.087558 0.157287
0.010281 -0.087900 0.157299
0.021812 -0.087858 0.149695
0.036207 -0.087078 0.152355
0.054824 -0.078272 0.137279
0.075951 -0.238434 0.138377
0.060370 -0.326892 0.141875
0.051134 -0.367745 0.143023
0.036154 -0.461435 0.133852
0.033738 -0.496119 0.129516
0.029517 -0.560944 0.120652
0.026971 -0.680736 0.119948
0.019850 -0.683544 0.142565
0.016850 -0.685149 0.155636
-0.041098 -0.694450 0.203579
-0.050156 -0.697056 0.198961
-0.049949 -0.696564 0.196042
-0.040770 -0.694176 0.189124
-0.035922 -0.692737 0.185351
-0.033827 -0.692293 0.181452
-0.036867 -0.692762 0.175041
-0.041786 -0.695967 0.159002
-0.045261 -0.696977 0.150384
-0.046558 -0.695468 0.143914
-0.049192 -0.690466 0.129416
-0.067936 -0.680626 0.096624
-0.114357 -0.637524 0.084977
-0.122418 -0.579414 0.092436
-0.131465 -0.415943 0.109010
-0.138462 -0.387295 0.106819
-0.129222 -0.346694 0.115602
-0.120024 -0.276302 0.111395
-0.104668 -0.160176 0.116241
0.018787 -0.102155 0.154497
0.015145 -0.116922 0.158275
0.009566 -0.144999 0.164544
0.009961 -0.183296 0.169381
-0.004523 -0.200632 0.169650
-0.008618 -0.218783 0.170608
-0.021976 -0.103548 0.151459
-0.025875 -0.117904 0.153037
-0.029375 -0.135993 0.153947
-0.034655 -0.161636 0.154067
-0.035528 -0.187049 0.155631
-0.042441 -0.175059 0.152126
-0.054234 -0.234090 0.148711
-0.049483 -0.103224 0.151114
-0.049114 -0.129699 0.160191
-0.050149 -0.157592 0.164207
-0.053129 -0.187320 0.166962
0.001124 -0.098736 0.165498
0.001508 -0.112397 0.171149
0.001169 -0.127946 0.174126
0.000208 -0.143401 0.177042
-0.003136 -0.169274 0.180649
-0.005753 -0.190476 0.182381
-0.048624 -0.113878 0.143431
-0.041524 -0.088056 0.147285
-0.036574 -0.099106 0.151461
-0.035411 -0.152378 0.163334
-0.019457 -0.184588 0.163182
-0.003995 -0.167905 0.173774
0.010370 -0.151757 0.173893
0.006504 -0.108943 0.162294
-0.064056 -0.115304 0.136245
-0.038773 -0.122847 0.151144
-0.039809 -0.149847 0.158542
-0.038075 -0.126418 0.155654
-0.033910 -0.112948 0.154142
-0.031170 -0.153230 0.158542
-0.030609 -0.137108 0.162042
-0.012955 -0.150443 0.165762
-0.034687 -0.095101 0.153842
-0.028006 -0.111902 0.159136
0.000493 -0.177878 0.167952
-0.012911 -0.211116 0.165978
-0.015154 -0.227489 0.178492
0.004222 -0.151104 0.176719
0.006392 -0.167164 0.178364
0.009434 -0.110352 0.168051
0.010889 -0.130986 0.171228
0.000084 -0.182139 0.182349
-0.003677 -0.115339 0.163041
0.009833 -0.205875 0.173760
0.007894 -0.197511 0.180260
0.015137 -0.197143 0.164937
0.019786 -0.217799 0.160754
-0.012603 -0.231379 0.164700
0.013362 -0.220350 0.169219
0.017458 -0.174437 0.160172
-0.048936 -0.185980 0.158362
-0.036374 -0.183808 0.162497
-0.033607 -0.165579 0.161340
-0.055610 -0.232757 0.168354
-0.011747 -0.346211 0.192170
0.034450 -0.115053 0.155120
-0.044725 -0.159027 0.151282
-0.028785 -0.089291 0.147827
-0.051179 -0.146606 0.158480
-0.046506 -0.113378 0.151927
-0.037347 -0.110577 0.158401
-0.039310 -0.127112 0.161060
-0.026858 -0.178030 0.157151
-0.031805 -0.204138 0.154195
-0.009997 -0.197141 0.177081
-0.006987 -0.182647 0.179552
-0.030553 -0.213657 0.154247
0.009881 -0.168431 0.172464
-0.003274 -0.153301 0.174445
0.000718 -0.133341 0.168641
-0.000308 -0.121878 0.169964
-0.073563 -0.088166 0.132136
-0.052082 -0.175834 0.159959
-0.047709 -0.135024 0.155964
0.016998 -0.108233 0.161429
0.015341 -0.095923 0.161054
0.014498 -0.133133 0.165808
0.004127 -0.214046 0.185913
0.028621 -0.278842 0.156377
0.023592 -0.135107 0.154021
-0.000124 -0.457995 0.191208
-0.089879 -0.633742 0.089727
-0.096201 -0.652382 0.085760
-0.049771 -0.660653 0.132045
-0.048302 -0.196875 0.150838
-0.042362 -0.184290 0.154830
-0.044424 -0.164740 0.166597
-0.042988 -0.198054 0.168863
-0.052883 -0.230906 0.159119
-0.051452 -0.653682 0.188672
0.018734 -0.652468 0.140850
0.054420 -0.109632 0.142751
-0.012502 -0.198014 0.165593
-0.009207 -0.200102 0.181757
0.000204 -0.203416 0.185254
0.065662 -0.148618 0.142727
0.077180 -0.203956 0.141618
-0.085377 -0.093509 0.118899
-0.042663 -0.169163 0.160092
0.007716 -0.161748 0.167263
-0.088816 -0.401616 0.125826
-0.088329 -0.238788 0.129336
-0.105816 -0.273011 0.117638
-0.075031 -0.616037 0.104553
-0.085742 -0.678574 0.088446
-0.039215 -0.672694 0.151608
-0.104887 -0.187673 0.117464
-0.091264 -0.196462 0.128623
-0.089682 -0.158767 0.130887
-0.053309 -0.196295 0.162384
-0.052226 -0.201412 0.168972
-0.055224 -0.207279 0.164141
-0.048302 -0.212259 0.171133
-0.054428 -0.221228 0.167900
-0.043342 -0.226163 0.167407
-0.049614 -0.233680 0.171740
-0.038766 -0.233466 0.158649
-0.037585 -0.204879 0.158906
-0.050393 -0.228690 0.152601
-0.050726 -0.677672 0.192708
-0.037692 -0.664559 0.198184
0.034225 -0.658912 0.116759
0.025553 -0.109681 0.151814
0.087700 -0.079943 0.116558
-0.080410 -0.114787 0.131758
0.062503 -0.228534 0.151948
-0.060494 -0.220838 0.146855
-0.104442 -0.633422 0.085395
-0.104007 -0.667624 0.084176
-0.050906 -0.684560 0.110196
-0.092728 -0.677769 0.086430
-0.046903 -0.685918 0.138781
-0.042967 -0.691221 0.152922
-0.061243 -0.176116 0.144873
-0.086027 -0.186441 0.134504
-0.047536 -0.204195 0.158605
0.069538 -0.276989 0.141703
0.031175 -0.462211 0.148504
0.023886 -0.494038 0.141196
-0.110845 -0.501293 0.106466
-0.087560 -0.315545 0.127181
-0.049899 -0.208412 0.149510
-0.063002 -0.238291 0.144454
-0.057101 -0.253084 0.148103
-0.066122 -0.258608 0.140983
-0.078801 -0.281668 0.134179
-0.067054 -0.276385 0.140752
-0.101365 -0.225792 0.120829
-0.097364 -0.583152 0.092923
-0.105046 -0.599679 0.088182
-0.087985 -0.597433 0.097301
-0.034008 -0.686066 0.177686
-0.074754 -0.205180 0.140525
-0.051636 -0.687696 0.197330
0.050278 -0.364707 0.154256
-0.036676 -0.683475 0.201961
-0.047536 -0.690333 0.198508
0.019608 -0.620355 0.144723
0.024724 -0.599681 0.127370
0.040553 -0.148877 0.153675
0.056657 -0.328680 0.154152
0.024463 -0.519849 0.135445
-0.099345 -0.345146 0.124657
-0.117391 -0.330773 0.118474
-0.073974 -0.270545 0.137573
-0.060448 -0.282497 0.145905
-0.075835 -0.584028 0.109670
-0.095146 -0.619527 0.089059
-0.035209 -0.686646 0.183060
0.024829 -0.569039 0.129366
0.023037 -0.550795 0.134541
-0.002494 -0.675872 0.185083
0.002765 -0.688737 0.178944
-0.026965 -0.660509 0.197452
0.046380 -0.129250 0.150471
0.065228 -0.280752 0.150887
0.063706 -0.238159 0.151573
0.039360 -0.421827 0.151810
0.015958 -0.411061 0.158333
0.031859 -0.508613 0.124239
-0.121844 -0.387094 0.116278
-0.102223 -0.428588 0.118037
-0.113196 -0.458732 0.109920
-0.105483 -0.537783 0.098708
-0.117811 -0.553347 0.096534
-0.076446 -0.320695 0.134265
-0.070722 -0.335944 0.136751
-0.065748 -0.298083 0.141421
-0.088939 -0.566316 0.102976
-0.036813 -0.682406 0.170044
-0.037949 -0.683451 0.185346
-0.051769 -0.676651 0.196538
-0.043392 -0.676235 0.197292
0.010723 -0.572207 0.153257
0.035322 -0.384275 0.154222
0.044708 -0.401662 0.151782
-0.041167 -0.645890 0.194828
-0.046760 -0.656748 0.194377
0.020404 -0.254604 0.159812
0.016661 -0.249221 0.168148
0.012830 -0.446071 0.158727
0.011476 -0.546662 0.166246
-0.096828 -0.475308 0.112780
-0.044174 -0.690138 0.147304
-0.046696 -0.666709 0.145738
-0.049077 -0.660671 0.138030
-0.040431 -0.678769 0.148845
-0.050596 -0.649397 0.145080
-0.057407 -0.659377 0.108929
-0.080153 -0.657073 0.092499
-0.033821 -0.667114 0.175757
-0.042654 -0.681123 0.188548
0.014712 -0.377179 0.163079
-0.050842 -0.650751 0.193286
0.011738 -0.657429 0.168311
0.047083 -0.287064 0.154373
-0.043226 -0.678171 0.144085
-0.064245 -0.638074 0.105350
-0.052900 -0.660712 0.192168
-0.037416 -0.636100 0.179491
0.014962 -0.581656 0.146636
-0.052955 -0.658986 0.194000
0.001583 -0.654261 0.183631
0.009234 -0.618405 0.177870
0.028133 -0.344497 0.156805
0.022225 -0.330891 0.157419
-0.072725 -0.656284 0.099922
-0.036958 -0.652327 0.180506
-0.041317 -0.650999 0.182633
-0.054290 -0.651305 0.192102
-0.050854 -0.640031 0.185994
-0.054471 -0.644591 0.189728
-0.053859 -0.635762 0.141539
-0.034763 -0.649803 0.173652
-0.054747 -0.627503 0.189567
-0.050332 -0.629059 0.192354
0.021606 -0.306446 0.158317
-0.035775 -0.643724 0.177865
-0.035916 -0.657566 0.178621
-0.038473 -0.664992 0.183346
-0.054973 -0.619573 0.187024
-0.053442 -0.618465 0.190238
-0.053819 -0.642257 0.191912
0.008566 -0.584827 0.164050
0.008624 -0.566532 0.173764
0.007230 -0.595467 0.180320
-0.012667 -0.622600 0.191645
-0.042568 -0.617731 0.192876
-0.037912 -0.626538 0.194372
-0.012719 -0.212572 0.176871
-0.008481 -0.209691 0.183702
-0.023669 -0.288279 0.157030
-0.042023 -0.257834 0.163087
0.038023 -0.247120 0.154342
0.052477 -0.186602 0.152159
0.029599 -0.194915 0.154849
-0.056962 -0.250509 0.168416
-0.055506 -0.249194 0.160520
-0.046184 -0.244521 0.170876
-0.044471 -0.272919 0.168355
-0.055713 -0.298917 0.171303
-0.057075 -0.262220 0.164126
-0.055126 -0.260297 0.156441
-0.056488 -0.263847 0.150622
-0.056753 -0.273440 0.159173
-0.059011 -0.296204 0.160334
-0.059466 -0.298669 0.165610
-0.057820 -0.275486 0.168357
-0.078715 -0.306218 0.133805
-0.061086 -0.296464 0.147551
-0.059855 -0.324212 0.155662
-0.057146 -0.350566 0.170123
-0.060550 -0.307292 0.153920
-0.060443 -0.326340 0.162390
-0.059854 -0.315523 0.159282
-0.061714 -0.339000 0.158799
-0.059669 -0.316295 0.165947
-0.056221 -0.326699 0.171158
-0.048570 -0.299795 0.171879
-0.059451 -0.342300 0.166651
-0.062142 -0.368289 0.163001
-0.034502 -0.288129 0.156734
-0.001793 -0.273685 0.190154
0.017155 -0.291708 0.164508
0.013877 -0.280935 0.175327
0.007154 -0.260949 0.179663
0.012378 -0.236675 0.172194
0.002943 -0.311409 0.187606
-0.006563 -0.258608 0.189799
0.005621 -0.229267 0.185560
0.013774 -0.312803 0.177772
-0.015982 -0.241256 0.182265
-0.014734 -0.263517 0.186092
-0.009808 -0.231352 0.186465
-0.015484 -0.234585 0.175802
-0.018345 -0.256037 0.163253
-0.018949 -0.261314 0.176186
-0.014729 -0.252551 0.169680
-0.024831 -0.304905 0.181031
-0.014673 -0.283665 0.188894
-0.012237 -0.301031 0.190506
-0.018354 -0.301195 0.186811
0.012075 -0.472089 0.181651
0.008531 -0.509936 0.162755
0.011553 -0.512670 0.174672
0.010884 -0.547855 0.153372
-0.046557 -0.662363 0.151788
-0.041113 -0.663889 0.153701
-0.035181 -0.668330 0.159671
-0.040144 -0.649935 0.156872
-0.035672 -0.671013 0.181291
-0.034143 -0.658414 0.172435
-0.033956 -0.665584 0.167687
0.009023 -0.614846 0.165328
0.020043 -0.236620 0.160158
0.011137 -0.380884 0.185705
0.014444 -0.392404 0.169660
0.013745 -0.361428 0.173239
0.008421 -0.327499 0.185084
0.015693 -0.321514 0.173454
-0.028926 -0.342015 0.180057
-0.008291 -0.358053 0.190951
-0.018615 -0.341473 0.189748
-0.032752 -0.374204 0.177598
-0.029382 -0.374618 0.185355
-0.025119 -0.333364 0.185023
-0.025019 -0.303775 0.176077
-0.023243 -0.286176 0.176337
-0.026466 -0.315721 0.176504
-0.018050 -0.278776 0.166624
-0.025253 -0.353286 0.187262
-0.030727 -0.358453 0.180577
-0.020517 -0.284283 0.182313
-0.022903 -0.275141 0.156808
-0.066421 -0.608656 0.109472
-0.057322 -0.610743 0.126395
-0.041981 -0.596804 0.192217
-0.050465 -0.607917 0.190761
-0.048590 -0.581176 0.189952
-0.033824 -0.586649 0.193017
0.001382 -0.576155 0.187333
-0.052354 -0.560323 0.183374
-0.053964 -0.611961 0.185129
-0.051035 -0.571312 0.187172
-0.034039 -0.550097 0.192556
-0.046853 -0.563162 0.189711
-0.053295 -0.580196 0.186029
-0.055105 -0.603767 0.187203
-0.052858 -0.571102 0.182579
-0.053113 -0.591842 0.188475
-0.037163 -0.550995 0.175329
0.009407 -0.539279 0.177329
-0.050581 -0.561378 0.180292
-0.053342 -0.245482 0.152896
-0.050809 -0.279166 0.171738
-0.064368 -0.347231 0.148217
-0.063447 -0.359006 0.153285
-0.063513 -0.369295 0.157344
-0.030622 -0.363525 0.158340
-0.037395 -0.336294 0.160095
-0.026301 -0.324668 0.157880
-0.049184 -0.368080 0.171490
-0.037313 -0.319932 0.160072
-0.049258 -0.337619 0.172409
-0.036488 -0.358445 0.160005
-0.055536 -0.371363 0.171020
-0.052739 -0.389645 0.171524
-0.022208 -0.347573 0.165048
-0.028816 -0.306428 0.156444
-0.019456 -0.297461 0.162400
-0.021119 -0.299421 0.170000
-0.030430 -0.359917 0.174932
-0.023860 -0.253025 0.156580
-0.029592 -0.269446 0.154944
-0.092124 -0.422993 0.123776
-0.099985 -0.406081 0.121793
-0.073382 -0.407290 0.133657
-0.066115 -0.371191 0.141502
-0.076567 -0.372946 0.132429
-0.095157 -0.370275 0.124618
-0.084315 -0.381670 0.127985
-0.078195 -0.348285 0.131918
-0.084234 -0.334290 0.129077
-0.064191 -0.460192 0.144814
-0.063768 -0.398306 0.146012
-0.064786 -0.410604 0.153714
-0.063176 -0.430395 0.148080
-0.088819 -0.496060 0.112979
-0.082212 -0.521471 0.113677
-0.080302 -0.544855 0.111770
-0.063656 -0.592787 0.116341
-0.058178 -0.577710 0.144239
-0.071305 -0.543015 0.117354
0.012553 -0.398769 0.183468
-0.021263 -0.417889 0.192590
-0.029530 -0.396485 0.186662
-0.000503 -0.386648 0.189202
-0.021709 -0.365626 0.190992
-0.022960 -0.403049 0.191906
0.003593 -0.429689 0.188943
0.015780 -0.412150 0.176249
0.013520 -0.453057 0.180903
0.015645 -0.439370 0.169153
0.009541 -0.479441 0.158827
0.012393 -0.491877 0.174094
0.011391 -0.467051 0.166224
-0.043676 -0.473675 0.178840
-0.035021 -0.485590 0.188868
-0.024199 -0.462980 0.191954
-0.041008 -0.474627 0.184500
-0.009124 -0.322182 0.192551
-0.021253 -0.273916 0.178917
-0.077944 -0.632012 0.099670
-0.043364 -0.612020 0.180098
-0.050627 -0.609994 0.183173
-0.033257 -0.645132 0.164836
-0.034826 -0.641713 0.174532
-0.037906 -0.615604 0.177689
-0.044396 -0.626007 0.156691
-0.051159 -0.617739 0.157221
-0.034188 -0.624796 0.168377
-0.034917 -0.610310 0.167597
-0.034991 -0.628741 0.175373
-0.056662 -0.605197 0.154717
-0.054253 -0.624037 0.153222
-0.050719 -0.641183 0.153994
-0.052776 -0.639403 0.149337
-0.034369 -0.612833 0.173054
-0.054226 -0.616440 0.155493
-0.046024 -0.642996 0.155098
-0.042931 -0.522731 0.176820
-0.069157 -0.356570 0.137560
-0.062748 -0.358634 0.160405
-0.063854 -0.384354 0.161389
-0.060904 -0.390539 0.165519
-0.064243 -0.376120 0.154106
-0.065027 -0.407692 0.160783
-0.057192 -0.403206 0.169560
-0.061815 -0.411351 0.165525
-0.020884 -0.325955 0.164652
-0.028372 -0.375542 0.173135
-0.035213 -0.377685 0.159057
-0.041249 -0.387408 0.163908
-0.025606 -0.399606 0.162903
-0.028183 -0.388494 0.159549
-0.049625 -0.407828 0.169553
-0.034928 -0.403114 0.158985
-0.025671 -0.339237 0.158770
-0.024462 -0.363626 0.159862
-0.027077 -0.336887 0.173945
-0.035633 -0.234871 0.155341
-0.023712 -0.225982 0.157159
-0.018605 -0.245326 0.161634
-0.092895 -0.444211 0.121940
-0.080603 -0.427860 0.128270
-0.073687 -0.454096 0.129405
-0.098786 -0.454032 0.115616
-0.091246 -0.464338 0.120991
-0.073208 -0.491283 0.126188
-0.081595 -0.468145 0.125984
-0.080671 -0.497660 0.123030
-0.061979 -0.499948 0.146989
-0.065282 -0.477943 0.153589
-0.065044 -0.499145 0.153456
-0.063084 -0.478118 0.147558
-0.061526 -0.553606 0.157986
-0.062228 -0.531235 0.149749
-0.063214 -0.515447 0.160279
-0.058919 -0.518779 0.164266
-0.063671 -0.525315 0.154853
-0.062394 -0.543508 0.155658
-0.060430 -0.541767 0.161501
-0.052232 -0.525827 0.164825
-0.090050 -0.534846 0.107705
-0.060184 -0.528303 0.142732
-0.067906 -0.528432 0.124931
-0.061119 -0.548686 0.149238
-0.057918 -0.571657 0.134888
-0.058837 -0.551529 0.139519
-0.029962 -0.497415 0.191508
-0.044884 -0.488690 0.182212
-0.039209 -0.503950 0.187995
-0.046721 -0.511300 0.183612
-0.045623 -0.518056 0.177718
-0.047792 -0.517002 0.180354
-0.042687 -0.494495 0.176355
-0.045356 -0.497136 0.178680
-0.029535 -0.432727 0.189846
-0.018453 -0.426766 0.192657
-0.035884 -0.437231 0.185808
-0.033318 -0.424905 0.186521
-0.053604 -0.633439 0.131818
-0.055513 -0.617495 0.144281
-0.055937 -0.613320 0.139842
-0.035928 -0.610803 0.161600
-0.033035 -0.581216 0.171124
-0.033826 -0.601748 0.172585
-0.047014 -0.587879 0.159604
-0.039141 -0.599938 0.176537
-0.034716 -0.586370 0.164204
-0.036451 -0.595617 0.161732
-0.054876 -0.577106 0.160252
-0.048674 -0.600690 0.158967
-0.058954 -0.570046 0.158689
-0.058008 -0.555406 0.161104
-0.054645 -0.601883 0.158128
-0.061002 -0.561843 0.152318
0.000299 -0.529147 0.190388
-0.046994 -0.560223 0.179400
-0.048320 -0.587506 0.180581
-0.032395 -0.559201 0.171243
-0.033564 -0.534597 0.173024
-0.032924 -0.556450 0.164895
-0.031459 -0.541859 0.165371
-0.036409 -0.520307 0.162000
-0.029975 -0.520262 0.165125
-0.029019 -0.508768 0.167274
-0.031975 -0.538255 0.170272
-0.037416 -0.574326 0.175406
-0.039210 -0.549971 0.161486
-0.050162 -0.576539 0.180611
-0.053042 -0.581359 0.183253
-0.052467 -0.596477 0.183267
-0.064504 -0.427536 0.162268
-0.064807 -0.429988 0.156346
-0.063469 -0.444211 0.151470
-0.065317 -0.464563 0.151744
-0.061223 -0.461698 0.166548
-0.064474 -0.453237 0.154794
-0.065214 -0.469352 0.159496
-0.062041 -0.430954 0.166585
-0.054511 -0.451765 0.168310
-0.064787 -0.484197 0.161600
-0.065183 -0.445145 0.160682
-0.052391 -0.421076 0.169668
-0.063715 -0.472472 0.164213
-0.056038 -0.477142 0.168022
-0.062683 -0.506577 0.162587
-0.060403 -0.487818 0.165932
-0.045141 -0.452769 0.164173
-0.041526 -0.498504 0.163729
-0.056010 -0.499927 0.166765
-0.034784 -0.498865 0.161955
-0.027248 -0.469605 0.165554
-0.032674 -0.471611 0.161275
-0.039241 -0.471467 0.162294
-0.028685 -0.490357 0.164303
-0.033232 -0.439049 0.159713
-0.033212 -0.482019 0.172576
-0.056255 -0.591500 0.136863
-0.058320 -0.588095 0.150132
-0.056032 -0.610169 0.146635
0.003819 -0.492491 0.189817
-0.037936 -0.430417 0.176484
-0.038157 -0.428085 0.180851
-0.040548 -0.449701 0.181516
-0.035694 -0.429894 0.174296
-0.026432 -0.414312 0.168592
-0.034280 -0.410647 0.183779
-0.036527 -0.411047 0.179489
-0.033603 -0.405881 0.175097
-0.059198 -0.583437 0.155064
-0.012052 -0.502462 0.191430
-0.042723 -0.543698 0.190297
-0.034809 -0.523759 0.191739
-0.049790 -0.538434 0.183803
-0.049250 -0.532542 0.179626
-0.003310 -0.546099 0.191418
-0.052041 -0.558473 0.161740
-0.027860 -0.410165 0.160278
-0.038710 -0.418719 0.161055
-0.039698 -0.427402 0.160664
-0.028890 -0.427250 0.159974
-0.024554 -0.387980 0.167054
-0.032282 -0.500966 0.172142
-0.026451 -0.428897 0.164632
-0.039314 -0.457577 0.175040
-0.029765 -0.450941 0.170516
-0.134169 -0.080447 0.073201
-0.142823 -0.095028 0.064074
-0.146319 -0.082163 0.030758
-0.154804 -0.081824 0.019280
-0.140017 -0.096385 -0.030864
-0.130887 -0.099411 -0.049025
-0.139011 -0.124186 -0.054724
-0.151839 -0.177423 -0.062006
-0.157081 -0.205482 -0.060250
-0.150060 -0.276673 -0.070029
-0.149927 -0.340545 -0.074947
-0.141356 -0.405331 -0.080918
-0.137516 -0.445135 -0.084394
-0.130610 -0.504063 -0.091694
-0.130220 -0.534907 -0.093003
-0.128226 -0.579643 -0.094936
-0.114741 -0.669388 -0.098462
-0.179416 -0.691397 0.012945
-0.193918 -0.692448 0.027164
-0.189165 -0.690488 0.036451
-0.178149 -0.684434 0.035102
-0.140482 -0.667931 0.029813
-0.153640 -0.670464 0.038524
-0.203150 -0.678941 0.045080
-0.196453 -0.679430 0.061894
-0.174483 -0.680044 0.072996
-0.158240 -0.096146 0.019600
-0.161937 -0.110072 0.021652
-0.169205 -0.129304 0.021175
-0.177617 -0.183168 0.007062
-0.175400 -0.202991 -0.002900
-0.177846 -0.220524 -0.004998
-0.181127 -0.234220 -0.001736
-0.175404 -0.169054 0.018313
-0.180055 -0.197989 0.016132
-0.186123 -0.228360 0.015676
-0.150678 -0.131437 0.063790
-0.157153 -0.154058 0.063633
-0.165539 -0.166916 0.057714
-0.170699 -0.195265 0.055083
-0.177748 -0.228588 0.051943
-0.156559 -0.173045 0.066712
-0.124608 -0.095902 0.087002
-0.139752 -0.119985 0.086164
-0.153940 -0.154214 0.082491
-0.155639 -0.089343 0.041564
-0.168347 -0.110110 0.036798
-0.179121 -0.147893 0.028978
-0.187812 -0.180675 0.024362
-0.170220 -0.189147 -0.017860
-0.193438 -0.208601 0.011292
-0.179316 -0.182436 0.025189
-0.172771 -0.151956 0.028554
-0.166272 -0.163159 0.039978
-0.176912 -0.128613 0.021955
-0.161187 -0.143612 0.071667
-0.141826 -0.098847 0.078189
-0.136862 -0.103618 0.077260
-0.133751 -0.091717 0.076035
-0.144706 -0.108432 0.064559
-0.186979 -0.192326 0.009112
-0.185343 -0.207678 0.008703
-0.194420 -0.222092 0.022325
-0.185174 -0.171865 0.017275
-0.174340 -0.128072 0.028217
-0.182780 -0.153610 0.018008
-0.159825 -0.144873 0.064850
-0.154467 -0.129646 0.040788
-0.135088 -0.087704 0.079198
-0.132689 -0.093563 0.084430
-0.145523 -0.100372 0.069760
-0.152640 -0.116373 0.070883
-0.144041 -0.124351 0.075137
-0.151623 -0.141197 0.073664
-0.187496 -0.221899 0.021250
-0.186457 -0.206021 0.024428
-0.182694 -0.176687 0.009424
-0.142867 -0.080433 0.044581
-0.143989 -0.132465 0.070022
-0.197951 -0.221867 0.013550
-0.185316 -0.222729 0.005648
-0.179909 -0.221218 0.022630
-0.144775 -0.094257 0.049239
-0.172903 -0.180963 0.003285
-0.176614 -0.167968 0.007532
-0.171030 -0.193138 0.046310
-0.113349 -0.685248 -0.096149
-0.136762 -0.671146 -0.084022
-0.129835 -0.667895 -0.089531
-0.214027 -0.374515 0.013843
-0.152092 -0.109136 0.007931
-0.190851 -0.612670 0.033369
-0.115049 -0.677809 0.083979
-0.177335 -0.222875 0.078536
-0.181645 -0.316481 0.072207
-0.156943 -0.181140 0.076886
-0.167599 -0.175240 0.073310
-0.175465 -0.154523 0.016398
-0.171578 -0.113722 0.022514
-0.165161 -0.097070 0.028691
-0.173188 -0.130756 0.017159
-0.165705 -0.130792 0.031316
-0.155642 -0.085921 0.032992
-0.142362 -0.137547 0.082724
-0.122122 -0.081396 0.079685
-0.149506 -0.138425 -0.026227
-0.180834 -0.157934 0.011772
-0.155054 -0.136104 0.077033
-0.130416 -0.107447 0.082698
-0.147946 -0.153985 0.079811
-0.188857 -0.196095 0.024518
-0.193565 -0.208638 0.019843
-0.138423 -0.153530 0.084344
-0.174444 -0.210679 0.045458
-0.173926 -0.626856 0.078342
-0.176554 -0.222818 0.064160
-0.171468 -0.194959 0.063894
-0.165893 -0.155936 0.066711
-0.154819 -0.169444 0.082923
-0.158333 -0.163010 0.071387
-0.161801 -0.160698 0.075757
-0.162584 -0.188000 0.072036
-0.154198 -0.183469 -0.051680
-0.160188 -0.228101 -0.060396
-0.160434 -0.145345 0.037880
-0.154374 -0.111839 0.027714
-0.120848 -0.145084 0.105791
-0.150934 -0.140171 -0.042773
-0.147313 -0.116580 0.079730
-0.191036 -0.199122 0.016756
-0.161925 -0.202132 0.067192
-0.173634 -0.217137 -0.018281
-0.164713 -0.221045 -0.039686
-0.131338 -0.641281 -0.091158
-0.143663 -0.686887 -0.073972
-0.149039 -0.124564 -0.012324
-0.146616 -0.119146 -0.031314
-0.148136 -0.087601 0.006169
-0.141576 -0.096656 -0.008463
-0.160066 -0.138436 0.009598
-0.155039 -0.119671 0.009218
-0.143654 -0.636716 0.024065
-0.149144 -0.570288 0.077720
-0.151409 -0.679020 0.077817
-0.132933 -0.678137 0.081437
-0.174695 -0.213080 0.053678
-0.166960 -0.228649 0.067489
-0.162799 -0.208843 0.076713
-0.148287 -0.307190 0.100011
-0.178841 -0.450286 0.074003
-0.117942 -0.240473 0.109963
-0.157996 -0.218712 0.075608
-0.173246 -0.205941 0.070263
-0.171220 -0.208956 0.083659
-0.168162 -0.193293 0.082243
-0.164590 -0.198708 0.083191
-0.129457 -0.188353 0.104222
-0.165518 -0.269733 -0.055847
-0.150712 -0.648903 -0.055445
-0.143040 -0.550004 -0.077388
-0.142037 -0.581093 -0.079279
-0.132634 -0.625037 -0.090662
-0.172210 -0.689820 -0.029996
-0.189051 -0.686431 0.018059
-0.153328 -0.373956 -0.066357
-0.155996 -0.138055 -0.011026
-0.132088 -0.614431 0.086757
-0.145462 -0.527766 0.086273
-0.200980 -0.669541 0.053016
-0.129240 -0.633546 0.086993
-0.131895 -0.290799 0.111306
-0.158769 -0.251696 0.081428
-0.143414 -0.198677 0.088918
-0.135255 -0.224805 0.101500
-0.175743 -0.251750 -0.023964
-0.136862 -0.563316 -0.086983
-0.124315 -0.626316 -0.096744
-0.170899 -0.654613 -0.036535
-0.148139 -0.687117 -0.051695
-0.186887 -0.683626 0.035867
-0.193507 -0.684416 0.032679
-0.152000 -0.673194 0.014069
-0.150939 -0.503884 0.085529
-0.130300 -0.520631 0.094287
-0.146438 -0.436534 -0.073459
-0.146019 -0.409092 -0.074229
-0.179462 -0.294038 -0.028510
-0.172079 -0.329752 -0.044363
-0.174876 -0.350828 -0.040423
-0.158071 -0.325866 -0.063929
-0.128378 -0.594183 0.089098
-0.136235 -0.569745 0.086165
-0.134532 -0.548751 0.090980
-0.198851 -0.662231 0.038327
-0.171843 -0.650826 0.076413
-0.124763 -0.651272 0.085501
-0.145111 -0.351791 0.103411
-0.158498 -0.259918 0.083598
-0.162695 -0.237244 0.073308
-0.168261 -0.253665 0.072182
-0.167880 -0.276604 0.076309
-0.176799 -0.267377 0.070607
-0.144882 -0.645298 -0.075900
-0.136339 -0.596930 -0.088028
-0.158285 -0.579591 -0.055764
-0.177573 -0.677045 0.004253
-0.193177 -0.674339 0.033382
-0.194028 -0.676537 0.026183
-0.138801 -0.490704 0.092292
-0.154524 -0.510987 0.080375
-0.139981 -0.486205 -0.081495
-0.165862 -0.361314 -0.056876
-0.186952 -0.664457 0.038960
-0.174001 -0.674535 0.038757
-0.155468 -0.654613 0.037908
-0.119280 -0.609053 0.086184
-0.148285 -0.539282 0.079754
-0.160158 -0.554820 0.077921
-0.192512 -0.678205 0.037629
-0.164649 -0.347869 0.084044
-0.145542 -0.458189 0.090074
-0.164753 -0.291711 0.081390
-0.172441 -0.282834 -0.042508
-0.139270 -0.514288 -0.083636
-0.175857 -0.370597 -0.039036
-0.177681 -0.420052 -0.020935
-0.160742 -0.400408 -0.058408
-0.165632 -0.416915 -0.050647
-0.181350 -0.390941 -0.017306
-0.178831 -0.391362 -0.025730
-0.152299 -0.451017 -0.066008
-0.163055 -0.447216 -0.052229
-0.136841 -0.590907 0.082458
-0.148035 -0.612427 0.078525
-0.147696 -0.639955 0.083414
-0.158592 -0.330288 0.092277
-0.167082 -0.329097 0.080631
-0.130157 -0.456354 0.102794
-0.159271 -0.460023 0.081325
-0.172028 -0.299054 0.071102
-0.170718 -0.319352 0.074661
-0.159090 -0.642119 0.015427
-0.178361 -0.640475 -0.009485
-0.190596 -0.662956 0.014760
-0.147026 -0.661199 0.013305
-0.143093 -0.649201 0.014968
-0.147755 -0.484232 -0.071713
-0.184899 -0.364892 -0.007944
-0.159765 -0.470829 -0.056076
-0.147026 -0.662782 0.034404
-0.175465 -0.607991 0.077016
-0.199017 -0.625057 0.053773
-0.162940 -0.513964 0.074996
-0.183024 -0.582788 0.075621
-0.158643 -0.592606 0.076242
-0.160062 -0.405200 0.083036
-0.148492 -0.480299 0.088759
-0.159837 -0.560949 -0.055517
-0.162854 -0.627704 -0.042346
-0.137449 -0.668049 0.017354
-0.140704 -0.656986 0.025827
-0.182937 -0.357516 -0.013973
-0.182842 -0.336607 -0.023719
-0.186566 -0.322788 -0.008917
-0.189328 -0.351034 -0.003894
-0.198406 -0.348799 0.001816
-0.146836 -0.508548 -0.073686
-0.148735 -0.640156 0.032107
-0.189561 -0.601450 0.070759
-0.197436 -0.613603 0.058684
-0.204278 -0.374491 0.004761
-0.197016 -0.389057 0.001521
-0.200851 -0.618586 0.044281
-0.187650 -0.400967 -0.004662
-0.199753 -0.434545 0.003987
-0.199781 -0.323906 0.002518
-0.209868 -0.366662 0.006862
-0.207230 -0.339046 0.006116
-0.211936 -0.390666 0.007986
-0.194374 -0.275492 0.015902
-0.205005 -0.262162 0.015138
-0.193092 -0.237484 0.021843
-0.200790 -0.232754 0.017512
-0.197838 -0.269814 0.020791
-0.200250 -0.254809 0.020987
-0.207954 -0.318554 0.008832
-0.202857 -0.333773 0.012907
-0.183022 -0.237837 0.016764
-0.190480 -0.244366 0.018897
-0.206180 -0.320677 0.018940
-0.208844 -0.295136 0.016934
-0.207100 -0.277703 0.017165
-0.187845 -0.300547 -0.005100
-0.211719 -0.322929 0.013642
-0.211668 -0.352273 0.018190
-0.212252 -0.355991 0.011517
-0.177171 -0.226173 0.045276
-0.204454 -0.287529 0.008357
-0.202763 -0.293597 0.019577
-0.186416 -0.321610 0.038220
-0.195590 -0.320879 0.011492
-0.188561 -0.379706 0.012251
-0.190588 -0.336302 0.014103
-0.189348 -0.329365 0.026061
-0.186879 -0.344899 0.033444
-0.183578 -0.258336 0.051059
-0.202889 -0.272808 0.009886
-0.189357 -0.273132 0.000166
-0.196179 -0.259246 0.005806
-0.193009 -0.303725 0.016729
-0.195762 -0.300080 0.011903
-0.187955 -0.353036 0.023839
-0.201450 -0.355862 0.065832
-0.214210 -0.396470 0.013522
-0.179722 -0.241851 0.048561
-0.196591 -0.376236 0.011762
-0.207197 -0.379533 0.018450
-0.179642 -0.233489 0.059181
-0.190492 -0.309632 0.022976
-0.186767 -0.287134 0.031080
-0.188471 -0.312278 0.030204
-0.183864 -0.279304 0.046933
-0.188877 -0.279815 0.016170
-0.182364 -0.246031 0.026998
-0.184120 -0.269437 0.034058
-0.212180 -0.414859 0.009387
-0.208568 -0.404662 0.005260
-0.206589 -0.420572 0.005075
-0.191049 -0.402934 0.010700
-0.203938 -0.411414 0.019443
-0.214305 -0.420276 0.013513
-0.195935 -0.311741 0.069451
-0.187238 -0.264526 0.015546
-0.182498 -0.257730 0.040952
-0.153570 -0.095240 0.032661
-0.161663 -0.114039 0.033640
-0.124705 -0.116954 0.086948
-0.161464 -0.181023 -0.035815
-0.166521 -0.529808 -0.048133
-0.174521 -0.523467 -0.033197
-0.170205 -0.509184 -0.041831
-0.177432 -0.478713 -0.024870
-0.177563 -0.497020 -0.025760
-0.167259 -0.492849 -0.046689
-0.154759 -0.506454 -0.060426
-0.171953 -0.560770 -0.034197
-0.194935 -0.519317 0.006257
-0.181085 -0.526820 -0.019615
-0.175886 -0.574719 -0.024307
-0.174300 -0.452812 -0.034448
-0.180862 -0.484863 -0.010119
-0.174957 -0.472718 -0.032707
-0.179843 -0.460043 -0.012783
-0.176430 -0.454766 -0.025514
-0.198647 -0.635263 0.048403
-0.195975 -0.653417 0.049075
-0.182171 -0.638289 0.074144
-0.193738 -0.650093 0.065969
-0.185343 -0.650482 0.037238
-0.159460 -0.609641 0.035270
-0.190170 -0.639989 0.034675
-0.197272 -0.648067 0.036441
-0.198832 -0.625555 0.039152
-0.196476 -0.634025 0.060042
-0.187809 -0.624043 0.070812
-0.180737 -0.628043 0.036225
-0.157894 -0.633460 0.036930
-0.175841 -0.420113 -0.033755
-0.168560 -0.448413 0.073890
-0.159446 -0.433828 0.080045
-0.171550 -0.497957 0.074484
-0.159335 -0.493686 0.077041
-0.157937 -0.478951 0.079965
-0.166880 -0.476280 0.073589
-0.188753 -0.499850 0.076201
-0.186357 -0.520859 0.076157
-0.192880 -0.518282 0.072069
-0.203554 -0.542723 0.053165
-0.201140 -0.523881 0.060626
-0.183001 -0.650268 0.006171
-0.185970 -0.559420 0.074940
-0.179019 -0.547504 0.076806
-0.199764 -0.596582 0.055111
-0.198379 -0.568584 0.061266
-0.191262 -0.582887 0.069333
-0.198412 -0.544784 0.063482
-0.189403 -0.535043 0.074242
-0.193277 -0.550988 0.070227
-0.202890 -0.561545 0.052088
-0.197849 -0.580020 0.060790
-0.201935 -0.591375 0.047153
-0.195571 -0.588622 0.034035
-0.199791 -0.604888 0.040556
-0.202210 -0.578148 0.042836
-0.184446 -0.575009 0.033982
-0.189263 -0.541289 0.034614
-0.194346 -0.547375 0.033971
-0.185094 -0.603511 0.034982
-0.185711 -0.670250 0.070034
-0.167007 -0.379101 0.078019
-0.158023 -0.616557 -0.057911
-0.178111 -0.613816 -0.025551
-0.168391 -0.591992 -0.040473
-0.173591 -0.648756 0.038132
-0.183555 -0.277363 -0.009928
-0.190556 -0.238533 0.006385
-0.197322 -0.241249 0.011594
-0.167058 -0.575791 -0.043196
-0.188747 -0.341590 0.075831
-0.177790 -0.334499 0.071745
-0.170834 -0.338171 0.076578
-0.183233 -0.343451 0.072106
-0.178133 -0.234270 0.069780
-0.183286 -0.261491 0.080119
-0.178211 -0.238138 0.081218
-0.182636 -0.256381 0.069698
-0.176327 -0.251984 0.083211
-0.170753 -0.232097 0.082678
-0.172992 -0.241900 0.070477
-0.195688 -0.323713 0.053190
-0.185436 -0.295890 0.041332
-0.188040 -0.287136 0.077188
-0.201569 -0.547774 0.012068
-0.208753 -0.533159 0.021459
-0.206872 -0.535478 0.014792
-0.199585 -0.528974 0.009768
-0.195517 -0.578934 0.013698
-0.184917 -0.515969 -0.002997
-0.188340 -0.491221 -0.000271
-0.196446 -0.657953 0.025959
-0.186340 -0.666449 0.033553
-0.177654 -0.674276 0.033462
-0.198816 -0.638089 0.027286
-0.195300 -0.637894 0.031411
-0.191870 -0.649802 0.033485
-0.169408 -0.391775 0.076025
-0.178676 -0.388367 0.071654
-0.182723 -0.377782 0.072619
-0.180615 -0.414450 0.073280
-0.171387 -0.407979 0.074451
-0.205084 -0.383015 0.056719
-0.203683 -0.402477 0.067164
-0.205940 -0.409521 0.052387
-0.202296 -0.395225 0.049026
-0.202184 -0.411439 0.046291
-0.185196 -0.376800 0.032620
-0.180030 -0.405606 0.024411
-0.183685 -0.415642 0.013828
-0.185571 -0.376900 0.020141
-0.194660 -0.412378 0.039634
-0.197861 -0.434123 0.039169
-0.173075 -0.429279 0.073145
-0.203027 -0.431375 0.043647
-0.206898 -0.431993 0.055760
-0.184803 -0.432217 0.031125
-0.200513 -0.448959 0.039138
-0.194203 -0.457227 0.035803
-0.182262 -0.464709 0.031872
-0.177671 -0.460804 0.013732
-0.177992 -0.448039 0.027226
-0.177871 -0.431951 0.023653
-0.175137 -0.468586 0.022285
-0.182342 -0.442450 0.012357
-0.200677 -0.426213 0.071582
-0.197327 -0.402327 0.076618
-0.183292 -0.477953 0.010522
-0.170519 -0.509923 0.025562
-0.206340 -0.445711 0.049708
-0.180081 -0.494817 0.032039
-0.193248 -0.496882 0.034217
-0.174935 -0.483643 0.025469
-0.172541 -0.483840 0.015589
-0.177824 -0.518369 0.032600
-0.168756 -0.508084 0.015442
-0.172195 -0.529715 0.010569
-0.166514 -0.519266 0.018503
-0.161480 -0.549454 0.022447
-0.167103 -0.548107 0.030625
-0.168264 -0.547271 0.011276
-0.197922 -0.560302 0.034234
-0.173779 -0.369459 0.073733
-0.177852 -0.363614 0.071973
-0.189410 -0.628944 0.030276
-0.199507 -0.621516 0.029464
-0.177084 -0.636197 0.028633
-0.186342 -0.620128 0.008355
-0.197134 -0.605961 0.030239
-0.151486 -0.626952 0.011654
-0.154872 -0.614862 0.011279
-0.147231 -0.623496 0.020047
-0.166971 -0.600161 0.013394
-0.169255 -0.627563 0.020814
-0.149680 -0.611179 0.021072
-0.147348 -0.625448 0.027365
-0.153560 -0.588582 0.021252
-0.162305 -0.590927 0.034370
-0.153435 -0.598395 0.027712
-0.162957 -0.587302 0.010704
-0.189666 -0.614081 0.030433
-0.154488 -0.603038 0.012682
-0.159598 -0.571719 0.014011
-0.179823 -0.436347 -0.012288
-0.196030 -0.457712 0.002951
-0.211843 -0.441670 0.008435
-0.212090 -0.433178 0.017169
-0.207635 -0.445260 0.020763
-0.199580 -0.432723 0.014720
-0.197712 -0.350179 0.078059
-0.189659 -0.298516 0.052744
-0.193227 -0.298238 0.070207
-0.189546 -0.273535 0.059628
-0.182677 -0.248131 0.061418
-0.185445 -0.271972 0.074100
-0.194017 -0.306564 0.060019
-0.181805 -0.276543 0.083760
-0.189405 -0.543832 0.005288
-0.211517 -0.513069 0.017629
-0.206990 -0.500323 0.010662
-0.192743 -0.476268 0.002192
-0.207574 -0.462512 0.007929
-0.199046 -0.491012 0.006055
-0.211894 -0.492026 0.017543
-0.206880 -0.492638 0.021895
-0.201620 -0.473212 0.006248
-0.209621 -0.482836 0.010786
-0.213205 -0.462939 0.012190
-0.186003 -0.577213 0.003265
-0.195377 -0.560232 0.011488
-0.203666 -0.567718 0.025718
-0.204338 -0.570537 0.017910
-0.181239 -0.594585 -0.007305
-0.207853 -0.549386 0.021153
-0.202482 -0.598707 0.026239
-0.203805 -0.558407 0.015615
-0.188646 -0.598270 0.027365
-0.201331 -0.586569 0.018380
-0.204216 -0.582323 0.022965
-0.198272 -0.586394 0.028545
-0.192569 -0.569589 0.026122
-0.200369 -0.555789 0.026215
-0.200032 -0.510507 0.022056
-0.189051 -0.497359 0.013170
-0.206201 -0.519806 0.022642
-0.194044 -0.547986 0.023728
-0.181902 -0.533640 0.012322
-0.177111 -0.506344 0.010585
-0.178698 -0.652294 0.031223
-0.193646 -0.386452 0.077096
-0.201020 -0.365192 0.074155
-0.202304 -0.383225 0.072184
-0.202299 -0.365167 0.065275
-0.194131 -0.424587 0.076413
-0.197473 -0.473111 0.071257
-0.190698 -0.479377 0.075703
-0.180039 -0.467165 0.075128
-0.187491 -0.467795 0.076288
-0.196032 -0.491124 0.070355
-0.202265 -0.481966 0.063827
-0.198750 -0.510042 0.066022
-0.204632 -0.454888 0.061038
-0.202749 -0.496348 0.061448
-0.205314 -0.501511 0.048374
-0.189944 -0.445066 0.076473
-0.198894 -0.448444 0.071615
-0.205681 -0.477619 0.056885
-0.204240 -0.468247 0.041293
-0.206291 -0.484121 0.050387
-0.196346 -0.518885 0.034170
-0.204670 -0.525336 0.048707
-0.204010 -0.513854 0.041925
-0.204458 -0.512418 0.053997
-0.206097 -0.462818 0.048609
-0.201845 -0.479240 0.038716
-0.201425 -0.497898 0.038505
-0.203180 -0.436672 0.065834
-0.196582 -0.440047 0.074685
-0.202291 -0.543352 0.039369
-0.161624 -0.563348 0.028596
-0.167997 -0.569775 0.034072
-0.194864 -0.633516 0.017742
-0.197086 -0.615218 0.017821
-0.178923 -0.549359 0.012702
-0.170648 -0.573055 0.011202
-0.192126 -0.462379 0.011964
-0.187270 -0.435454 0.010507
-0.186926 -0.362606 0.074022
-0.181497 -0.352037 0.071797
-0.195988 -0.329944 0.079415
-0.181353 -0.298962 0.075115
-0.179279 -0.280139 0.075135
-0.190317 -0.317236 0.081365
-0.187572 -0.306196 0.082218
-0.180975 -0.293699 0.081689
-0.197806 -0.332695 0.072487
-0.200099 -0.334627 0.059731
-0.196735 -0.339218 0.052334
-0.199899 -0.379316 0.049594
-0.202952 -0.361393 0.056403
-0.190921 -0.598403 0.012124
-0.206418 -0.562450 0.021327
0.126005 -0.101733 -0.040401
0.143178 -0.097619 -0.013528
0.146649 -0.094754 0.021276
0.144823 -0.092115 0.041786
0.138893 -0.091880 0.057105
0.118161 -0.097485 0.089315
0.085280 -0.686671 0.093775
0.122982 -0.693745 0.104812
0.161969 -0.690483 0.084624
0.178949 -0.683804 0.061461
0.150387 -0.677593 0.046644
0.132100 -0.672388 0.037295
0.133413 -0.672878 0.018430
0.148089 -0.676637 0.014947
0.172749 -0.682127 0.030580
0.186394 -0.685078 0.034183
0.200788 -0.686706 0.035334
0.220375 -0.683104 0.024566
0.184170 -0.679078 -0.033108
0.130680 -0.675567 -0.061610
0.128656 -0.619302 -0.065043
0.136453 -0.572159 -0.074729
0.134760 -0.369741 -0.084019
0.118069 -0.254821 -0.096290
0.091897 -0.137329 -0.073292
0.143834 -0.105494 0.058079
0.147550 -0.119311 0.057042
0.153981 -0.146056 0.058721
0.157074 -0.162012 0.062264
0.154377 -0.176749 0.073569
0.152267 -0.210290 0.083748
0.161138 -0.175665 0.060105
0.164727 -0.200120 0.064242
0.150991 -0.110688 0.000654
0.160546 -0.141298 -0.001344
0.175165 -0.179512 0.008228
0.179621 -0.207765 0.014799
0.182262 -0.221059 0.014906
0.171208 -0.182337 -0.008959
0.172584 -0.197833 -0.010627
0.174863 -0.215670 -0.010501
0.178403 -0.250176 -0.009005
0.143490 -0.111694 -0.036501
0.163944 -0.144365 -0.026905
0.171201 -0.161854 -0.023118
0.178248 -0.178887 -0.019521
0.189256 -0.208779 -0.013878
0.155459 -0.106676 0.031815
0.161616 -0.121109 0.039168
0.166227 -0.136133 0.047894
0.171321 -0.168672 0.062470
0.172986 -0.186239 0.068462
0.174031 -0.213721 0.077014
0.137210 -0.121749 -0.035707
0.163484 -0.167102 0.072766
0.160628 -0.137850 0.062995
0.174359 -0.205341 0.038195
0.169804 -0.183432 0.056261
0.151051 -0.113164 0.045567
0.180918 -0.173486 0.002808
0.175316 -0.157971 -0.004103
0.150851 -0.107179 -0.019161
0.185380 -0.207490 -0.009111
0.154327 -0.207828 -0.052607
0.179416 -0.227388 0.033772
0.176184 -0.203769 0.028499
0.174835 -0.186350 0.022699
0.153426 -0.118262 0.027288
0.150045 -0.121673 0.040619
0.188985 -0.201620 0.006938
0.171917 -0.158712 0.001906
0.167529 -0.137845 -0.003542
0.156212 -0.115408 -0.005325
0.179583 -0.205939 -0.006975
0.175078 -0.176080 -0.005722
0.167326 -0.158904 -0.011798
0.180997 -0.191699 -0.008143
0.185515 -0.222398 -0.005186
0.156776 -0.130757 -0.018906
0.169295 -0.171685 0.032837
0.193123 -0.213383 -0.000372
0.167573 -0.206778 -0.027991
0.138217 -0.202007 0.096555
0.169820 -0.167306 0.000386
0.162372 -0.144616 0.026299
0.162877 -0.135251 -0.015147
0.171065 -0.230978 -0.024934
0.120105 -0.166990 0.116003
0.140855 -0.171106 0.089084
0.042844 -0.679094 0.095875
0.175786 -0.429069 0.043730
0.150595 -0.337626 0.106204
0.104794 -0.069522 0.107863
0.120078 -0.121959 -0.059392
0.095613 -0.121220 -0.066102
0.127263 -0.136631 -0.060553
0.168737 -0.213682 0.082742
0.167830 -0.164427 0.065651
0.163399 -0.181876 0.076597
0.164447 -0.208944 0.081798
0.160020 -0.152737 0.068375
0.162086 -0.127308 0.053060
0.155404 -0.124133 0.059305
0.155841 -0.108370 0.049765
0.153561 -0.099461 0.040029
0.112308 -0.094408 0.104505
0.164392 -0.169772 0.055018
0.174013 -0.200963 0.060825
0.145904 -0.102446 0.048160
0.152271 -0.122003 -0.032460
0.182209 -0.206452 -0.017928
0.141157 -0.210002 -0.069816
0.169696 -0.173268 -0.025200
0.155093 -0.140660 -0.030005
0.160269 -0.154255 -0.023985
0.147202 -0.124679 -0.029436
0.148178 -0.123749 -0.020401
0.136306 -0.099723 -0.025563
0.185089 -0.218226 -0.014470
0.174141 -0.187810 -0.021178
0.184589 -0.190942 -0.004339
0.137054 -0.134162 0.080185
0.054554 -0.639287 0.087167
0.164623 -0.646149 0.092287
0.217830 -0.440397 0.012348
0.105174 -0.279299 0.122281
0.162176 -0.152553 0.050419
0.155905 -0.131912 0.045378
0.177520 -0.261677 -0.018363
0.135144 -0.163103 -0.063763
0.148085 -0.145643 -0.034974
0.165420 -0.176222 -0.020996
0.131202 -0.090423 0.072183
0.101185 -0.124555 0.117478
0.083658 -0.116784 0.126967
0.172600 -0.220551 0.064730
0.177181 -0.220351 0.069953
0.167013 -0.252846 0.091823
0.163178 -0.188335 -0.033849
0.096973 -0.170288 0.126344
0.043387 -0.655023 0.102079
0.095889 -0.688924 0.098901
0.136668 -0.635104 0.032112
0.070819 -0.343047 0.123343
0.070326 -0.370294 0.124230
0.192121 -0.659486 0.040158
0.186879 -0.514139 -0.034962
0.186241 -0.656788 -0.031703
0.224173 -0.671573 0.006819
0.141229 -0.658596 -0.054603
0.160807 -0.375718 -0.059575
0.164414 -0.677671 -0.043281
0.145967 -0.171951 -0.053861
0.083842 -0.212819 0.129826
0.130009 -0.109499 0.080708
0.175205 -0.245889 0.068705
0.139909 -0.238022 -0.075471
0.141554 -0.265862 -0.078374
0.124107 -0.147824 0.105945
0.053668 -0.678857 0.079166
0.056195 -0.520460 0.109063
0.063204 -0.577885 0.098946
0.046174 -0.400404 0.141199
0.192217 -0.677710 0.036931
0.153963 -0.582470 -0.058365
0.173405 -0.538999 -0.047938
0.145384 -0.310439 -0.077036
0.112565 -0.220135 0.117369
0.119189 -0.127734 0.105490
0.156936 -0.234957 -0.054089
0.110931 -0.138260 0.115928
0.123819 -0.202745 0.114740
0.039789 -0.613077 0.107036
0.038951 -0.491099 0.119663
0.169084 -0.682047 0.079122
0.151728 -0.393755 -0.070437
0.051305 -0.409075 0.124547
0.212328 -0.669976 0.030129
0.154854 -0.546550 -0.065373
0.176192 -0.477756 -0.048888
0.173299 -0.333908 -0.044986
0.149335 -0.363709 -0.073358
0.160461 -0.302123 -0.059129
0.161190 -0.238816 0.087306
0.143275 -0.278055 0.102275
0.152538 -0.244601 0.089183
0.126886 -0.243556 0.112264
0.153722 -0.272769 0.094283
0.171499 -0.274060 0.094551
0.163324 -0.273358 0.095440
0.177966 -0.256846 0.084720
0.162089 -0.306092 0.099943
0.082704 -0.273973 0.122294
0.052341 -0.609057 0.096590
0.122486 -0.663584 0.113437
0.045643 -0.580752 0.103363
0.165443 -0.662075 0.048117
0.142956 -0.669290 0.044583
0.131139 -0.663753 0.028062
0.179986 -0.677480 0.034530
0.068581 -0.308202 0.129706
0.200315 -0.671515 0.036408
0.208618 -0.679280 0.033880
0.147512 -0.611010 -0.055224
0.219977 -0.681581 -0.010172
0.185896 -0.394846 -0.030249
0.173923 -0.238373 0.084577
0.136317 -0.296025 0.109953
0.150342 -0.298520 0.099936
0.119800 -0.286672 0.117994
0.048596 -0.553900 0.106422
0.142736 -0.667209 0.015029
0.156016 -0.665411 0.018059
0.135011 -0.653015 0.035355
0.181317 -0.665010 0.038580
0.061901 -0.371514 0.124085
0.167889 -0.517578 -0.054701
0.177410 -0.229921 0.068480
0.082479 -0.324811 0.123416
0.111985 -0.346971 0.122854
0.114907 -0.316913 0.121028
0.110144 -0.685698 0.105928
0.107628 -0.667064 0.110231
0.103215 -0.463352 0.118714
0.066068 -0.525292 0.106873
0.097330 -0.498123 0.115120
0.170236 -0.670783 0.030767
0.145167 -0.328507 0.106493
0.140434 -0.310728 0.109187
0.130559 -0.351000 0.116327
0.122069 -0.677243 0.109296
0.092346 -0.671392 0.098456
0.083582 -0.490770 0.111257
0.148230 -0.652412 0.044685
0.202766 -0.349357 -0.002138
0.188728 -0.381990 -0.019121
0.182891 -0.365337 -0.030591
0.180457 -0.350201 -0.032289
0.190123 -0.370587 -0.014466
0.198148 -0.419186 -0.011985
0.189204 -0.412683 -0.025871
0.197001 -0.390875 -0.006758
0.207251 -0.383188 0.000359
0.200274 -0.399041 -0.005273
0.201050 -0.433336 0.040585
0.194504 -0.440389 -0.022060
0.217718 -0.416295 0.012519
0.089080 -0.638954 0.099330
0.099768 -0.649821 0.109711
0.218503 -0.388782 0.019347
0.186620 -0.404785 0.020951
0.197343 -0.419524 0.040335
0.214225 -0.415652 0.030239
0.204457 -0.398978 0.035562
0.068259 -0.631493 0.088734
0.215067 -0.383694 0.027993
0.186530 -0.373753 0.020784
0.190700 -0.404827 0.034159
0.063683 -0.610402 0.090164
0.101903 -0.610876 0.116682
0.098258 -0.593319 0.113154
0.075515 -0.573716 0.097720
0.149270 -0.623929 0.110054
0.094813 -0.619371 0.105077
0.101842 -0.637709 0.110470
0.130285 -0.636153 0.118608
0.138175 -0.628743 0.116761
0.140000 -0.641776 0.113007
0.112553 -0.630978 0.120068
0.133521 -0.614945 0.121071
0.119760 -0.618336 0.123735
0.142360 -0.110059 -0.028892
0.149375 -0.108158 -0.011522
0.174586 -0.166294 -0.011476
0.176251 -0.283882 -0.029564
0.163524 -0.279134 -0.052871
0.162415 -0.258760 -0.051451
0.193131 -0.286461 -0.003225
0.172544 -0.300661 -0.040156
0.181663 -0.277667 -0.012289
0.182806 -0.264778 -0.006363
0.191515 -0.266704 -0.007337
0.188414 -0.251348 -0.005583
0.184851 -0.289796 -0.009176
0.182871 -0.299167 -0.014359
0.188062 -0.318446 -0.007511
0.202123 -0.289707 -0.004991
0.197994 -0.321643 -0.002860
0.204008 -0.313013 -0.003023
0.191420 -0.301611 -0.004004
0.203143 -0.334798 -0.002287
0.193111 -0.334977 -0.003488
0.198836 -0.259737 -0.007419
0.204711 -0.275398 -0.001912
0.197776 -0.364274 -0.003381
0.191678 -0.347487 -0.005986
0.186395 -0.335589 -0.015109
0.181252 -0.316234 -0.023159
0.215274 -0.350563 0.014376
0.216903 -0.372505 0.021555
0.216366 -0.380330 0.013070
0.210301 -0.343881 0.005098
0.212586 -0.371837 0.006376
0.153724 -0.680575 0.090360
0.142246 -0.693145 0.095225
0.173887 -0.636270 0.083207
0.166740 -0.641572 0.048557
0.136389 -0.684519 0.103258
0.161757 -0.625597 0.045685
0.156606 -0.593118 0.043005
0.173550 -0.621028 0.060384
0.167800 -0.619552 0.050816
0.169017 -0.629688 0.092144
0.153279 -0.638254 0.104209
0.160094 -0.607540 0.104476
0.133524 -0.601024 0.123467
0.145286 -0.604873 0.116660
0.113500 -0.609233 0.124663
0.155964 -0.588613 0.109283
0.140883 -0.590031 0.120862
0.076731 -0.463857 0.113545
0.042612 -0.453845 0.123260
0.081916 -0.357640 0.124756
0.080414 -0.384353 0.123771
0.170337 -0.574395 -0.045372
0.185669 -0.591283 -0.028251
0.220362 -0.568491 0.001949
0.186974 -0.546697 -0.032028
0.197245 -0.555965 -0.023023
0.214230 -0.549413 -0.005916
0.178337 -0.299318 0.090249
0.204495 -0.519540 -0.018131
0.197079 -0.507992 -0.025356
0.182639 -0.430518 -0.042161
0.129347 -0.398441 0.121055
0.090436 -0.537460 0.108938
0.106106 -0.534631 0.125219
0.135557 -0.476349 0.127579
0.083409 -0.474924 0.112453
0.119313 -0.474667 0.128072
0.120792 -0.421020 0.124005
0.217873 -0.432719 0.025667
0.190211 -0.460889 -0.032097
0.202779 -0.445421 -0.010313
0.217015 -0.451613 0.008157
0.180787 -0.450059 -0.044789
0.176886 -0.404647 0.031561
0.192760 -0.431864 0.027930
0.077279 -0.532285 0.105696
0.098630 -0.573714 0.115716
0.109838 -0.596198 0.125749
0.122035 -0.586692 0.127488
0.134469 -0.575408 0.125981
0.112877 -0.556810 0.128204
0.124623 -0.559564 0.130179
0.104836 -0.570605 0.124275
0.191507 -0.227847 -0.013633
0.198280 -0.233210 0.002823
0.199303 -0.248378 -0.001949
0.199931 -0.232983 0.008311
0.204415 -0.258161 0.014875
0.191699 -0.241854 -0.012234
0.173784 -0.249814 0.059836
0.169761 -0.242369 0.068340
0.170834 -0.262817 0.074946
0.180210 -0.276526 0.080985
0.165963 -0.303356 0.101591
0.212119 -0.308670 0.009790
0.210589 -0.299524 0.016345
0.208520 -0.285338 0.017210
0.199722 -0.277234 0.020861
0.210149 -0.326721 0.002396
0.213052 -0.335359 0.010473
0.202404 -0.335317 0.031593
0.175596 -0.266658 0.061877
0.184987 -0.285044 0.034279
0.211545 -0.333057 0.022563
0.189752 -0.288444 0.017868
0.178140 -0.308151 0.063513
0.184854 -0.297119 0.039377
0.186307 -0.278334 0.019380
0.192718 -0.326864 0.019368
0.203957 -0.304175 0.025012
0.187899 -0.298333 0.025500
0.182586 -0.257143 0.020402
0.197337 -0.299214 0.024852
0.188203 -0.317247 0.026841
0.180592 -0.237325 0.026847
0.177664 -0.235960 0.044565
0.167828 -0.230810 0.068273
0.171515 -0.597333 0.051677
0.166958 -0.574263 0.099050
0.169999 -0.604852 0.088206
0.174035 -0.561612 0.075732
0.147901 -0.545176 0.119689
0.172082 -0.585280 0.063777
0.164615 -0.608445 0.046810
0.168035 -0.594754 0.095366
0.159899 -0.552439 0.041746
0.170231 -0.558357 0.093711
0.146656 -0.596546 0.025284
0.143015 -0.607192 0.035879
0.155163 -0.565872 0.112487
0.174228 -0.557376 0.056704
0.167779 -0.539759 0.047800
0.176538 -0.537734 0.067929
0.160526 -0.529747 0.019947
0.160270 -0.521057 0.036300
0.120124 -0.539705 0.131416
0.132259 -0.546136 0.127249
0.142941 -0.526182 0.123582
0.138552 -0.493130 0.126536
0.127669 -0.508403 0.130689
0.156908 -0.534928 0.031345
0.113820 -0.518041 0.128700
0.123859 -0.495422 0.130509
0.172934 -0.525284 0.056070
0.164175 -0.522639 0.108475
0.161431 -0.512323 0.112976
0.172667 -0.509947 0.096041
0.167768 -0.547479 0.101109
0.176528 -0.505840 0.062212
0.177106 -0.498259 0.072931
0.165534 -0.485469 0.032394
0.168617 -0.499610 0.044556
0.160827 -0.486637 0.115262
0.150972 -0.478664 0.120210
0.150107 -0.504617 0.121048
0.165170 -0.433937 0.115001
0.171652 -0.482385 0.105148
0.174010 -0.475643 0.049479
0.177028 -0.468810 0.077187
0.176184 -0.491190 0.057849
0.162704 -0.465682 0.115328
0.174551 -0.457492 0.102388
0.146872 -0.465324 0.121825
0.132058 -0.464536 0.127746
0.128951 -0.447963 0.127446
0.150064 -0.436756 0.119214
0.165462 -0.389264 0.112360
0.116267 -0.410834 0.120508
0.100676 -0.437123 0.119021
0.088301 -0.429963 0.119866
0.142584 -0.413413 0.121094
0.116013 -0.398008 0.119936
0.097463 -0.406736 0.123375
0.117815 -0.385536 0.119329
0.138668 -0.440206 0.124568
0.061044 -0.424191 0.119757
0.165232 -0.638528 -0.045776
0.174556 -0.601313 -0.041338
0.215364 -0.591015 0.027594
0.220533 -0.549047 0.011922
0.211719 -0.549284 0.034137
0.222862 -0.653200 0.012801
0.216093 -0.649808 0.025942
0.216150 -0.643324 -0.012222
0.203323 -0.648986 0.035072
0.198336 -0.629311 0.038762
0.182238 -0.645918 0.041022
0.217222 -0.604985 -0.007088
0.216357 -0.621225 0.025090
0.221619 -0.603001 0.013909
0.187820 -0.626842 0.043299
0.193011 -0.490308 -0.029654
0.195239 -0.474648 -0.025743
0.206265 -0.488877 -0.010760
0.216037 -0.478153 0.006076
0.218899 -0.516228 0.009063
0.205983 -0.540213 0.040337
0.219181 -0.531191 0.020675
0.179254 -0.528670 0.036880
0.194850 -0.552225 0.044634
0.201582 -0.510446 0.042064
0.219378 -0.498362 0.018414
0.171469 -0.557208 0.028120
0.205104 -0.460841 0.040362
0.214366 -0.471246 0.034268
0.181970 -0.558380 0.043475
0.186605 -0.538031 0.045029
0.175123 -0.572218 0.039440
0.189642 -0.523378 0.044658
0.203520 -0.521501 0.040805
0.217979 -0.465372 0.014427
0.217147 -0.486468 0.029824
0.190213 -0.569191 0.045593
0.216296 -0.514598 0.030921
0.181447 -0.507794 0.036638
0.210858 -0.503543 0.037134
0.199310 -0.493257 0.043263
0.186422 -0.514315 0.042903
0.192469 -0.504058 0.044109
0.175862 -0.553530 0.035074
0.161056 -0.571151 0.019156
0.171277 -0.577593 0.050218
0.154131 -0.565548 0.034291
0.151737 -0.558377 0.025338
0.159311 -0.571763 0.043703
0.182853 -0.576774 0.044381
0.149894 -0.572633 0.030018
0.149355 -0.582161 0.036684
0.199639 -0.596517 0.039708
0.188673 -0.590815 0.044957
0.214529 -0.578551 0.030382
0.196088 -0.580561 0.043122
0.200382 -0.457686 -0.015266
0.183506 -0.355210 0.038595
0.185282 -0.357140 0.026528
0.179552 -0.356528 0.060802
0.186609 -0.336523 0.032194
0.192226 -0.345170 0.025590
0.204759 -0.365063 0.032576
0.197805 -0.383589 0.029816
0.189927 -0.368598 0.031195
0.183084 -0.373999 0.030332
0.177885 -0.378105 0.068255
0.209165 -0.343968 0.027380
0.197869 -0.355437 0.033201
0.187162 -0.349965 0.020459
0.173114 -0.360344 0.075362
0.173839 -0.372193 0.076104
0.178159 -0.365305 0.089553
0.172579 -0.347066 0.082211
0.175557 -0.337693 0.067988
0.177871 -0.326037 0.096443
0.173739 -0.349564 0.105385
0.177885 -0.344882 0.091522
0.163063 -0.375409 0.110987
0.176578 -0.372637 0.103540
0.179350 -0.385971 0.099842
0.168556 -0.408704 0.111994
0.172174 -0.330028 0.076380
0.153339 -0.405555 0.115287
0.173039 -0.420845 0.109770
0.168962 -0.323353 0.103622
0.154931 -0.421983 0.116877
0.179076 -0.406470 0.098101
0.176317 -0.296525 0.066351
0.179840 -0.308168 0.085744
0.171923 -0.309328 0.079654
0.171130 -0.283343 0.073159
0.177227 -0.286831 0.077882
0.177329 -0.420272 0.092455
0.177402 -0.416270 0.067772
0.178456 -0.400154 0.048284
0.178431 -0.434836 0.063032
0.174755 -0.404411 0.079938
0.178544 -0.395271 0.058450
0.174430 -0.419093 0.027065
0.190530 -0.446290 0.037570
0.175497 -0.431203 0.105541
0.178390 -0.447990 0.069887
0.176677 -0.462280 0.064064
0.174267 -0.455612 0.046581
0.176752 -0.442408 0.051719
0.170781 -0.442095 0.031076
0.149442 -0.652426 0.103749
0.129233 -0.652523 0.115010
0.150663 -0.663388 0.100250
0.110125 -0.645950 0.116219
0.143716 -0.669692 0.102764
0.151316 -0.617383 0.042377
0.127738 -0.373760 0.117930
0.136770 -0.368453 0.113224
0.185258 -0.626884 -0.027715
0.220188 -0.584174 0.014952
0.218043 -0.565895 0.021707
0.209224 -0.568598 0.036122
0.193585 -0.608667 0.041665
0.208399 -0.611395 0.033749
0.175448 -0.606490 0.040149
0.180976 -0.597328 0.045016
0.181762 -0.615048 0.044429
0.174869 -0.624638 0.039908
0.151708 -0.583120 0.021052
0.171730 -0.587266 0.034052
0.158953 -0.616165 0.018176
0.159852 -0.601563 0.018611
0.168169 -0.614803 0.030531
0.146053 -0.635918 0.018309
0.137438 -0.652233 0.021167
0.146552 -0.622563 0.020253
0.153595 -0.643492 0.016180
0.176999 -0.527827 0.029413
0.188392 -0.447334 0.026134
0.188169 -0.472528 0.031515
0.191120 -0.456990 0.039508
0.171121 -0.464955 0.039187
0.145045 -0.386324 0.113845
0.152888 -0.389297 0.113778
0.150969 -0.360974 0.109525
0.161856 -0.340919 0.105435
0.173106 -0.647314 0.036465
0.222414 -0.621773 0.006925
0.162578 -0.503588 0.033135
0.187454 -0.494536 0.041358
0.168377 -0.492141 0.020641
0.183770 -0.486363 0.029546
0.176377 -0.451659 0.022475
0.167310 -0.471175 0.028136
0.145731 -0.637862 0.041409
0.183333 -0.329685 0.048329
0.062648 -0.106486 -0.076167
0.032469 -0.105902 -0.078345
0.017420 -0.106237 -0.076958
0.003551 -0.107055 -0.076321
-0.015089 -0.107033 -0.076198
-0.031779 -0.107982 -0.075958
-0.046566 -0.107455 -0.078553
-0.061113 -0.105318 -0.082616
-0.072037 -0.098745 -0.075022
-0.039144 -0.689417 -0.123584
-0.029190 -0.687693 -0.115807
-0.017228 -0.684993 -0.108945
0.000213 -0.680484 -0.106774
0.012670 -0.677230 -0.111146
0.028192 -0.673895 -0.121381
0.034228 -0.674128 -0.128773
0.039145 -0.677484 -0.140537
0.050493 -0.679873 -0.141520
0.065670 -0.679137 -0.137466
0.079292 -0.678097 -0.116904
0.094905 -0.675615 -0.077692
0.111008 -0.675475 -0.071726
0.093151 -0.201601 -0.099815
0.117180 -0.195040 -0.085813
0.080175 -0.117988 -0.075626
-0.057995 -0.118412 -0.082076
-0.056506 -0.132064 -0.084191
-0.055572 -0.150182 -0.089574
-0.057743 -0.171643 -0.096650
-0.067821 -0.181468 -0.099277
-0.079870 -0.214582 -0.107376
-0.082320 -0.234870 -0.111571
-0.047920 -0.185205 -0.102838
-0.041443 -0.232370 -0.115973
-0.007030 -0.120319 -0.082782
-0.003826 -0.139346 -0.092608
0.003407 -0.174830 -0.106401
-0.000211 -0.191196 -0.109838
0.017321 -0.193014 -0.122930
0.025810 -0.217638 -0.131992
0.033568 -0.239830 -0.137674
0.031387 -0.121263 -0.078000
0.031067 -0.152809 -0.090454
0.031559 -0.171400 -0.096373
0.040412 -0.213134 -0.110891
-0.033976 -0.121240 -0.087125
-0.039081 -0.135028 -0.096758
-0.049364 -0.156916 -0.108723
-0.060937 -0.206123 -0.119624
-0.061779 -0.221349 -0.120568
0.017875 -0.154415 -0.098204
0.015394 -0.193274 -0.105020
0.010353 -0.167546 -0.095492
0.011551 -0.122471 -0.084544
0.013440 -0.131739 -0.082503
0.011372 -0.115561 -0.077310
-0.047788 -0.202179 -0.115673
-0.044405 -0.234087 -0.120321
-0.043257 -0.146108 -0.096096
-0.066358 -0.214977 -0.115079
-0.059100 -0.148860 -0.100364
0.012991 -0.139018 -0.098459
0.057502 -0.128506 -0.082801
0.002391 -0.125691 -0.090745
0.028543 -0.206254 -0.121814
0.025598 -0.219632 -0.128709
0.032014 -0.233739 -0.129082
0.011626 -0.161249 -0.101862
0.010403 -0.141664 -0.092073
-0.013179 -0.223655 -0.113272
-0.028529 -0.218766 -0.112739
0.007422 -0.182304 -0.101303
0.002581 -0.168640 -0.098929
0.004407 -0.154337 -0.091529
-0.010027 -0.180905 -0.104289
-0.031928 -0.178964 -0.100081
-0.044008 -0.151430 -0.088193
-0.033605 -0.123291 -0.078452
-0.076935 -0.120863 -0.080495
0.054256 -0.117404 -0.080593
0.038367 -0.218125 -0.126730
0.017950 -0.168985 -0.113159
0.031399 -0.191847 -0.117841
0.023585 -0.144586 -0.091027
0.017313 -0.215374 -0.111348
0.009413 -0.204986 -0.109514
0.024946 -0.184529 -0.101630
0.018317 -0.157695 -0.091376
-0.029395 -0.195808 -0.106287
-0.044284 -0.127731 -0.079510
0.070546 -0.130363 -0.083230
0.028869 -0.164062 -0.100131
0.023233 -0.133749 -0.085991
0.024824 -0.204340 -0.108447
0.003914 -0.229436 -0.118168
-0.012837 -0.190598 -0.106220
0.001927 -0.211975 -0.114455
-0.000349 -0.163554 -0.102174
-0.046755 -0.116483 -0.077349
-0.103276 -0.220922 -0.099717
-0.086047 -0.140551 -0.084946
-0.001212 -0.128343 -0.082010
-0.070356 -0.613457 -0.127102
-0.086012 -0.327014 -0.113515
-0.120695 -0.107984 -0.053522
0.018885 -0.183983 -0.114115
0.037186 -0.199610 -0.113222
0.029689 -0.129598 -0.079024
-0.051841 -0.177054 -0.107744
-0.049475 -0.215197 -0.119601
-0.044445 -0.211210 -0.111006
-0.066815 -0.263089 -0.121475
-0.067112 -0.190507 -0.109808
-0.074018 -0.193797 -0.102443
-0.065312 -0.175157 -0.108681
-0.121125 -0.255006 -0.094511
-0.062575 -0.161963 -0.102163
-0.056740 -0.161724 -0.107019
-0.052209 -0.117621 -0.090086
-0.052816 -0.136984 -0.098249
-0.057823 -0.136672 -0.092615
-0.117312 -0.121868 -0.064112
-0.021017 -0.120459 -0.078699
-0.021883 -0.136103 -0.084330
0.011146 -0.152178 -0.104938
0.043938 -0.174043 -0.107346
0.030845 -0.220316 -0.112491
-0.130823 -0.141063 -0.058312
0.104406 -0.646780 -0.073294
-0.053012 -0.503866 -0.130067
0.055836 -0.372795 -0.135536
0.048481 -0.275963 -0.132014
0.090639 -0.274599 -0.110841
-0.099641 -0.667789 -0.115756
-0.052040 -0.167215 -0.101975
0.114942 -0.226376 -0.095103
0.036883 -0.216036 -0.115326
0.045215 -0.221004 -0.119358
0.067307 -0.146283 -0.088577
-0.056002 -0.174478 -0.115697
-0.101671 -0.121174 -0.075170
0.038337 -0.221218 -0.124007
0.053892 -0.206062 -0.113335
0.034492 -0.181292 -0.112555
-0.125261 -0.120769 -0.055296
0.117985 -0.649454 -0.065954
0.097975 -0.320007 -0.106263
-0.090069 -0.686426 -0.122054
0.025251 -0.157344 -0.103220
0.022446 -0.137709 -0.094177
-0.056796 -0.230086 -0.122276
-0.139455 -0.232404 -0.074484
-0.117534 -0.176095 -0.081467
0.077794 -0.240962 -0.113304
0.069164 -0.668107 -0.129970
0.070268 -0.660332 -0.125989
0.044793 -0.669866 -0.141087
0.048208 -0.665532 -0.141213
0.077499 -0.417847 -0.106962
0.050247 -0.255910 -0.129345
0.141850 -0.279251 -0.079061
0.117045 -0.289149 -0.097816
-0.044758 -0.676979 -0.127312
-0.010118 -0.671011 -0.108463
-0.086377 -0.641906 -0.122401
-0.060105 -0.238955 -0.121857
-0.011232 -0.311362 -0.114070
-0.034295 -0.273521 -0.119041
-0.044000 -0.247545 -0.122732
-0.037060 -0.246930 -0.117660
-0.112281 -0.141325 -0.075762
-0.134382 -0.181527 -0.068311
0.058560 -0.673704 -0.140944
0.040216 -0.678675 -0.140850
0.124768 -0.553209 -0.081984
0.036518 -0.661104 -0.132951
-0.021721 -0.675018 -0.111387
0.007369 -0.667550 -0.108644
-0.132976 -0.379731 -0.086989
-0.043179 -0.241007 -0.118217
-0.028190 -0.237242 -0.116179
-0.134378 -0.196840 -0.072557
-0.101466 -0.158760 -0.087225
0.110882 -0.612292 -0.073931
0.127161 -0.484150 -0.091364
0.098376 -0.346811 -0.105495
-0.129920 -0.424012 -0.090255
0.056994 -0.247546 -0.121522
0.073471 -0.271424 -0.115265
0.092329 -0.295328 -0.109597
0.074603 -0.290192 -0.114496
0.064065 -0.316263 -0.121706
-0.034520 -0.681404 -0.119781
-0.040973 -0.666421 -0.125748
-0.050491 -0.689549 -0.128583
-0.118879 -0.634138 -0.099812
-0.109273 -0.604193 -0.102483
-0.118977 -0.377469 -0.098414
-0.143229 -0.380068 -0.079146
-0.014585 -0.247296 -0.116146
-0.022786 -0.263549 -0.117271
0.122078 -0.587167 -0.076750
0.090693 -0.641891 -0.083652
0.080438 -0.629217 -0.097914
0.127212 -0.461512 -0.092165
0.132194 -0.440990 -0.088865
0.148844 -0.441209 -0.073506
0.038491 -0.675161 -0.137061
-0.119875 -0.510676 -0.097764
-0.110286 -0.569362 -0.100416
0.122394 -0.380879 -0.094009
0.045694 -0.296135 -0.127160
-0.069124 -0.687487 -0.132134
-0.050690 -0.652253 -0.130704
-0.010960 -0.653571 -0.109906
-0.026323 -0.646172 -0.115084
-0.032638 -0.664055 -0.119414
-0.035930 -0.643251 -0.123225
-0.132937 -0.333972 -0.086813
-0.035492 -0.263592 -0.119415
0.109250 -0.457486 -0.097682
0.141790 -0.482698 -0.079421
-0.090295 -0.465157 -0.113286
0.112373 -0.338473 -0.101370
0.041396 -0.293023 -0.146075
-0.017052 -0.632156 -0.112240
-0.006604 -0.602868 -0.111512
-0.078188 -0.598046 -0.119208
-0.136093 -0.300121 -0.085241
-0.028817 -0.280145 -0.118354
-0.020850 -0.289205 -0.116799
0.017697 -0.261147 -0.115674
-0.043795 -0.287127 -0.124083
-0.006250 -0.277722 -0.114177
0.023213 -0.249705 -0.116306
-0.032947 -0.291320 -0.120352
-0.038086 -0.284290 -0.121864
-0.040259 -0.310960 -0.124118
-0.047698 -0.275623 -0.124402
-0.038999 -0.271387 -0.122160
0.012495 -0.236402 -0.114756
0.005778 -0.254597 -0.120157
-0.002030 -0.241406 -0.115529
-0.006580 -0.254529 -0.115256
-0.030373 -0.254735 -0.118013
0.079616 -0.656480 -0.109625
0.107191 -0.529686 -0.090650
0.004823 -0.656775 -0.108740
0.020183 -0.662641 -0.116178
0.029951 -0.652592 -0.123707
0.039677 -0.650796 -0.135960
0.040575 -0.654216 -0.139570
0.038057 -0.638949 -0.133021
0.124092 -0.406723 -0.093912
0.071576 -0.348718 -0.115154
0.082841 -0.333953 -0.108990
0.036914 -0.251517 -0.133521
0.053257 -0.294985 -0.129571
-0.045532 -0.265308 -0.123443
0.109696 -0.490506 -0.094908
0.087515 -0.539101 -0.099211
0.120276 -0.511312 -0.090328
0.135689 -0.530708 -0.080915
0.082324 -0.498165 -0.102548
0.100201 -0.424350 -0.101168
0.115279 -0.429300 -0.097061
0.108541 -0.383609 -0.099827
0.033029 -0.242954 -0.134362
0.044659 -0.243183 -0.125025
0.050135 -0.255693 -0.125187
0.039441 -0.272928 -0.143151
-0.005792 -0.631329 -0.110859
-0.029678 -0.623123 -0.118832
-0.015866 -0.602094 -0.113609
-0.049564 -0.611140 -0.131238
-0.055133 -0.578322 -0.130653
-0.054039 -0.627123 -0.130589
0.098380 -0.589836 -0.085819
0.110764 -0.573771 -0.083552
0.076901 -0.542296 -0.107427
0.045741 -0.260873 -0.129833
0.034467 -0.260990 -0.141894
0.035446 -0.251929 -0.141200
0.037036 -0.270117 -0.138529
0.037828 -0.281159 -0.144018
0.044044 -0.283964 -0.141007
0.038439 -0.291816 -0.137024
0.044338 -0.264193 -0.136778
0.042602 -0.265630 -0.117527
0.051422 -0.308176 -0.133520
-0.039926 -0.620744 -0.128000
-0.028273 -0.583423 -0.121016
-0.026273 -0.605893 -0.117939
-0.041687 -0.590606 -0.130057
0.080907 -0.554515 -0.102452
0.041385 -0.307047 -0.144855
0.042976 -0.303349 -0.145628
0.042621 -0.283093 -0.126988
0.048134 -0.269779 -0.125397
-0.045965 -0.632970 -0.130200
-0.005032 -0.552021 -0.112552
0.072892 -0.557052 -0.115306
0.083177 -0.584830 -0.098703
0.039284 -0.289898 -0.125052
0.019432 -0.283816 -0.113633
0.044898 -0.290399 -0.114454
0.045945 -0.277939 -0.118340
0.033937 -0.275401 -0.116526
0.003898 -0.268319 -0.119346
0.069026 -0.551006 -0.124120
-0.018110 -0.582638 -0.115174
0.053768 -0.511120 -0.141875
0.077625 -0.516542 -0.107525
0.071821 -0.491418 -0.118803
0.071118 -0.526769 -0.120380
0.066960 -0.505960 -0.128639
0.050880 -0.496137 -0.142262
0.058224 -0.502524 -0.138089
0.062143 -0.494473 -0.133762
0.055180 -0.492065 -0.140295
0.051862 -0.467752 -0.141594
0.057017 -0.478690 -0.138742
0.049944 -0.480539 -0.142031
0.047772 -0.494902 -0.141841
0.078601 -0.475232 -0.105867
0.050878 -0.536285 -0.143711
0.083461 -0.451840 -0.103077
0.072704 -0.477173 -0.116504
0.055250 -0.460711 -0.139418
0.062519 -0.465459 -0.132255
0.046869 -0.418970 -0.141474
0.050825 -0.424511 -0.140888
0.058671 -0.444888 -0.135931
0.062465 -0.427614 -0.128935
0.067189 -0.480203 -0.126736
0.065008 -0.537649 -0.132272
0.060193 -0.548637 -0.137904
0.072963 -0.451755 -0.114697
0.046317 -0.447413 -0.129657
0.055819 -0.519996 -0.140623
0.065778 -0.446738 -0.125065
0.079592 -0.433209 -0.105673
0.053779 -0.416264 -0.138849
0.062884 -0.381724 -0.124668
0.047737 -0.440874 -0.141805
0.047314 -0.428066 -0.137169
0.070706 -0.427927 -0.117276
0.066096 -0.418762 -0.123354
0.074906 -0.396140 -0.109935
0.046226 -0.435057 -0.140286
0.045589 -0.410028 -0.139135
0.048129 -0.414115 -0.132073
0.045585 -0.393862 -0.128577
0.090320 -0.371866 -0.105792
0.019952 -0.407064 -0.114377
0.047859 -0.400094 -0.142037
0.053060 -0.407813 -0.139433
0.047843 -0.399715 -0.134326
0.045216 -0.406080 -0.141291
0.048975 -0.389927 -0.141598
0.057907 -0.393125 -0.133378
0.065555 -0.395148 -0.121975
0.036308 -0.397376 -0.120572
0.014338 -0.372437 -0.113547
0.035180 -0.374047 -0.119653
0.047670 -0.385489 -0.134652
0.052632 -0.379801 -0.138659
0.060965 -0.410033 -0.129599
0.045015 -0.373921 -0.138143
0.045291 -0.375086 -0.142042
0.044310 -0.387382 -0.140396
-0.046263 -0.124937 -0.084790
0.009868 -0.120639 -0.088706
0.027795 -0.124042 -0.085207
-0.016463 -0.206616 -0.109513
-0.085603 -0.190215 -0.099658
-0.071391 -0.231151 -0.113773
-0.069358 -0.226210 -0.116697
0.056999 -0.652397 -0.141384
-0.115146 -0.432537 -0.100703
-0.122570 -0.475833 -0.097190
-0.079783 -0.464185 -0.114506
-0.100496 -0.261643 -0.106951
-0.115416 -0.291644 -0.099707
-0.131599 -0.267769 -0.087578
-0.120650 -0.296148 -0.096516
-0.093136 -0.302162 -0.110540
-0.081039 -0.257108 -0.114433
-0.071729 -0.261879 -0.116658
-0.061965 -0.279809 -0.123671
-0.069073 -0.274706 -0.119244
-0.078767 -0.278125 -0.114953
-0.054543 -0.265989 -0.123694
-0.110657 -0.308607 -0.102819
-0.070649 -0.284593 -0.117523
-0.067001 -0.284385 -0.121774
-0.056990 -0.290948 -0.124370
-0.096900 -0.275225 -0.108652
-0.079340 -0.295951 -0.114849
-0.070513 -0.309165 -0.117599
-0.115567 -0.348528 -0.100397
-0.052482 -0.370245 -0.128005
-0.064999 -0.306899 -0.122355
-0.044779 -0.335519 -0.125779
-0.055608 -0.326261 -0.126320
-0.051235 -0.316686 -0.125691
-0.056586 -0.339665 -0.126888
-0.065631 -0.345552 -0.119269
-0.076960 -0.336703 -0.115258
-0.084887 -0.356349 -0.114451
-0.122302 -0.212021 -0.086082
0.042778 -0.639324 -0.142798
0.045152 -0.648316 -0.142382
0.041386 -0.651995 -0.142144
0.040942 -0.640596 -0.142055
0.076109 -0.595480 -0.106461
0.047765 -0.240879 -0.121153
0.027868 -0.231018 -0.114811
0.038728 -0.254050 -0.117712
0.030514 -0.261214 -0.116836
-0.018208 -0.309288 -0.115265
-0.030339 -0.312890 -0.119630
0.043239 -0.319676 -0.120590
0.035074 -0.300715 -0.114271
0.047255 -0.302159 -0.119721
0.019196 -0.304369 -0.113488
0.007648 -0.290523 -0.117048
0.008420 -0.313098 -0.113935
-0.023280 -0.321190 -0.116746
-0.004676 -0.319080 -0.112621
-0.086215 -0.589167 -0.113809
-0.072780 -0.562999 -0.122982
-0.085473 -0.538459 -0.113832
-0.091710 -0.521173 -0.111106
-0.079157 -0.516836 -0.115704
-0.055352 -0.530893 -0.129927
-0.069111 -0.525112 -0.120455
0.102101 -0.404441 -0.101709
-0.034505 -0.601848 -0.125310
0.047627 -0.318514 -0.140745
0.055584 -0.335835 -0.132812
0.060686 -0.330274 -0.124378
0.063212 -0.364920 -0.121338
0.055542 -0.359785 -0.135718
0.002245 -0.279339 -0.118102
0.048337 -0.519167 -0.140790
0.048464 -0.511903 -0.143042
0.046775 -0.458165 -0.141690
0.047063 -0.468426 -0.141369
0.048349 -0.458834 -0.133808
0.048074 -0.492669 -0.135192
0.047967 -0.516704 -0.136905
0.044089 -0.523612 -0.131151
0.040835 -0.533624 -0.129016
0.043906 -0.499720 -0.129507
0.036656 -0.505537 -0.125236
0.027525 -0.504950 -0.116775
0.031180 -0.520938 -0.120481
-0.009954 -0.470085 -0.116097
0.019307 -0.488155 -0.113456
0.047380 -0.446742 -0.135970
0.046943 -0.427006 -0.130985
0.039248 -0.432501 -0.123000
0.040453 -0.415027 -0.123950
0.016937 -0.440584 -0.112454
-0.001715 -0.404961 -0.112544
0.036743 -0.462967 -0.122029
0.004226 -0.438788 -0.110916
0.030938 -0.448967 -0.117894
0.044017 -0.470006 -0.127911
0.030061 -0.473816 -0.118806
0.035693 -0.480692 -0.122506
-0.002706 -0.484730 -0.115112
0.022106 -0.465991 -0.114365
-0.040926 -0.420378 -0.127864
-0.056296 -0.422168 -0.127576
-0.020394 -0.422944 -0.119287
-0.035565 -0.432982 -0.126972
-0.023222 -0.444104 -0.121323
-0.013763 -0.438030 -0.117624
0.073327 -0.412199 -0.112628
0.048050 -0.369569 -0.128562
-0.106093 -0.192586 -0.093705
-0.049259 -0.350824 -0.127485
-0.037305 -0.327688 -0.124238
-0.033163 -0.341907 -0.123363
-0.078088 -0.383097 -0.115428
-0.087757 -0.395910 -0.113931
-0.060096 -0.362982 -0.124885
-0.025670 -0.364018 -0.120071
-0.038824 -0.366866 -0.126184
-0.035869 -0.351310 -0.124221
0.042801 -0.303018 -0.131861
0.024947 -0.313240 -0.113178
0.015034 -0.326274 -0.112621
-0.017006 -0.354502 -0.115726
-0.025566 -0.353676 -0.119981
0.015246 -0.344372 -0.114034
-0.069510 -0.479805 -0.118012
0.042139 -0.323662 -0.142286
0.042044 -0.318754 -0.145073
0.044092 -0.333267 -0.143495
0.047252 -0.344806 -0.141303
0.042519 -0.332896 -0.140687
0.049391 -0.324152 -0.127764
0.047273 -0.324939 -0.132474
0.047998 -0.312542 -0.122519
0.049097 -0.333803 -0.132127
0.050016 -0.342085 -0.127932
0.049916 -0.338771 -0.131381
0.050663 -0.354611 -0.130314
0.046701 -0.308084 -0.127249
0.046899 -0.330689 -0.123349
0.045209 -0.355066 -0.137646
0.044611 -0.355163 -0.124705
0.040252 -0.338881 -0.121308
-0.037595 -0.568831 -0.128551
-0.028996 -0.559530 -0.122452
-0.046408 -0.541644 -0.131658
-0.034820 -0.546075 -0.127348
-0.023184 -0.569660 -0.118587
-0.026695 -0.526982 -0.122828
-0.043398 -0.514963 -0.131144
-0.048396 -0.557148 -0.131903
0.022661 -0.564456 -0.115791
-0.010193 -0.569087 -0.113073
-0.015247 -0.542697 -0.115795
-0.001769 -0.530257 -0.112959
0.005184 -0.557735 -0.112785
0.035791 -0.545647 -0.125138
0.026239 -0.550684 -0.118035
0.030027 -0.413933 -0.116782
0.008664 -0.390053 -0.112527
0.008018 -0.415258 -0.111329
-0.040234 -0.450024 -0.128973
-0.022600 -0.511865 -0.120266
-0.034219 -0.514184 -0.127133
-0.030178 -0.502864 -0.125195
-0.020642 -0.472793 -0.120559
-0.013706 -0.516900 -0.115031
-0.014615 -0.484111 -0.117299
0.009454 -0.473477 -0.111737
-0.058035 -0.449542 -0.126548
0.015125 -0.509819 -0.113021
-0.045275 -0.467873 -0.131149
-0.049171 -0.442611 -0.130076
-0.035632 -0.472020 -0.128015
-0.070430 -0.432833 -0.115475
-0.024364 -0.486563 -0.121817
-0.039206 -0.495409 -0.130294
-0.052510 -0.486220 -0.130194
0.074923 -0.633632 -0.108964
-0.085406 -0.428501 -0.114390
-0.069394 -0.389675 -0.115902
-0.054010 -0.387607 -0.128806
-0.056403 -0.412562 -0.127702
-0.024626 -0.380003 -0.119785
-0.015313 -0.379313 -0.115458
-0.029125 -0.395315 -0.122446
-0.035830 -0.383617 -0.125366
-0.015198 -0.392384 -0.115688
-0.002093 -0.375612 -0.111908
-0.015310 -0.343970 -0.114937
-0.005909 -0.339573 -0.112514
0.026152 -0.356930 -0.115611
-0.001082 -0.361354 -0.112602
-0.029363 -0.416582 -0.123169
-0.033173 -0.403327 -0.124278
-0.043583 -0.402427 -0.127775
-0.022112 -0.401254 -0.119547
0.042613 -0.314626 -0.140407
0.042388 -0.343792 -0.141809
0.042905 -0.358502 -0.142397
0.047639 -0.346488 -0.134342
0.016489 -0.561691 -0.113812
0.011395 -0.575962 -0.113945
0.041762 -0.614194 -0.135937
0.029132 -0.621425 -0.121871
0.037655 -0.613709 -0.131116
0.032952 -0.603827 -0.124640
0.032567 -0.628966 -0.126373
0.016355 -0.621477 -0.113092
0.022301 -0.608878 -0.115799
0.024067 -0.580962 -0.116416
0.009504 -0.632282 -0.110550
0.025185 -0.592800 -0.117099
0.042265 -0.618427 -0.143129
0.010333 -0.600296 -0.113176
0.057354 -0.626281 -0.140671
0.053096 -0.639209 -0.142817
0.033984 -0.567923 -0.124271
0.030864 -0.560315 -0.121530
0.035610 -0.588841 -0.126511
0.042380 -0.596803 -0.135196
0.041113 -0.579356 -0.132465
0.051235 -0.611644 -0.143223
0.046484 -0.623968 -0.143417
0.031275 -0.575746 -0.121919
0.045073 -0.583065 -0.138333
0.044157 -0.604344 -0.143677
0.058993 -0.584046 -0.138693
0.049104 -0.559973 -0.144480
0.042214 -0.625339 -0.138866
0.045523 -0.589081 -0.140699
0.047188 -0.567734 -0.140461
0.070005 -0.572354 -0.121742
0.075545 -0.572595 -0.109221
0.065556 -0.557357 -0.130522
0.061000 -0.570216 -0.136819
0.047847 -0.542052 -0.138849
0.071200 -0.589645 -0.118450
0.063105 -0.604738 -0.134384
0.051247 -0.575781 -0.143871
0.055082 -0.560344 -0.141980
0.056522 -0.541415 -0.141090
0.047554 -0.534621 -0.143165
0.044701 -0.547436 -0.134874
0.068226 -0.611756 -0.124007
0.057629 -0.597938 -0.139888
0.048273 -0.595398 -0.144157
0.047080 -0.569480 -0.144437
0.066614 -0.581076 -0.128870
0.021180 -0.633145 -0.115579
0.012996 -0.650038 -0.111283
0.067774 -0.632859 -0.123701
0.063379 -0.636153 -0.134187
0.040053 -0.556160 -0.130309
0.043217 -0.565996 -0.134383
0.038802 -0.563296 -0.129325
0.020134 -0.526347 -0.114310
0.094933 -0.066503 -0.055910
0.133553 -0.056537 -0.000065
0.136802 -0.053072 0.023000
0.133638 -0.050755 0.046527
0.124713 -0.048404 0.067605
0.111800 -0.047683 0.085021
0.098361 -0.047313 0.098424
0.053630 -0.047153 0.133449
0.034242 -0.048829 0.140881
0.008452 -0.051679 0.144567
-0.004200 -0.051358 0.144578
-0.024693 -0.050829 0.142669
-0.075913 -0.045251 0.116994
0.142465 -0.089408 -0.004387
0.112226 -0.062559 -0.040627
0.140190 -0.070162 0.024935
0.101921 -0.089695 -0.055974
0.112144 -0.070186 0.088731
0.132655 -0.069493 0.061493
0.090235 -0.076883 -0.057492
0.109131 -0.078840 -0.047384
0.080815 -0.046718 0.114896
0.124894 -0.058378 -0.021698
-0.064984 -0.046130 0.125279
-0.048956 -0.048377 0.134576
0.018541 -0.073778 0.150951
0.122414 -0.063305 0.075606
-0.001866 -0.069899 -0.060315
-0.037171 -0.069805 -0.071366
-0.056879 -0.070026 -0.071329
-0.075247 -0.069252 -0.068156
-0.091704 -0.067320 -0.061612
-0.105892 -0.064547 -0.051464
-0.117563 -0.061332 -0.038665
-0.128612 -0.058181 -0.021455
-0.134542 -0.051218 -0.006817
-0.137986 -0.049349 0.005635
-0.134494 -0.042095 0.046152
-0.125792 -0.040884 0.063886
-0.104130 -0.042961 0.097214
-0.086060 -0.044789 0.108001
0.084742 -0.099721 -0.068040
-0.124292 -0.077902 -0.043750
0.010697 -0.086215 -0.067763
0.047649 -0.087248 -0.073410
-0.053036 -0.087901 -0.079291
-0.135152 -0.072207 -0.012297
-0.113436 -0.042219 0.080626
0.043522 -0.070745 -0.068451
-0.144947 -0.065056 0.002585
-0.138994 -0.043491 0.024502
-0.138006 -0.059715 0.055709
-0.145459 -0.063075 0.026852
-0.112141 -0.081593 0.104889
-0.136085 -0.076842 -0.028313
-0.029913 -0.085686 -0.068572
-0.099004 -0.097051 -0.068657
0.066864 -0.070072 -0.066108
