1 2 3
4 5 6
7 8 9
10 11 12
14 15 16
17 18 19
21 22 23
24 25 26
27 28 29
30 31 32
33 34 35
36 37 38
39 37 40
41 42 43
44 45 46
47 48 49
50 51 52
53 54 55
56 57 58
59 60 61
62 63 64
65 63 66
67 68 69
70 71 72
73 74 75
76 77 78
79 77 80
81 82 83
84 85 86
87 88 89
90 91 92
93 94 95
96 97 98
99 100 101
102 103 104
105 106 107
108 106 109
110 111 112
113 114 104
115 116 117
118 119 120
121 122 123
124 125 88
126 127 18
128 129 130
131 132 133
90 136 137
138 139 140
138 140 141
142 143 144
145 146 147
148 149 150
152 97 153
155 156 157
158 156 48
159 160 161
162 163 164
165 166 167
168 169 170
171 172 173
174 175 176
177 47 178
180 181 182
183 184 185
12 186 187
188 189 190
191 192 193
194 195 196
197 198 199
200 201 202
204 205 206
207 208 209
210 211 212
213 214 215
216 217 218
219 220 221
222 223 224
223 225 226
227 228 229
230 231 232
233 234 235
236 237 238
239 240 241
242 243 244
245 246 247
248 246 249
146 145 250
251 252 253
254 255 256
123 257 258
259 260 261
262 263 264
266 267 268
269 270 271
272 273 274
275 276 277
278 279 280
281 282 283
284 285 286
287 285 288
289 290 291
292 293 294
295 293 292
82 296 297
298 299 300
301 302 303
304 208 305
306 307 308
142 144 309
310 311 312
313 99 314
315 316 317
318 319 320
321 322 323
325 326 327
328 329 330
331 329 332
86 85 333
334 335 336
337 334 338
339 340 341
342 343 16
345 346 347
348 349 350
351 352 353
354 355 356
357 358 359
360 280 361
78 362 363
364 365 366
91 367 368
72 369 370
371 372 373
147 375 145
376 377 378
379 380 381
382 383 384
386 387 388
389 390 391
392 393 394
363 395 396
325 397 326
398 399 400
322 321 360
401 353 402
403 404 333
405 406 407
408 409 410
411 412 413
233 414 415
416 417 418
421 422 423
424 425 89
426 427 428
429 430 431
432 433 434
435 436 437
227 436 438
439 440 441
442 440 443
444 445 446
447 448 449
450 95 94
451 452 453
62 455 63
86 456 84
457 458 459
460 461 462
463 268 464
79 465 77
466 467 468
28 27 469
470 174 471
70 472 473
474 423 475
476 477 478
479 480 481
482 483 484
485 486 487
489 490 491
492 490 493
494 232 495
496 497 498
499 500 501
504 505 506
33 133 34
507 508 509
510 511 142
408 512 513
298 514 515
516 517 518
519 282 520
521 522 523
524 525 526
58 527 56
93 95 528
529 530 531
301 532 533
534 373 535
536 537 27
538 539 540
543 544 545
137 546 367
547 548 549
550 499 361
392 271 551
269 271 231
552 553 554
124 555 125
556 557 355
558 559 560
561 562 563
564 260 565
245 566 246
567 6 568
569 570 571
284 288 285
572 573 422
574 575 576
577 50 578
194 579 580
583 584 585
421 474 586
587 588 589
586 590 591
592 593 594
595 596 597
598 599 600
601 602 603
604 605 606
607 608 609
611 612 613
614 615 616
617 618 543
619 477 620
477 94 93
621 622 623
624 625 626
627 628 629
630 631 8
632 633 634
635 83 82
636 637 638
62 639 640
641 642 643
644 645 646
156 49 48
647 411 648
649 117 650
651 652 653
655 656 657
105 656 658
260 259 565
659 387 660
661 206 662
663 664 665
666 667 668
669 670 513
672 671 673
674 675 676
330 677 678
679 655 251
338 680 337
681 682 683
684 685 686
687 116 688
626 689 690
691 692 693
694 685 601
394 695 83
696 31 697
698 115 514
699 700 701
702 505 703
706 707 708
709 710 711
712 713 714
715 383 382
716 621 717
562 718 324
719 692 691
720 692 721
722 723 724
725 69 726
727 728 28
524 729 730
645 731 646
314 732 733
734 735 736
738 739 740
333 741 86
742 451 743
745 746 530
376 747 377
748 749 750
667 751 668
752 753 754
755 158 756
737 757 758
759 757 734
150 760 445
347 761 345
762 763 523
186 764 531
589 765 766
767 768 769
770 767 771
772 55 773
774 775 776
777 353 352
778 779 780
781 782 783
30 784 785
786 787 788
378 377 790
791 792 793
794 795 796
797 795 339
798 799 652
800 801 802
803 703 804
805 806 379
807 29 808
809 810 811
812 813 814
815 816 817
200 818 819
820 425 424
822 823 824
825 591 590
826 410 409
827 828 829
534 830 831
832 830 535
604 833 834
835 833 493
836 369 153
369 72 837
838 839 634
840 841 842
843 844 845
847 848 849
850 851 852
853 854 855
21 554 856
824 492 857
858 859 860
711 861 862
4 863 308
143 403 864
867 868 869
870 871 872
873 874 875
873 876 877
878 837 72
47 880 48
881 882 883
884 885 412
208 887 209
888 889 890
100 891 892
376 891 747
893 894 328
434 433 895
365 896 897
898 852 899
507 900 508
901 783 902
903 904 905
747 906 907
22 909 196
912 812 913
914 915 916
70 917 71
267 918 919
920 921 888
922 923 924
925 926 927
928 929 930
396 931 932
714 933 934
624 935 936
225 222 762
937 938 939
510 940 511
4 6 118
942 16 943
944 942 945
946 947 948
949 950 951
952 275 35
953 440 442
954 955 956
182 181 256
957 181 958
959 960 961
7 800 962
964 965 966
551 271 967
968 279 969
947 971 972
182 256 974
739 975 976
977 936 978
979 980 981
505 504 982
983 199 984
985 986 987
989 398 990
991 992 993
743 994 742
635 495 394
628 995 996
997 998 999
892 1002 1003
1004 485 776
1005 1006 1007
591 1008 586
1008 1009 1010
1011 1012 1013
1014 1015 1016
242 1017 1018
1019 1020 252
268 1021 464
1022 1023 193
731 645 1024
1025 1026 670
1027 1028 1029
1030 9 870
149 1031 128
700 847 1032
938 937 1033
1034 1035 266
1036 1015 1014
674 309 675
1037 1038 1039
982 804 703
867 105 658
105 869 106
1040 1041 1042
618 544 543
1043 1044 1045
695 1046 1047
279 1048 1049
634 1050 632
1051 1050 1052
1053 1054 977
951 1055 1056
1057 1058 310
457 296 82
1059 759 734
759 1060 1061
884 1062 785
1063 1064 1065
571 1066 1067
1068 1034 1069
1070 1071 1072
284 1074 1075
1076 1077 1078
997 1079 998
1080 1079 1081
582 464 1021
10 1082 1019
831 1083 617
1084 1085 1086
1087 1088 1089
868 1090 1091
1092 1093 1094
617 752 831
937 1095 1096
1097 1098 448
648 1099 1100
1101 1102 23
1103 43 1104
1105 1106 1107
826 1108 1109
489 1110 1111
1112 942 944
1113 1114 1115
1116 1117 1118
1112 1119 342
1120 1064 1121
1122 1123 1124
1126 189 1127
1128 661 1129
1077 1076 1130
698 1131 1132
1133 1134 314
1135 1136 1128
562 1137 718
1138 1137 769
1139 702 1140
1141 1142 924
1143 1144 1145
526 1144 1146
1147 1148 1149
1150 1151 1152
1153 1154 1155
1156 1157 1158
1159 1160 1161
604 493 833
1164 1165 1166
927 926 1167
1168 1169 1170
1171 1169 1172
923 922 910
1173 1174 1175
469 1176 1177
1178 1179 1180
1181 1026 1025
1181 1108 826
1068 821 1034
1182 1183 1184
1185 1183 1186
1187 244 341
1188 1156 1189
184 432 434
1190 724 723
125 1191 1192
1193 1194 745
1195 1196 1197
642 1195 1198
1060 689 1199
1200 1201 1202
1203 1204 1205
1206 675 309
474 421 423
1080 1142 1207
1142 1208 236
1209 1210 1211
515 299 298
1212 793 792
1213 1214 1215
1216 1217 221
949 1124 1123
1218 1219 84
475 423 1220
628 1221 995
368 546 1147
1096 1033 937
1222 1223 1224
1227 793 1071
1228 926 1229
281 283 1230
1231 1061 1199
1233 302 605
850 816 1234
1235 841 1236
336 1237 170
1238 1237 1239
1240 773 55
603 602 1241
1242 718 389
846 261 1048
1243 1244 1245
519 520 1246
838 1247 1248
1242 324 718
1249 508 1250
351 798 352
1251 1252 1233
1253 1254 1255
140 1256 1257
1258 1259 1260
36 40 37
1261 1056 1055
1074 1114 1113
888 921 1262
1263 951 950
766 1264 206
206 1265 1266
368 1147 1267
1268 1269 1149
805 379 1270
1271 1272 1273
1274 167 166
1275 1276 1277
470 547 174
1278 1279 1041
634 633 838
1280 1281 1282
142 309 510
1283 754 306
61 1284 59
1285 796 1286
915 1287 1288
1289 1290 1291
1292 1293 1294
281 520 282
1246 520 1295
1296 1297 1298
1297 843 1299
26 1300 1301
1302 1303 1304
1306 1307 1308
39 1309 1310
644 1281 1280
1311 1312 1313
989 1314 1037
1315 1316 1317
1318 1319 1320
1321 1319 1261
991 1322 1323
535 373 1324
1325 1326 1327
532 1328 1329
1330 187 186
932 931 1331
1332 1333 1174
1249 981 980
1334 1335 1336
168 405 1337
918 267 1035
163 162 1338
1339 297 1340
248 897 201
1341 1342 872
1343 1344 1345
915 914 1287
1346 1317 1347
411 413 648
1348 1349 1350
1351 782 81
1352 1353 1354
1355 1356 1357
991 1360 992
1361 1362 1004
1363 1364 1238
1365 161 160
385 500 865
1135 185 1366
750 1367 1368
1369 431 1370
889 1291 890
623 1371 621
1372 948 947
1373 1374 1375
1376 1377 1378
1379 1377 1380
391 1381 389
1382 1383 1384
1385 642 641
134 1386 775
135 134 1387
1138 389 718
459 1388 457
1389 1329 1328
1390 197 1391
1392 1393 522
295 1394 1395
1396 1350 1397
1398 1399 1400
1196 1401 1402
1403 1404 1405
1287 192 1406
1154 1407 1155
1197 1408 1198
1409 932 1410
1411 1412 342
1413 1414 1415
1416 1414 1417
1102 151 654
110 290 111
1418 132 234
13 132 203
1318 1261 1319
1419 1420 1421
1422 330 329
1423 935 1059
1185 1295 1183
137 1424 1425
1426 1427 169
974 255 440
1372 827 829
1428 828 1429
1430 402 353
1397 92 1431
1432 1433 1389
400 399 1435
1436 1437 1438
1010 1439 573
1440 1441 1442
507 1443 1444
315 987 1445
130 129 1441
1446 1447 1091
1281 1288 1448
238 922 236
1449 582 1021
761 1252 1251
1450 679 1451
98 1452 1453
1361 1454 1362
1455 621 1371
761 1251 1009
1416 1456 1457
1458 972 1459
1460 1461 1462
331 1067 1273
1463 333 404
1465 533 532
930 1466 928
1209 1467 818
1468 1348 1350
1348 1469 1349
1470 1471 913
1407 66 63
1472 1473 595
729 573 1474
289 1475 290
883 1476 1040
1477 484 1478
482 484 414
385 1479 501
1480 1481 1482
1483 1484 1485
1121 1486 1487
1488 138 1489
1490 1491 1492
1493 1494 1490
655 1495 656
1495 1450 1496
1497 1498 1499
1500 1501 215
1502 1503 1065
1504 1505 576
73 75 254
1506 1507 1508
1509 190 1313
1510 1511 1512
1020 1513 253
601 603 1514
1515 1301 1300
651 598 1516
1517 852 1518
1519 1520 1521
1173 669 1522
209 1523 1524
1437 1525 1526
1527 1108 1181
619 1241 1528
32 1529 1326
315 317 1530
427 239 241
1531 239 1532
1533 1534 1535
1536 295 1537
523 1538 762
1539 1540 1093
1372 1541 1259
72 71 878
1542 71 1202
1543 322 360
1544 1545 1546
875 874 1547
1394 1548 1549
1474 730 729
1550 1551 1552
433 1553 316
1554 356 940
375 838 1510
693 1055 1555
1556 1016 616
345 825 354
591 825 761
1557 1558 1559
604 1233 605
1047 1560 1561
1562 450 1563
439 1564 443
876 873 1565
992 1566 1567
1568 1569 946
1570 1230 283
672 1571 1572
1573 1571 1574
191 1575 1406
1576 1575 1577
1424 109 106
1578 1331 1579
666 1533 1580
1581 1535 1534
1582 169 168
287 1393 1583
19 18 87
161 1584 1585
1586 1322 1369
1587 1180 1588
475 1589 1590
1591 1501 1592
900 507 1593
262 1110 263
1594 1595 1596
1597 1466 930
544 1466 466
1598 1599 1600
1239 335 1384
853 1601 1602
394 83 635
695 394 393
1603 404 403
1604 1605 583
1606 1000 1380
1212 1607 1608
1569 118 6
1233 1252 1609
1610 1106 1611
1612 1613 772
1214 1614 1462
1330 1615 187
1523 209 887
1475 289 1616
1617 980 979
393 1618 1046
1159 1618 551
1343 26 1344
292 294 1498
1619 294 183
1620 424 1621
1498 1619 1129
1622 1623 1624
1164 1052 1050
1625 1626 1627
1448 1406 1628
1629 1335 1334
230 1630 269
1631 1630 1632
567 1459 971
1294 1210 1634
1154 720 1407
1384 1635 1382
1636 362 1637
1191 1638 1639
1640 1641 613
1642 1643 1644
1645 1643 636
1374 1444 1632
1375 1374 1215
618 617 791
1646 1647 1484
1648 41 1649
1372 947 827
626 1650 969
1652 1653 1654
1479 1543 360
319 1655 1656
1657 57 902
1658 58 1659
909 1469 1660
597 1661 1662
1564 849 1663
476 478 1664
1273 1422 329
329 894 332
1665 341 340
1639 1668 1669
1670 1668 1671
1339 494 495
148 444 1672
445 444 150
1610 1107 1106
1673 1674 1039
1395 1675 1676
787 1677 1678
1478 1680 1477
1681 45 1268
1268 391 390
230 1682 1683
231 230 269
1684 1685 1686
180 79 80
1687 465 1688
1689 1316 1690
584 1691 1692
1340 494 1339
1693 451 447
743 451 453
1661 1370 1694
1344 1685 1345
747 1695 906
1696 1697 1698
233 482 414
233 235 1699
1272 1700 1422
330 678 328
1701 1633 1702
1105 1703 1704
1590 1703 1705
302 301 533
519 264 1014
1086 1706 738
1707 1496 1708
945 1496 944
1709 1710 1591
1711 1240 1712
1713 1714 1715
1716 662 1264
1316 1717 1690
1652 1654 1552
1448 1287 1406
365 1718 896
1491 1490 1494
1719 1333 1720
1099 1720 1132
36 1721 1546
226 225 1553
466 1722 544
599 598 653
1723 1543 1724
323 322 1723
1725 625 1726
1040 1042 883
868 867 15
867 869 105
1727 929 1728
1729 1730 1549
1303 1302 400
1292 896 1293
897 896 201
1340 1731 494
1005 1732 479
1733 1734 339
1735 799 1736
1737 1738 1739
1740 1741 1742
1743 1744 1387
1663 849 848
1745 1746 1032
489 835 490
1747 1748 139
140 1748 1256
1494 1493 1103
534 371 373
17 304 305
1749 605 533
1750 1751 1519
1752 1753 683
1518 1754 726
1755 512 1756
655 657 251
1757 861 1758
1519 1521 1750
1759 1760 1761
748 1586 1277
1762 1508 1763
1410 1764 1409
87 18 127
1765 1766 1541
341 1665 1187
1767 740 976
777 1768 1426
1769 1120 1770
1212 1771 1072
1772 1773 1477
812 814 1470
76 1774 77
1775 1774 1409
1776 1777 1721
1544 1777 554
1351 1778 782
1779 1778 1561
1780 706 708
1781 1635 337
171 173 1782
1783 146 1784
854 1574 673
855 854 1208
1714 1564 1663
1785 1271 1786
738 1028 1086
1029 1028 740
953 974 440
727 1787 347
1788 668 1789
1790 1079 272
1791 1083 830
215 1501 1710
1356 1355 1792
1193 1785 1793
55 54 1794
1795 359 397
523 1796 1538
1530 1415 1457
228 1797 401
1798 872 871
1688 1799 384
261 846 259
537 536 583
776 775 1386
1800 473 1801
1500 1802 1501
818 1500 819
839 1165 634
147 1166 839
911 374 177
534 535 830
1404 355 1803
356 355 557
501 1479 360
1804 255 254
1082 187 1615
1254 1805 1806
991 1807 1322
1808 1809 1810
337 680 1811
1522 687 688
1150 811 810
1467 1812 1802
1813 1812 1814
1815 1816 881
859 1817 860
1677 249 1818
248 249 897
450 1819 1563
1819 1528 602
53 772 1613
1540 1821 1596
1161 1821 1822
1823 1824 1825
1826 1354 641
1365 460 161
1336 1140 702
1827 680 600
977 978 1053
1828 1829 1454
307 545 1830
1181 409 1026
236 924 1142
962 699 701
1295 281 1184
87 1831 88
1745 1832 1833
888 890 920
934 1834 714
1772 1834 1773
1835 1836 1837
45 1838 391
1839 175 1840
1827 1673 1039
1826 1352 1354
1516 1426 1768
96 1841 813
1531 1532 1842
1404 556 355
1034 821 1035
1846 1393 1392
1847 1848 1849
836 1612 1850
108 841 840
788 395 1636
645 1280 1024
1851 1767 1852
1185 525 730
526 525 1144
1809 1808 678
1853 1430 1854
1833 1832 1855
717 1856 716
1691 584 1857
1809 1806 1810
1436 1858 1391
687 1859 116
1860 592 1109
1481 1126 1482
1861 1132 1131
1862 1863 1864
937 939 1865
48 939 158
1866 696 697
1487 1867 506
314 1868 732
1869 1870 1577
1544 554 553
1871 1872 1873
1874 1013 1012
1481 1746 1745
649 1875 299
1003 1876 1877
1024 857 731
1531 1139 1140
1004 1362 485
1212 792 1607
990 143 864
1878 1579 1879
224 1880 222
485 488 486
1554 728 346
1213 1215 1374
1011 190 189
1726 1162 789
125 1881 88
1882 1883 1613
1638 1884 1885
912 1886 60
1064 1769 1065
605 1749 606
1853 1854 1485
49 923 178
372 207 858
1292 202 201
568 6 5
1887 1888 5
824 1024 907
1889 1665 664
1890 1112 944
1386 1891 1004
1188 1217 1157
221 1217 1893
46 102 1894
1589 1895 1896
1029 1897 1027
1835 1897 691
928 618 1227
1854 1898 1485
1687 1899 362
113 1743 114
556 1603 557
98 1841 96
1900 1901 1840
224 1903 1904
1805 1905 1235
1699 277 459
1338 1906 710
665 1907 1341
92 481 480
1908 480 1909
1910 1911 1912
1914 1535 1847
1435 1453 1303
65 1915 1916
1719 413 412
1917 219 1600
1893 219 221
1469 909 1918
391 1268 45
53 1613 1919
1020 253 252
8 701 1920
1553 433 1921
1922 967 1862
348 208 304
791 1083 792
136 1908 1236
1235 1909 1805
429 1807 1924
970 1925 660
1926 1927 1928
1929 1930 1931
1234 816 986
1932 471 744
1933 1654 1653
189 1934 1011
526 1935 524
439 443 440
131 1936 235
275 1936 33
1027 920 1937
1938 1939 1872
1092 1673 1940
1746 1480 1920
166 1018 1941
1445 1942 895
236 1208 1943
245 1944 1367
983 1437 1436
1945 274 1946
435 1680 56
1574 672 673
1947 881 1948
388 1949 386
1373 1444 1374
1373 1950 1593
1173 688 1951
611 1641 1952
157 755 1953
1661 1694 1954
1955 1661 596
34 1956 1957
251 253 1513
1958 927 509
1538 1553 225
1959 36 38
40 36 1546
217 1960 1961
1363 1383 1858
1384 1383 1239
1847 1535 1581
1284 996 995
1962 1228 1963
614 1964 1860
1965 1540 416
538 540 1966
857 606 731
721 66 720
788 1967 395
1968 1164 1969
632 1051 1970
629 1738 1971
574 681 575
804 1972 1698
1101 195 1298
196 195 23
1973 1974 1244
1975 400 1302
1717 1976 1977
1978 1272 1785
1603 403 1979
727 469 1787
1735 418 417
155 1141 923
1839 1840 1980
1742 1849 1848
1981 311 1741
1983 540 539
990 398 144
1984 1585 1915
1783 1648 1969
1059 935 1060
1985 587 1986
1023 949 1056
1231 1199 969
1988 643 1989
1990 386 1949
1184 1991 1182
1702 1992 1701
407 406 428
1993 406 1994
832 1995 1996
1997 1656 1995
180 1998 79
1864 60 1886
1209 1885 1467
938 756 158
1999 2000 2001
2002 128 1031
678 677 1255
862 861 1815
1758 861 2003
248 2004 246
1289 2005 905
1779 1657 1778
57 1657 1659
1009 2006 1010
1446 1425 1447
2007 1949 2008
2009 2010 1599
160 1552 1654
1365 160 2011
1004 1891 1361
2012 707 2013
869 1424 106
207 1927 859
898 899 817
2014 579 2015
2016 443 1714
101 100 811
30 1062 31
785 1062 30
906 1695 2017
2018 916 2019
2020 2021 1681
460 462 1584
2022 989 1037
2003 2023 2024
1766 1873 1440
2025 995 1221
2026 2027 1451
2028 1476 882
827 947 972
1582 1426 169
1991 1489 2029
1997 1817 320
1240 55 1794
73 957 1792
2030 2031 1267
2032 2031 768
975 2033 976
2034 2035 2036
1424 136 109
1329 1122 2018
2037 933 713
348 304 349
84 456 1781
1382 456 1390
1987 1679 1891
17 2038 304
1525 2039 1526
513 1522 669
2040 877 437
2041 1691 1262
2042 762 222
1258 948 2043
1517 204 1266
1932 2044 2045
1667 1666 2046
2047 822 313
1257 1256 1503
585 1692 2048
1211 1885 1209
1644 1575 1642
2049 1606 1559
2050 905 904
781 901 483
563 580 561
1884 2051 1814
430 1924 686
1976 1315 2052
1153 1321 1154
1324 1995 535
2053 124 1831
778 780 344
1789 751 2054
1594 1470 814
1800 2055 473
631 630 2056
818 202 1634
2057 1451 2027
2058 2059 2060
288 2061 287
1993 426 406
2062 426 327
710 709 1684
1883 97 2063
2064 2012 2065
805 1293 1718
1294 1293 2066
2067 2068 1624
1412 2068 343
2070 1750 1521
262 2071 1111
2072 1290 1084
892 1003 809
812 912 2073
2074 1161 1471
1372 1259 2043
1143 1145 141
1183 1182 1186
826 1109 594
562 771 1137
562 324 2075
2076 1696 1698
827 972 1429
717 2077 1856
364 806 365
1959 2078 1776
1930 2079 502
1441 1872 130
1194 746 745
746 1194 74
1421 290 1475
946 948 2080
1165 839 1166
372 305 208
432 1921 433
1432 1389 1203
959 1416 1417
1279 2081 1300
959 1113 960
2084 1158 1157
1017 1941 1018
1410 2086 1764
2087 1119 2088
882 2089 2028
666 1534 1533
479 1732 1909
1732 1810 1806
21 1102 654
1222 1192 1639
693 2090 1055
1274 1977 1378
1861 1131 1823
1135 1619 183
1129 1619 1128
2091 1428 2092
2093 1919 1613
796 1285 794
231 495 232
1418 1398 259
1398 415 1399
517 1085 2091
143 1979 403
1783 1784 1648
1320 1642 191
855 1080 1081
1080 1208 1142
328 1808 893
670 669 2094
979 2095 1567
1043 1674 1094
742 994 620
619 994 1241
457 1388 296
2096 276 952
2097 2098 2099
1419 1734 1420
2100 2010 2101
2102 2103 2104
2105 1763 1234
1346 1347 2106
1792 957 958
256 957 254
1559 1156 1158
2108 1970 1600
420 419 1645
2109 2110 2077
2111 2112 2113
744 471 2114
855 1208 1080
1130 2115 1100
1270 2116 2066
1532 326 358
327 326 2062
101 1150 1868
2117 2118 1703
1097 742 620
111 290 1420
2119 2080 1591
1356 2120 1775
80 2120 958
1459 2097 1458
2121 1051 1052
1970 1051 1598
2104 2122 2123
831 2124 534
964 966 2125
298 300 1824
2042 222 1880
1410 932 1578
1167 926 2127
733 2128 2129
1133 2129 2130
65 64 63
1651 626 625
2131 2132 2035
1968 1076 1078
2115 1076 1492
2049 1001 1606
1058 1629 1408
1027 2072 1028
1276 1244 1974
600 1940 1673
1065 1503 1063
913 2133 1886
241 1057 312
2134 2135 2136
985 1588 2137
1300 25 1279
1492 1491 2115
1285 1907 794
299 515 649
703 803 2138
1975 1302 1206
264 2139 1036
1952 1641 2140
2141 2142 2143
504 2144 982
2119 1592 1568
1393 287 2145
449 448 2146
1078 1077 2148
1646 1484 2149
2150 459 458
262 1246 2071
1555 1263 1836
773 1850 772
2142 2151 1846
2152 2153 2154
298 1823 514
466 468 1722
2104 1070 2102
1624 452 1693
453 452 1412
797 2155 2156
2157 2158 1576
568 1888 2131
1182 1991 2029
2094 1991 1230
2159 530 746
1657 1779 1659
2160 2011 1933
766 765 1264
1177 1176 1205
1782 173 1551
108 107 106
920 1027 1837
1653 173 172
1598 1600 1970
2161 1196 1580
1401 1196 1195
1851 65 721
469 27 1176
2162 993 1567
2091 1085 1088
1640 2163 1641
1820 20 1054
1942 184 434
392 231 271
1998 180 2164
1105 1403 1705
2165 2166 1550
517 2091 2092
2167 724 1190
2168 467 2169
1938 1712 760
664 340 1907
1147 1149 1269
1013 1311 1313
1516 1768 651
1316 1689 2170
1023 1056 1261
2171 1357 2172
1527 1025 1570
131 33 1936
866 865 500
1492 1968 1649
1621 1192 1222
1351 1561 1778
2173 1623 2174
1624 1623 2067
2175 2176 1694
2177 2176 694
1418 203 132
2178 2179 197
711 2003 861
2023 711 710
2072 1937 1290
2181 2182 1063
1972 1312 1311
1861 1825 2183
851 1754 852
850 1763 851
1771 2102 1072
1455 717 621
1984 2165 1550
1224 2185 1675
2186 1354 2187
46 1894 2188
997 1359 273
441 1804 2189
476 620 477
1027 1897 1837
1615 1330 2190
432 1536 1537
863 2191 2053
1287 1448 1288
162 1011 1934
1715 1114 2193
951 1056 949
425 820 2038
492 823 490
115 1951 688
755 156 158
1892 1068 1069
2194 1579 1331
556 1404 1107
247 2195 1944
1451 679 2026
1737 1519 1971
2196 1521 1520
76 396 1409
78 363 76
142 511 1979
1796 1553 1538
1049 261 550
532 301 1328
2152 1875 2153
2197 2106 2198
2054 751 1309
2199 2200 999
1143 1146 1144
1831 1283 2053
88 1831 124
516 739 738
2201 2202 2203
1871 1873 1765
2204 2101 2010
1507 2205 2045
1929 220 1930
2116 1270 2206
1620 1621 1224
1852 1915 1851
1916 1915 1585
842 1905 11
1049 1048 261
214 2004 819
1452 1303 1453
2207 2208 2173
1967 931 395
1274 1902 167
1847 1581 2209
2210 1473 1472
1872 1871 1938
1455 1871 1765
1590 1589 1896
2211 1323 2212
983 984 2213
705 387 386
2058 576 1505
2141 2164 2216
1011 162 1012
737 734 757
2217 1461 1945
2217 1215 1462
1567 993 992
1660 2218 2014
163 1684 1686
2219 1118 1095
1200 2220 2221
188 1509 42
1104 1313 2222
1916 1585 1584
663 665 2224
83 1351 81
1561 1351 695
519 1014 282
262 519 1246
2076 2226 1696
1508 1762 1506
2227 2228 2148
2211 2002 2070
2169 2036 2168
915 2019 916
1189 1156 1558
1483 1485 2229
223 2230 1903
1228 2127 926
628 996 1738
1998 465 79
1749 646 731
739 976 740
2221 536 29
1352 1686 1353
1964 2130 2129
1 1964 1983
1013 1874 1311
2168 468 467
147 1783 1166
359 358 397
2197 2198 2234
1970 2198 632
10 1019 842
2235 2236 1925
696 1103 2237
1135 1128 1619
1401 1195 1385
398 2022 399
820 1620 1730
914 193 192
1114 1074 2193
1075 1074 1417
1518 204 1517
1397 1431 1396
946 2119 1568
720 1154 2090
2084 1157 1217
668 1788 1534
484 483 1478
781 458 782
641 643 1826
1986 2238 1985
384 2239 1687
562 2075 563
2240 2230 1676
65 1916 64
841 108 1236
107 108 840
820 1730 1729
2111 2113 2241
1707 2242 1890
1947 1815 881
2092 518 517
1325 1327 1312
1087 828 1428
1833 1934 1126
569 571 2243
1894 102 104
2020 102 2021
1122 1124 2018
314 99 101
956 955 1912
658 656 1495
2011 1759 577
1917 1599 2010
2009 1599 2228
919 918 845
570 2081 2244
595 1245 596
1528 450 94
2245 1563 1819
1667 2246 2247
1656 1997 319
1692 1691 1433
1353 1344 2187
2248 938 1033
1497 1523 887
1134 2139 2047
1057 240 1335
2249 748 2212
1063 1256 2181
2250 900 1593
2251 2252 558
744 67 725
424 89 1881
1640 640 2163
62 640 455
148 150 444
284 2193 1074
2056 2241 2253
2111 2241 630
1387 2254 1743
1327 2237 2222
1238 1993 1994
221 220 1929
1201 676 675
2178 86 741
2255 2001 2000
975 2034 2033
1603 1979 557
1611 1463 1610
2256 1558 2052
1649 1968 1969
1968 1078 1052
2156 682 796
2179 1611 198
1194 1793 1476
2070 1323 2211
1846 1392 1799
2257 553 2258
429 431 1369
2259 96 813
1017 242 244
694 2242 2177
1130 1099 1861
2260 925 927
1700 764 2261
314 101 1868
117 116 1859
455 1640 1155
300 2154 2203
2100 2154 2153
136 1236 109
1798 2056 2253
971 1459 972
2164 2143 1998
1882 153 97
1872 1939 130
703 2138 1336
1177 1205 1204
1 1860 1964
2262 1487 1486
649 650 779
9 631 871
780 650 1633
2175 694 2176
2165 976 2033
2205 1507 1626
2045 2205 470
2263 813 1841
1824 1823 298
1201 1200 807
1767 1851 2264
1029 740 1767
1064 2182 1486
885 785 2181
1358 273 1359
2234 2108 1893
2176 1954 1694
98 97 152
2259 2063 96
1850 773 472
1071 793 1072
2265 2110 2266
1254 1905 1805
812 2073 2259
2267 1944 2195
856 1918 22
1947 1343 862
2033 2034 2036
2112 2268 250
1814 1812 1885
214 247 2004
1629 1334 1989
45 2021 46
816 898 817
1770 1121 357
1486 1121 1064
1285 1341 1907
1874 1012 164
2089 1816 2189
2086 2269 2172
2190 2171 1615
1357 2171 2270
104 2136 1894
1543 1723 322
1020 2271 1513
1321 1261 2090
7 1030 800
2272 1400 933
1023 1318 193
1750 2070 2002
424 1881 1621
1638 1211 1668
1504 2274 961
1420 243 111
244 243 1733
254 75 1804
460 1584 161
2275 292 1498
1948 1042 2276
761 1009 591
2038 17 425
1114 2277 1115
814 1044 1594
2278 732 1868
1419 2279 2280
1876 2157 2281
1642 636 1643
1993 327 426
1981 1337 407
472 773 1801
232 494 2282
849 2013 707
2152 2154 300
1530 1457 985
138 1488 139
1488 1489 1175
2283 1175 1174
1994 405 170
544 1722 545
417 1940 599
752 543 753
288 284 1075
788 2284 1967
1107 1403 1105
747 891 1695
1177 1787 469
1179 1178 1762
1259 1258 2043
162 1855 1338
1932 2285 2044
21 654 552
1884 1191 555
2241 2056 630
752 617 543
1468 2218 1348
1524 1928 1927
800 2286 962
1315 2256 2052
852 1754 1518
2121 1598 1051
2121 1078 2148
1082 10 187
10 842 11
2012 2013 2065
2169 1551 2166
2287 666 1580
1534 666 668
774 2254 775
1743 2254 114
1075 1417 1414
1281 790 377
259 203 1418
1711 773 1240
1320 637 1642
979 1567 1566
1441 1440 1873
492 824 823
907 906 824
1002 1876 1003
1312 1327 2222
2288 2124 126
1845 908 2289
2238 726 69
242 1018 2290
706 849 707
2291 2266 2110
1147 546 1148
1552 1551 1652
2235 2292 2236
1263 1262 921
2227 2183 2201
2009 2227 2204
759 1061 323
1239 1237 335
1887 2293 1830
248 200 2004
373 858 1324
2294 667 2287
1605 1857 584
2062 239 427
1749 533 1465
2144 1867 2295
972 1458 1429
2296 1887 1830
824 857 1024
1286 682 574
1997 1324 860
379 715 1270
191 1406 192
619 94 477
2297 1241 994
2255 2298 2001
870 1342 2299
2059 1342 2060
787 366 1677
1249 980 1958
1803 590 1405
893 39 894
651 653 598
45 1681 2021
1681 1149 2207
686 685 430
719 691 1897
28 808 29
407 311 1981
693 1835 691
1254 11 1905
441 440 255
848 2300 2277
1707 944 1496
1719 1747 2301
1455 1765 2077
1677 897 249
2302 1771 2303
1782 1597 171
1646 229 228
630 1480 2111
313 822 2017
822 824 906
1712 2305 760
1369 1370 1275
1501 1802 1592
30 32 2295
338 1427 1516
559 1375 2306
929 928 1227
1258 1260 1709
1185 1186 525
1295 1185 1246
308 307 2293
39 893 37
2294 332 1310
979 981 2095
1336 2138 1334
975 2307 2034
1134 2047 313
2308 1632 1444
2117 1896 2309
1342 2059 2299
566 245 750
1944 245 247
1887 2296 1888
8 1920 630
1785 1193 1978
1709 1591 1258
2168 2035 2132
678 1255 1809
997 999 1359
2150 458 781
53 55 772
1550 2166 1551
2237 1327 1529
1243 2284 1678
1419 797 1734
1714 443 1564
845 844 2310
2133 1471 1160
1329 1389 1122
2029 1489 138
1663 1715 1714
2008 1524 1523
659 660 2236
1244 1818 1973
770 2014 2218
2162 686 1924
1740 1742 1848
529 745 530
1265 661 1128
284 286 2193
1634 1292 1294
1292 201 896
2207 2173 2174
2067 2173 2311
380 1637 1899
2055 1800 904
903 905 2005
1878 2312 1513
1198 1408 1629
1784 2268 188
1014 264 1036
1271 1273 1066
513 512 1522
2052 1557 1378
1597 466 1466
1976 1316 1315
595 1243 1245
2150 1699 459
1627 1178 1625
573 572 1010
1243 1473 2284
2061 317 2313
766 206 205
904 716 1856
904 1856 2265
396 76 363
76 1409 1774
504 1867 2144
2012 1758 2314
126 1283 127
815 1445 987
1122 1389 1433
989 990 2315
1697 1696 1352
422 573 729
172 2316 1653
1084 1290 2317
808 28 728
2018 2019 2318
805 2066 1293
1168 1869 1645
2269 2271 1082
1449 1021 919
162 1934 1855
2041 1123 1433
2178 197 1390
197 2179 198
22 1918 909
1803 1405 1404
2319 1151 810
1744 2146 2184
1265 1136 899
1758 2012 2064
2320 516 518
1502 2321 1503
1472 595 597
983 1436 199
723 722 1581
1206 878 675
667 1310 1309
566 1973 2322
2277 2300 1115
1672 1971 1751
663 1511 2323
840 252 657
623 622 1711
88 1881 89
1060 1199 1061
681 574 682
334 336 1427
804 1325 1972
1737 1739 2324
1715 2277 1114
1281 644 1288
1900 1840 2325
571 570 2244
1756 954 1992
492 493 857
371 534 2124
2058 1505 2059
57 1659 58
460 1365 578
1319 612 1320
1463 1611 2179
1569 1568 118
1532 2062 326
25 24 2276
2094 1570 670
2234 1189 2197
1973 566 749
2326 2005 2327
2048 1176 27
1853 1647 402
1518 726 2238
1084 2317 1088
2327 2328 2326
445 1794 446
1818 249 2322
1694 1370 431
1448 1628 790
853 1602 1573
803 1698 1697
1984 1550 159
1105 1705 1703
2196 1566 992
954 410 955
460 578 461
1284 1229 925
2058 574 576
2059 1505 801
850 1234 1763
851 2285 1754
667 1309 751
1786 1271 1278
1932 725 2285
1358 2329 273
906 2017 822
213 1709 2330
2080 1258 1591
2190 2270 2171
383 2239 384
1706 1086 1085
1717 1977 1941
2291 2109 829
1094 1595 1044
24 1947 1948
1815 1947 862
467 1782 2169
1481 1480 1746
802 801 1505
1285 2060 1341
1580 569 2287
1965 1822 1821
561 2014 771
1396 2331 1468
1363 1239 1383
1553 1921 226
1442 1441 129
388 659 1928
1418 415 1398
245 1367 750
2190 1330 531
332 894 1310
1948 883 1042
873 875 210
1410 2332 2086
917 2328 2220
399 1045 1435
1091 1447 868
1878 1879 2026
2194 1879 1579
2158 378 790
2091 1088 1087
2240 1903 2230
976 2165 1852
312 1057 310
1789 2257 1190
1497 2275 1498
1229 1284 61
553 552 211
1656 1996 1995
832 1791 830
104 2333 2136
1098 476 1664
1274 166 1977
1958 2260 927
2276 1041 1279
1669 2334 1223
2116 2334 1670
723 1581 1788
223 226 2230
1300 26 25
185 1135 183
1786 1040 1793
382 384 2335
631 9 8
225 762 1538
1307 1306 2025
2183 2227 2148
287 2061 2336
1504 960 802
1040 1786 1041
708 2314 2003
1607 1791 832
1556 283 1016
1253 2261 12
2226 164 163
1439 2337 573
1765 1873 1766
801 2299 2059
1239 1363 1238
2145 523 522
1908 90 480
367 90 137
157 1953 2200
92 480 90
1893 1188 2234
2207 2174 2020
275 33 35
2177 2057 2176
153 369 1304
2333 774 2136
142 1979 143
491 2338 263
1301 2187 1344
1802 1812 1592
1936 277 1699
960 1113 1115
2190 530 2270
378 2158 1002
978 609 1053
1638 1668 1639
247 214 2195
2316 2160 1933
753 306 754
1279 25 2276
1981 1741 1740
410 826 955
1211 1638 1885
1198 1989 642
1198 1629 1989
1700 1978 764
1063 1503 1256
1729 1548 349
1394 2275 1548
2298 1891 1679
1955 596 1245
2217 1946 2306
566 750 749
1586 748 2249
2030 390 1138
2030 768 2031
310 1741 311
73 254 957
863 120 2191
90 1908 136
1908 1909 1235
991 1323 1360
1578 1579 2332
884 785 885
411 884 412
722 1483 2209
2339 2307 2320
2035 2034 2339
904 903 2055
2203 2154 2101
2211 965 2002
2274 576 2340
575 1625 1178
1130 2183 1077
2266 1087 1089
1795 1438 1437
308 2293 4
2327 2341 2221
1445 185 1942
1745 1833 1481
746 2342 2159
687 512 1755
697 31 1062
862 709 711
1167 1443 509
2018 2318 1329
632 2198 2106
2342 746 74
1715 2193 1713
1944 2267 2125
521 523 763
1456 1416 1587
1999 2001 1163
762 2042 763
445 760 2305
1123 1122 1433
529 531 764
771 767 1137
1283 126 754
126 2124 754
2227 2009 2228
1308 1307 2093
1848 2209 2229
2072 1084 1086
267 1021 268
641 1354 2186
949 1023 1022
2206 2042 1880
2344 1604 2005
279 1049 280
1173 1522 688
1504 576 2274
1415 1530 317
388 1524 1949
965 128 2002
1595 1094 1093
1342 1341 2060
1700 677 1422
1978 1700 1272
965 2211 1368
128 964 129
1195 1197 1198
2092 1429 1458
2180 844 2345
1984 1915 1852
798 652 352
85 864 333
2221 29 807
2230 1537 1676
1194 1193 1793
149 128 130
1424 137 136
2055 2328 917
2290 112 242
1308 1883 2063
1770 357 359
1187 1017 244
240 1531 1140
1266 1265 1517
872 2224 665
2330 2267 2195
1446 2208 1148
1465 532 2318
90 367 91
1662 1472 597
2033 2166 2165
700 1032 1746
1017 1187 1941
1007 893 1808
1120 1121 1770
1292 1634 202
1209 1634 1210
2288 18 17
12 2261 186
2035 2168 2036
325 1364 2346
1690 1889 1689
2038 1729 349
1541 1766 1259
1863 1963 1864
763 2347 521
1395 1730 1675
2213 984 2309
628 627 1221
1620 1224 1675
1289 1291 2344
4 118 863
1465 2348 646
1569 971 946
52 2103 1982
2270 530 2159
1263 921 1836
2181 1748 885
2205 1626 2349
925 996 1284
1191 1639 1192
1878 2332 1579
449 2146 113
2210 931 1967
380 379 806
445 2305 1794
233 1699 482
1621 1881 1192
2050 2265 1089
1308 2063 2073
2053 308 863
1388 277 276
1257 1503 2321
2067 2311 1090
1243 595 1473
1769 1526 2039
2212 748 1368
982 703 505
1878 1513 2332
1449 919 2310
1832 1780 2024
1065 1769 2039
2122 2104 2103
1289 2317 1290
351 401 1797
2180 2345 563
949 1022 1124
1303 1452 152
568 2131 2098
559 2350 560
1870 2281 2157
123 258 886
2351 2352 988
1930 220 2079
2353 122 121
2100 2354 2010
1845 2289 2353
801 1030 2299
2289 1116 2353
303 1609 1787
257 2355 258
1116 1828 1117
917 1202 71
2289 1961 1116
123 122 257
1646 228 1647
1370 1955 1275
2289 217 1961
747 907 1282
1053 463 1054
1828 1116 1829
1820 1054 463
978 2356 609
2274 2340 1180
1117 1095 1118
978 1423 2356
705 2357 387
1828 2000 1117
960 2286 802
1665 340 664
935 1423 978
1102 1843 151
257 2219 1865
1423 2358 2356
1961 1829 1116
321 1231 278
2000 1096 1117
1117 1096 1095
1981 1740 1898
2255 2000 1828
2358 1423 736
2356 1069 607
1059 736 1423
1069 2356 2358
935 624 1060
2255 1828 1454
1060 690 689
1742 2359 1849
945 943 658
1999 1096 2000
2262 2295 1867
1095 1865 2219
609 608 1053
2062 1532 239
867 943 15
628 1738 629
626 969 689
258 374 886
1059 734 736
626 1651 1650
1892 2358 735
1059 1060 759
1096 1999 1033
937 1865 1095
266 268 608
581 1820 464
1163 2001 2298
734 737 735
1865 880 257
1892 1069 2358
582 581 464
177 258 2355
1043 1045 399
607 266 608
736 735 2358
1361 2255 1454
1362 1960 488
258 177 374
2355 257 880
177 2355 47
1960 217 216
2167 2258 875
1960 1362 1454
1361 2298 2255
1034 266 607
2012 2314 707
880 1865 939
689 969 1199
323 1061 321
2088 1514 603
165 167 2352
903 2005 2326
2360 2107 704
910 911 178
1092 1094 1674
2248 1033 1999
177 178 911
1822 1965 1046
1362 488 485
2298 1361 1891
1420 290 1421
1723 758 757
184 1536 432
923 910 178
267 919 1021
49 178 47
1392 522 2347
958 181 80
2046 2079 2354
487 776 485
247 246 2004
156 155 49
774 487 2134
915 1288 2019
922 238 910
776 1386 1004
710 1684 1338
1765 1541 2109
776 487 774
1724 758 1723
1337 1854 2361
2126 1035 821
844 2304 2310
1093 1596 1595
321 278 360
763 2042 2206
923 49 155
694 1514 2242
241 312 427
1386 1987 1891
1899 381 380
755 157 156
236 922 924
843 2345 844
2028 74 1194
2199 155 157
361 501 360
870 872 1342
774 2333 2254
1987 1386 134
1479 1724 1543
361 499 501
1760 1728 1761
1049 550 361
1371 1712 1938
2200 1953 2082
2362 1930 503
918 1299 845
888 1857 889
270 967 271
2254 1387 775
2126 2363 1299
1910 594 1911
1432 2048 1692
696 1494 1103
1296 2345 843
2288 126 18
1141 2199 998
799 1658 1736
1894 2135 2188
44 46 2188
1296 843 1297
1416 1457 1414
2233 2365 1957
1259 1766 1440
1297 2363 2366
2345 1296 580
1136 1135 817
389 1381 1242
671 672 2367
2342 74 73
1141 1207 1142
1655 2215 2368
550 2369 499
1387 1744 135
260 550 261
499 2369 500
203 259 846
2333 104 114
59 2025 1306
1956 34 2364
2020 2174 102
2369 866 500
1190 723 1788
1201 675 1542
1572 2367 672
2367 2365 2233
563 2345 580
1296 1298 194
577 51 50
385 501 500
237 1943 673
2369 550 564
2199 999 998
1572 2365 2367
2319 810 496
2200 2082 2083
391 1838 1381
564 550 260
2365 35 1957
556 1107 1610
1101 2366 1843
1138 718 1137
13 133 132
2330 1442 2267
163 1686 2226
1654 1933 2011
672 1574 1571
561 771 562
1744 1743 2146
1149 1681 1268
448 2184 2146
104 1622 113
2014 561 579
2369 564 2272
33 131 133
853 1574 854
131 234 132
2030 1138 769
1622 104 103
2369 2272 866
1267 1269 390
1207 998 1079
46 2021 102
1743 113 2146
234 415 1418
2370 1572 1571
2371 35 2365
561 580 579
194 2015 579
770 771 2014
2030 1267 390
1080 1207 1079
1605 889 1857
1400 564 565
565 259 1398
2370 2371 1572
960 1115 2286
1081 1601 855
1693 449 1622
1854 1337 1898
2220 1200 1202
2370 1571 2372
1623 1622 103
997 272 1079
194 1298 195
2272 2037 866
2272 564 1400
1101 23 195
1102 1101 1843
853 855 1601
952 35 2371
2331 1396 2032
1574 853 1573
196 2015 194
1624 1693 1622
1400 565 1398
768 767 2331
2037 713 712
2015 196 909
2311 2173 2208
2173 2067 1623
1693 447 449
1461 2373 1790
235 1936 1699
235 234 131
1412 452 2068
307 1830 2293
1081 1790 2373
2374 2370 2372
240 1336 1335
2374 2371 2370
2014 2015 1660
934 933 1400
1269 1267 1147
447 1097 448
835 1439 833
1403 1405 474
1660 1348 2218
2032 768 2331
730 2071 1185
2233 1957 1956
2374 952 2371
1267 2031 368
196 23 22
447 742 1097
21 23 1102
1014 1016 282
2376 1602 1601
1439 2006 833
1399 415 414
2067 14 2068
1472 1662 2194
1460 1601 2373
451 1693 452
1624 2068 452
476 1098 1097
2377 1573 1602
1442 2330 1260
1168 1170 1870
1601 1460 2376
233 415 234
2341 2327 1604
2374 2096 952
1461 1790 1945
1936 275 277
553 2257 1544
21 856 22
34 1957 35
742 447 451
2350 2375 560
1336 240 1140
1410 1578 2332
807 808 676
280 360 278
933 714 713
1776 2078 1918
2377 2378 2372
491 823 2338
2278 1868 1150
1800 622 716
113 1622 449
2150 482 1699
856 1776 1918
1469 1348 1660
441 2189 2065
199 1436 197
93 478 477
2376 1731 1602
1720 1332 1132
1460 1614 2376
1396 1468 1350
1091 2311 1446
137 1425 546
2379 728 940
2117 2309 984
342 1412 343
166 1941 1977
2378 2096 2374
2114 471 174
2380 1397 1350
2311 1091 1090
1447 1425 1424
1097 620 476
2376 1614 2282
1650 968 969
212 552 654
743 453 1411
2381 528 95
14 343 2068
1411 453 1412
2377 1731 1340
437 2382 1772
2092 1458 518
2378 1340 297
1397 481 92
21 552 554
942 342 16
1834 934 1773
276 296 1388
559 558 2252
2380 1350 2383
93 528 478
2217 1462 1461
1397 2380 481
2096 2378 297
2383 1350 1349
743 2297 994
1339 82 297
15 14 1090
484 1477 1773
877 876 2225
1731 2282 494
1411 2297 743
1058 2359 310
528 2251 610
1258 2080 948
1776 856 1777
714 1834 2382
599 653 1735
1754 2285 726
52 2122 2103
877 2225 2382
210 1565 873
856 554 1777
1478 483 901
479 1909 480
1447 869 868
1926 1928 659
619 620 994
1866 697 647
1950 1375 559
1682 232 2282
1015 2130 614
1544 1721 1777
2380 479 481
2271 2086 2332
1959 1349 2078
1005 2380 2383
2350 274 2329
1429 2092 1428
1119 2297 1411
1776 1721 1959
2302 2384 1771
2252 2251 2250
1682 1614 1214
2381 2251 528
1235 1236 1908
416 418 2385
1447 1424 869
1005 479 2380
1253 11 1254
1112 342 942
1214 1213 1683
577 578 1365
2117 984 2118
1528 94 619
81 458 457
1959 38 1006
2124 2288 371
210 875 211
359 1526 1770
1241 2297 2087
82 1339 635
2040 874 873
748 1277 749
1005 2383 1006
1112 2088 1119
1005 1810 1732
232 1682 230
787 786 366
1772 1477 435
867 658 943
1213 1630 1683
458 81 782
945 942 943
450 1562 95
495 635 1339
781 783 901
38 1007 1006
435 438 436
1544 1546 1721
1190 1788 1789
1478 902 1680
1375 1950 1373
2386 2385 418
2040 437 436
15 943 16
1271 1066 1278
211 875 2258
56 1680 57
1631 269 1630
36 1959 1721
435 1477 1680
902 1478 901
105 107 656
1909 1732 1805
2302 1226 1225
841 1235 1905
783 782 1778
2381 95 1250
1547 2167 875
893 1007 38
227 2387 436
663 2323 1889
944 1707 1890
893 38 37
2341 583 536
2388 1547 874
900 1250 508
1563 981 1562
1351 83 695
2087 2088 603
2054 1546 1545
229 2388 2387
2054 40 1546
655 1450 1495
56 438 435
945 658 1495
1972 1874 2076
874 2387 2388
826 409 1181
107 657 656
1960 1829 1961
1797 227 438
2167 1190 2257
450 1528 1819
72 370 70
601 684 602
1747 412 885
2308 1631 1632
1528 1241 602
495 231 392
1717 1941 1187
1118 2219 2353
313 314 1134
684 2245 1819
2088 1890 1514
1806 1809 1255
2279 1475 2325
1890 2242 1514
724 2167 1547
783 1778 1657
570 1402 1401
1657 902 783
295 1536 293
764 186 2261
419 2389 1645
392 1618 393
1484 1853 1485
1450 655 679
2390 1547 2388
1249 1958 508
382 2335 2347
2018 1124 916
724 1547 2390
1797 438 527
264 263 2139
946 971 947
56 527 438
1116 1118 2353
1027 1937 2072
1958 509 508
270 269 1631
39 40 1309
2294 1310 667
166 165 1018
1980 1840 1901
2360 2391 1716
840 657 107
1899 2239 381
1810 1007 1808
1563 2095 981
2392 285 1583
2127 1631 2308
1646 2390 2388
694 2175 685
2054 1309 40
160 1654 2011
684 601 685
1201 807 676
1167 2127 2308
1444 1443 2308
695 393 1046
2245 2095 1563
2046 1666 2079
618 791 1227
2269 1082 1615
58 798 527
551 1618 392
1134 1036 2139
604 834 1233
1253 12 11
1707 2177 2242
1251 1233 834
527 351 1797
1779 1561 1560
1631 1962 270
1551 2169 1782
1196 1402 1580
1668 2334 1669
1706 517 516
840 842 1019
430 429 1924
840 1019 252
509 927 1167
329 328 894
1708 1450 1451
1047 1561 695
2245 684 686
643 642 1989
1020 1019 1082
1002 2157 1876
410 954 1756
1249 1562 981
1910 1912 955
1046 1618 1822
1962 1631 2127
2393 1617 1566
2177 1707 1708
351 527 798
251 2312 679
2175 430 685
1070 1728 1071
1532 358 1842
39 1310 894
417 599 1735
1047 2385 1560
1647 228 401
1779 1560 2386
1862 967 1863
1922 551 967
798 58 1658
1047 1046 1965
1887 5 2293
2095 2245 2162
1617 1958 980
251 657 252
1159 551 1922
1904 2334 1880
1253 1255 677
1962 2127 1228
1275 1277 1586
2177 1708 2057
1861 2183 1130
1159 1922 1160
2312 2026 679
350 349 1548
351 353 401
2386 1560 2385
2118 199 198
1306 1308 2073
969 279 1231
2394 2395 1966
2386 1735 1736
2260 1958 1617
1902 2352 167
270 1863 967
2385 1047 1965
2133 1160 1922
1520 2324 2393
701 8 7
722 2149 1483
1581 1534 1788
1864 61 60
2355 880 47
2133 1922 1862
977 1162 1726
2287 2243 2294
778 2246 1875
2317 1289 2050
1708 1451 2057
2243 1067 331
1735 2386 418
134 775 1387
1484 1647 1853
1700 2261 677
1029 1767 719
332 2294 331
1499 1523 1497
61 1963 1229
1355 2342 1792
122 2353 2219
1752 2155 2280
1963 1863 1962
352 652 1768
2332 1513 2271
1914 1847 1849
2312 251 1513
993 2162 1924
1735 653 799
925 2324 1739
2096 296 276
511 356 557
2393 2196 1520
2324 2260 2393
2246 2153 1875
991 993 1807
2229 1485 1898
687 1755 1859
1273 1067 1066
644 2348 1288
1864 1886 1862
1725 1651 625
925 1229 926
1965 1821 1540
1711 1712 623
1978 529 764
698 514 1131
571 1067 2243
1081 1079 1790
666 2287 667
633 1247 838
1440 1442 1260
2133 913 1471
571 2244 1066
1271 1785 1272
992 1360 2196
690 624 626
917 2220 1202
1862 1886 2133
429 1369 1807
2116 1880 2334
2098 2131 2099
1360 1521 2196
2026 1879 2027
738 740 1028
420 636 638
65 66 721
1938 760 1939
2243 2287 569
2209 1848 1847
1445 895 315
1469 2078 1349
777 1430 353
731 606 1749
799 653 652
651 1768 652
1539 417 416
2027 1879 1662
2330 2195 213
627 1919 1221
956 1464 954
996 1739 1738
1160 1471 1161
1914 2161 1533
2161 1580 1533
1430 1853 402
625 624 1726
1519 1737 1520
1596 1821 2074
1539 416 1540
2212 1323 1322
1804 2089 2189
995 59 1284
1280 1282 907
1539 1940 417
2230 226 1537
1370 1661 1955
1369 1322 1807
600 1673 1827
278 1231 279
1111 2071 1474
2278 1152 2395
1360 2070 1521
1222 1669 1223
1940 600 599
1470 913 812
1830 1722 2296
920 1837 921
1093 1092 1539
2244 1278 1066
1508 2044 851
1796 2313 1553
913 1886 912
600 2396 598
1985 69 68
1940 1539 1092
569 1580 1402
2270 2159 1355
1483 2229 2209
1306 2073 912
2074 1594 1596
2094 2397 1991
777 1426 1582
1594 2074 1470
1849 2398 1914
1673 1092 1674
871 631 2056
1162 977 1054
2361 1854 1430
2172 1764 2086
1222 1224 1621
2183 2148 1077
1981 1898 1337
2161 1197 1196
1360 1323 2070
474 1705 1403
1463 741 333
557 1979 511
1426 1516 1427
1875 2152 299
1449 2310 2304
1751 148 1672
19 87 89
2263 1841 1045
2276 1042 1041
2361 1430 1582
1197 2161 2398
529 1978 1193
2291 828 2266
493 604 857
2182 1064 1063
1736 1659 1779
1482 2111 1480
1181 1025 1527
330 1422 677
1336 702 703
1337 2361 168
993 1924 1807
26 1301 1344
570 569 1402
1326 982 2144
1971 1519 1751
1775 1409 1764
584 1692 585
1741 310 1742
2210 1472 2194
1401 2081 570
1197 2398 1408
1289 905 2050
59 995 2025
502 2079 1666
130 1939 149
1376 1378 1557
2396 338 1516
1044 1043 1094
2210 1331 931
1972 1311 1874
999 2083 1359
1388 459 277
1769 1770 1526
2362 1931 1930
814 2263 1044
2396 600 680
1985 68 2223
814 813 2263
1594 1044 1595
336 169 1427
1395 1676 295
2048 537 585
2025 1221 1307
405 407 1337
2093 1307 1919
1780 1832 1745
1562 1250 95
2220 2327 2221
168 170 405
1919 1307 1221
2002 1031 1750
1357 1775 1764
914 916 1022
2212 1322 2249
1606 1380 1376
1227 1071 929
567 2098 1459
881 1816 882
1738 1737 1971
2396 1516 598
547 470 2205
338 2396 680
2349 1625 1753
1629 1058 1335
1313 1104 1509
1620 820 424
186 531 1330
825 590 1803
306 2053 1283
1750 1031 1751
1988 2138 1697
1130 1100 1099
1427 338 334
1646 2388 229
2335 384 1799
502 503 1930
1127 2268 2112
1279 2244 2081
747 1282 377
1425 1148 546
407 428 311
2259 2073 2063
1278 2244 1279
946 2080 2119
2399 1811 1827
1243 1678 1244
1613 1883 2093
1037 1314 1038
335 334 1635
92 91 1431
212 211 552
1325 1312 1972
1672 446 629
1058 1408 2359
1652 1551 173
2103 2384 1982
1967 2284 1473
2169 2166 2036
405 1994 406
125 1192 1881
1357 2270 1355
1435 1045 1453
2243 331 2294
859 1927 1926
1039 2399 1827
1775 1357 1356
1612 772 1850
1308 2093 1883
615 1109 1108
2033 2036 2166
124 2191 555
98 1453 1841
1245 1244 1276
1994 170 1237
446 1672 444
1039 1038 2399
680 1827 1811
170 169 336
2245 686 2162
883 882 1476
1774 1775 2120
627 54 1919
1515 1300 2081
119 118 1568
1903 2185 1904
751 1789 668
1973 749 1974
2208 2207 1149
1605 2344 889
1278 1041 1786
1040 1476 1793
1515 2186 1301
1678 1818 1244
2201 2204 2227
337 1811 1781
1356 958 2120
1612 836 1882
1289 2344 2005
148 1031 149
1882 97 1883
1369 1275 1586
336 335 1237
2035 2339 2099
209 1524 1927
1162 1054 20
1218 1811 2399
1808 328 678
428 406 426
1604 583 2341
2284 788 787
241 240 1057
2399 1038 1218
1139 505 702
337 1635 334
363 1636 395
1889 1690 1665
2317 1089 1088
54 627 446
2267 964 2125
150 149 1939
2023 1906 2024
2171 2172 2269
1719 1720 413
787 1678 2284
1043 2022 1674
17 19 425
572 422 421
1364 327 1993
80 77 1774
1301 2186 2187
473 917 70
1818 2322 1973
1020 1082 2271
153 1304 152
1215 2306 1375
1353 2187 1354
2333 114 2254
989 2315 1314
2009 2204 2010
1515 1385 2186
2218 1468 770
463 464 1820
1811 1218 1781
1789 2054 2257
1764 2172 1357
2028 75 74
1586 2249 1322
1947 24 1343
1792 958 1356
1818 1678 1677
1219 1218 1038
1238 1364 1993
2045 470 1932
1343 24 26
2206 1880 2116
1384 335 1635
2394 1966 540
1757 1758 2064
2273 2400 2368
825 1803 354
400 1435 1303
1314 1219 1038
1781 1382 1635
2325 2280 2279
428 427 312
559 2306 1946
1648 42 41
1964 614 2130
2315 1219 1314
84 1781 1218
989 2022 398
1753 1752 2349
309 1975 1206
2057 1954 2176
836 153 1882
1636 363 362
1527 283 1556
1240 1794 2305
1988 1334 2138
78 77 465
1460 1462 1614
1917 2354 219
400 144 398
432 1537 1921
366 897 1677
2089 882 1816
2322 246 566
1405 586 474
239 1531 240
78 1687 362
649 779 1875
198 1704 2118
957 256 181
2303 2400 1226
1762 1763 2105
85 84 1219
180 80 181
804 1698 803
1382 1781 456
2315 85 1219
836 370 369
862 1343 1345
150 1939 760
152 1304 1303
1382 1390 1383
87 127 1831
364 366 786
214 213 2195
1858 1438 2346
665 1341 872
918 1035 2126
2336 2145 287
327 1364 325
1997 1995 1324
1344 1353 1685
2229 1898 1740
786 1636 1637
75 2089 1804
1988 1826 643
1203 1205 1176
536 27 29
1711 1801 773
129 2267 1442
1850 370 836
401 402 1647
400 1975 144
1637 362 1899
1858 1383 1391
1652 173 1653
2322 249 246
1871 1371 1938
86 2178 456
1688 384 1687
806 1718 365
309 144 1975
1304 369 837
864 2315 990
728 2379 808
85 2315 864
936 1726 624
2217 2306 1215
1998 1688 465
1214 1462 1215
1345 1685 709
364 786 1637
2324 1520 1737
1302 1304 837
721 2264 1851
182 2164 180
1899 1687 2239
1276 1974 1277
350 1548 2275
1697 2138 803
974 256 255
2062 427 426
201 200 248
1531 1842 2401
1801 1711 622
2338 2139 263
1617 2393 2260
2360 704 2391
70 370 472
912 60 1306
1371 623 1712
815 817 1366
1555 1836 1835
897 366 365
200 819 2004
1367 2125 966
2264 719 1767
1260 2330 1709
892 376 1002
2313 316 1553
43 1103 1493
1352 1696 2226
403 333 864
1816 1815 1757
357 1842 358
383 381 2239
397 358 326
182 2216 2164
1465 2318 2348
2398 2359 1408
1463 2179 741
211 2258 553
523 2145 1796
1795 397 325
934 1400 1399
543 545 753
1441 1873 1872
1455 1371 1871
2236 660 1925
1222 1639 1669
1438 1858 1436
1286 574 2058
1688 1998 2143
1149 1148 2208
1718 806 805
439 2065 2013
408 513 1026
2016 1714 1713
163 1338 1684
1718 1293 896
1391 197 1436
1542 878 71
621 716 622
410 1756 408
215 1710 213
1709 213 1710
818 200 202
510 309 674
2237 1529 696
1604 2327 2005
441 2065 439
858 373 372
2142 1799 2143
1422 1273 1272
2096 297 296
1691 1857 1262
1294 1671 1210
379 381 383
1806 1805 1732
1795 1526 359
708 707 2314
2342 1355 2159
983 1525 1437
1366 817 1135
2402 2216 953
1419 2280 2155
2216 2402 2141
2023 2003 711
1233 1609 302
2216 974 953
2076 1698 1972
1906 1338 1855
301 303 1204
2300 962 2286
1395 1394 1549
1786 1793 1785
1758 2003 2314
308 2053 306
1780 708 2024
1541 829 2109
2266 1089 2265
878 1542 675
594 1910 826
2142 2141 2402
690 1060 624
2379 674 676
2274 1587 961
442 2403 953
198 1611 1704
1730 1620 1675
510 674 2379
1039 1674 1037
1799 2142 1846
1583 1393 1846
1727 1728 1760
188 42 1784
903 2326 2328
2257 2258 2167
1610 404 556
698 1332 1951
843 845 1299
887 208 348
982 1325 804
1542 1202 1201
1611 1106 1704
1694 431 2175
1525 983 2213
2170 1247 1347
1800 716 904
506 357 1487
1049 361 280
1916 1584 462
1325 982 1326
215 819 1500
1802 1500 1467
2403 2392 2151
1253 677 2261
2144 2295 32
1404 1403 1107
1564 439 2013
1302 837 1206
940 510 2379
2131 2035 2099
818 1634 1209
971 1569 567
2402 2151 2142
1497 887 350
2265 1856 2110
2335 1799 1392
859 1926 1817
382 763 715
845 2310 919
2328 2055 903
1294 2066 1670
2403 442 2016
940 356 511
287 1583 285
849 1564 2013
849 706 847
1372 829 1541
1554 940 728
1849 2359 2398
1813 1592 1812
1467 1885 1812
904 2265 2050
2110 2109 2291
1554 354 356
1591 1710 1501
164 1012 162
2347 763 382
2392 2403 2016
612 637 1320
190 1011 1013
2118 1704 1703
442 443 2016
676 808 2379
848 847 699
1779 2386 1736
2262 784 2295
786 788 1636
354 1803 355
752 2124 831
1211 1671 1668
1481 1833 1126
1713 286 2016
2323 1689 1889
818 1467 1500
2291 829 828
2338 2047 2139
727 346 728
108 109 1236
1715 1663 2277
1590 1896 2117
700 699 847
1921 1537 226
1590 1705 475
784 2262 1486
2083 999 2200
1022 193 914
536 2221 2341
31 696 1529
2182 785 784
727 28 469
1270 2066 805
1554 345 354
2392 286 285
1627 1762 1178
1373 1593 507
1502 2309 1896
727 347 346
1509 188 190
1616 1900 1475
1747 885 1748
1191 1884 1638
43 1509 1104
345 1554 346
524 1935 729
1494 696 1866
1065 2039 1502
2219 257 122
2344 1605 1604
1813 119 1592
583 1605 584
475 1220 1589
475 1705 474
1127 189 2268
288 1413 2061
1814 1885 1884
1113 1417 1074
1493 41 43
1589 1146 1895
617 1083 791
2286 1115 2300
2112 2111 1482
1903 224 223
463 608 268
1413 317 2061
2240 1675 2185
1480 630 1920
2145 2336 1796
586 1405 590
549 2325 1840
1787 1252 347
2321 1502 1895
861 1757 1815
345 761 825
2097 2320 518
347 1252 761
2181 1256 1748
526 1146 1220
421 586 572
2354 2079 220
1252 1787 1609
423 1935 1220
41 1493 1490
1494 1866 1491
2113 2112 250
1413 288 1075
1937 1291 1290
1146 1143 1895
1103 1104 2237
7 962 701
1191 125 555
1866 647 1100
1100 1491 1866
2241 2113 2404
411 697 1062
1088 1085 1084
9 1030 7
1257 2321 1143
1187 1690 1717
1648 1784 42
591 1009 1008
572 586 1008
1748 140 139
1649 1969 1648
1009 1251 2006
139 2301 1747
1492 1649 1490
2097 1459 2098
1100 2115 1491
800 1030 801
1415 317 1413
1413 1075 1414
964 128 965
2099 2339 2320
1203 1389 1328
1213 1632 1630
1415 1414 1457
2051 120 1813
1186 1144 525
961 1587 959
1784 146 250
848 2277 1663
1783 147 146
568 5 1888
834 2006 1251
1835 1837 1897
1204 1328 301
1257 141 140
1969 1166 1783
1676 1537 295
2320 2307 516
2404 2253 2241
1099 648 413
2337 1474 573
1186 1145 1144
959 1587 1416
1417 1113 959
834 833 2006
145 2404 2113
316 315 895
524 730 525
1332 1720 1333
2029 138 141
815 185 1445
1132 1861 1099
31 1529 32
2041 1262 950
315 1530 987
2404 145 375
2029 141 1145
1512 2224 1798
961 960 1504
1329 2318 532
1086 1028 2072
1504 802 1505
516 2307 739
888 1262 1857
2404 375 1510
1968 1492 1076
2115 1130 1076
2253 2404 1510
1456 985 1457
189 1126 1934
871 870 9
147 839 375
1145 1186 1182
1488 2283 2301
4 2293 5
306 753 307
89 425 19
1184 1183 1295
1174 1333 2283
1262 1263 950
1465 646 1749
364 1637 380
1968 1052 1164
307 753 545
2307 975 739
1836 921 1837
2339 2034 2307
606 857 604
730 1474 2071
1174 1951 1332
2056 1798 871
1729 2038 820
183 293 184
1512 1511 2224
1910 955 826
1374 1632 1213
1283 1831 127
838 375 839
985 1456 1588
1166 1969 1164
1180 1179 1588
2348 2318 2019
1729 1549 1548
1184 1230 1991
2337 835 489
2296 1722 468
267 266 1035
491 490 823
634 1165 1050
2132 468 2168
1823 1131 514
1029 719 1897
835 493 490
489 1111 2337
183 294 293
2091 1087 1428
1489 1991 2397
644 646 2348
1951 115 698
1555 951 1263
976 1852 1767
262 1111 1110
986 985 2137
2105 1234 2137
1824 2203 2202
1588 1179 2137
644 1280 645
1173 1951 1174
1798 2224 872
949 1123 950
576 575 2340
185 815 1366
752 754 2124
719 2264 692
1230 1184 281
1619 1498 294
664 663 1889
750 1368 748
632 1050 1051
281 1295 520
1247 2323 1248
1746 1920 700
2182 2181 785
208 207 372
263 1110 491
2228 1598 2121
633 1347 1247
916 1124 1022
1347 633 2106
2058 2060 1286
693 1555 1835
1173 2397 669
1597 467 466
1900 2325 1475
2100 2101 2154
784 1486 2182
721 692 2264
2156 683 682
1286 796 682
924 923 1141
2105 1179 1762
618 1466 544
720 693 692
1591 1592 2119
1954 1662 1661
822 2047 823
1227 791 793
2397 2094 669
305 371 2288
1625 575 681
951 1555 1055
1265 1128 1136
2145 522 1393
519 262 264
1689 2323 2170
115 515 514
348 350 887
720 2090 693
1598 2228 1599
1055 2090 1261
794 1907 340
1129 2405 1499
1984 1852 2165
2198 1970 2108
1627 1506 1762
2047 2338 823
2210 2194 1331
2203 1824 300
907 1024 1280
1600 1599 1917
1247 2170 2323
2405 2008 1499
1517 899 852
670 1570 1025
371 305 372
681 683 1753
1508 851 1763
1552 159 1550
339 794 340
1285 1286 2060
1281 1448 790
191 1318 1320
777 352 1768
2405 1129 661
65 1851 1915
1702 650 1859
850 898 816
2156 796 795
794 339 795
687 1522 512
377 1282 1281
870 2299 1030
2008 1949 1524
1121 1487 357
159 161 1585
2405 2007 2008
930 1727 171
1791 792 1083
1506 1627 1626
1760 172 1727
1346 2256 1317
408 1756 512
1187 1665 1690
683 2156 2155
99 2017 1695
860 1324 858
455 1407 63
1407 720 66
1108 1527 1556
1752 683 2155
1419 2155 797
831 830 1083
2158 790 1628
1760 2316 172
2108 1600 219
1321 2090 1154
616 1016 1015
282 1016 283
1321 1153 1319
1966 2406 538
408 1026 409
220 219 2354
171 1727 172
661 662 2405
2007 1990 1949
2280 549 548
661 1265 206
1859 650 117
455 1155 1407
341 1733 339
1752 2280 548
1702 1859 1755
159 1552 160
1727 930 929
1108 1556 615
207 859 858
1319 1153 612
892 891 376
388 387 659
616 615 1556
1755 1756 1992
1155 613 1153
659 2236 1926
548 2349 1752
1992 1702 1755
1733 341 244
99 1695 100
832 535 1995
2205 2349 548
1346 1189 2256
100 1695 891
1524 388 1928
1518 2238 204
1575 1576 1628
243 1420 1734
722 724 2390
1266 204 206
1153 613 612
1188 1893 1217
1189 2234 1188
780 779 650
1916 462 64
1368 966 965
1316 1976 1717
1933 1653 2316
1644 1577 1575
1976 1378 1977
1702 1633 650
314 733 1133
792 1791 1607
1640 455 640
892 811 100
615 1860 1109
1716 1990 662
612 611 637
1557 2052 1558
1156 1559 1558
2052 1378 1976
1760 1759 2316
1365 2011 577
1475 2279 1421
1212 2303 1771
1608 1607 1996
929 1071 1728
637 636 1642
1716 1264 765
2157 1002 2158
1833 1855 1934
1156 1188 1157
614 1860 615
2163 640 2085
1511 1248 2323
62 64 2069
2391 386 1990
1440 1260 1259
1701 1992 1464
320 319 1997
2128 1983 2129
386 2391 705
2394 2128 732
2292 1926 2236
191 1642 1575
1559 1376 1557
1986 589 205
1150 810 1151
577 1759 51
1559 1158 2049
242 111 243
1684 709 1685
1376 1559 1606
778 1875 779
69 1985 2238
1212 1072 793
51 1759 2123
344 2407 778
471 1932 470
2292 1817 1926
613 1155 1640
1759 1761 2123
2180 563 2075
1200 2221 807
1942 185 184
547 549 175
2247 2246 2408
1608 2303 1212
1216 2084 1217
2269 1615 2171
611 613 1641
507 509 1443
1784 250 2268
2039 1525 2213
1502 1896 1895
1104 2222 2237
1937 890 1291
1860 1 592
1817 2292 320
2235 320 2292
589 2409 765
2147 638 1952
2202 1825 1824
2113 250 145
2407 2408 778
1656 1655 1996
732 2278 2395
165 2290 1018
1667 2153 2246
2353 121 1845
2263 1045 1044
1823 1825 1861
778 2408 2246
2157 1577 1870
765 2360 1716
1248 1510 838
1983 2128 540
2163 2140 1641
1558 2256 1189
2123 1761 2104
2050 1089 2317
2240 2185 1903
325 2346 1438
1216 221 1929
462 461 2069
1274 1378 1377
67 69 725
611 1952 638
1167 2308 1443
506 2401 1842
2100 2046 2354
2222 1313 1312
954 1464 1992
589 1986 587
1944 2125 1367
809 811 892
2437 1966 2436
2084 1216 1232
588 2409 589
1070 1072 2102
2410 1877 1876
2178 741 2179
2410 1876 2411
2410 2412 1877
2055 917 473
2085 640 639
1363 2346 1364
732 2395 2394
2215 1655 2214
303 302 1609
1379 1902 1377
962 2300 699
2281 2412 1876
1655 2400 1608
1945 272 274
1787 1177 303
767 769 1137
1790 272 1945
2296 468 2132
2411 1876 2413
2281 1877 2412
2410 2414 2412
2414 2413 2412
2084 2415 1158
1432 1692 1433
663 2224 1511
1001 1000 1606
1761 1070 2104
2303 1608 2400
2147 420 638
1232 2192 2084
2416 2319 498
2412 2413 1876
1929 454 1216
30 2295 784
1830 545 1722
1931 454 1929
420 1645 636
2374 2372 2378
1015 614 616
2417 809 1003
2103 2102 2384
2281 2418 2411
2413 2281 2411
2413 1877 2281
2414 1877 2413
52 51 2122
1877 2417 1003
1352 2226 1686
2414 2411 1877
2419 2409 588
2411 2420 2410
2421 2410 2420
110 291 290
1216 454 1232
2235 318 320
2290 165 2352
2418 1877 2411
1587 1588 1456
1170 2418 2281
2414 2423 2411
2410 2423 2414
705 2391 704
2192 2415 2084
1437 1526 1795
2417 2423 2410
2410 2424 2417
111 242 112
318 2214 319
3 592 1
2424 2423 1877
2425 2423 2417
2421 2423 2425
2426 2423 2421
1877 2426 2417
2423 2426 1877
2417 2426 2425
2421 2425 2410
2410 2425 2424
2290 2351 112
2424 2411 2423
1643 1869 1644
815 987 986
2421 2424 2426
2426 2424 2425
1839 2427 175
706 1032 847
2302 2303 1226
1616 1901 1900
1170 2428 2418
985 987 1530
660 2357 970
1573 2372 1571
1223 2334 1904
2360 765 2422
295 292 1394
2116 1670 2066
2420 2411 2429
1 1983 2
2424 2429 2411
2421 2429 2424
1390 1391 1383
1655 2368 2400
2415 2049 1158
2430 1980 1901
2419 2422 2409
2360 2422 2107
2051 555 2191
1988 1989 1334
1923 970 2357
2302 1225 2384
1832 2024 1906
2003 2024 708
1877 2432 2424
2432 2417 2424
2163 2433 2140
1372 2043 948
1380 2431 1379
376 378 1002
1985 2223 587
2206 715 763
2352 2351 2290
2123 2122 51
2420 2432 2421
1168 1645 2389
1000 1305 1380
316 2313 317
214 819 215
1877 2421 2432
3 2 1073
319 2214 1655
318 2235 2232
2409 2422 765
2039 2309 1502
2428 2429 2418
2418 2435 1877
2434 2395 1152
1152 2437 2434
2436 2395 2434
1225 1982 2384
2061 2313 2336
977 1726 936
191 193 1318
1839 1980 2439
593 592 3
2440 2429 2428
2438 2427 1839
2438 1980 2427
2441 2429 2421
1925 2232 2235
2442 2441 2421
1877 2442 2421
389 1138 390
2231 2214 318
2438 2439 1980
2441 1877 2435
2441 2442 2432
350 2275 1497
176 175 2427
1392 2347 2335
1159 1822 1618
2440 2420 2429
2427 2439 176
2428 2435 2440
2440 2435 2418
2429 2444 2418
2436 1966 2395
2441 2435 2429
420 2147 2445
809 2417 496
883 1948 881
2444 2440 2418
1023 1261 1318
2435 2446 2429
2446 2442 1877
2441 2446 1877
2085 2433 2163
2064 2065 2189
96 2063 97
313 2017 99
2267 129 964
1848 2229 1740
2442 2446 2435
2436 2434 2437
988 112 2351
1171 2428 1169
2435 2428 2444
2446 2444 2429
1980 2447 2427
2442 497 2432
2259 813 812
119 1813 120
2444 2428 1171
2427 2447 2439
497 2442 2448
2447 1980 2430
1099 413 1720
2449 1966 2437
2435 2448 2442
2444 2448 2435
2446 2448 2444
497 496 2432
2440 2443 2420
2420 2443 2432
2344 1291 889
1469 1918 2078
1170 1169 2428
2441 2432 2450
2441 2448 2446
364 380 806
2440 2444 2451
2417 2432 496
1152 1151 2437
2441 2450 497
496 498 2319
2032 1431 91
2189 1816 2064
2451 2443 2440
1676 1675 2240
2452 2448 2453
1171 2451 2444
497 2450 498
1966 2449 2406
2441 2453 2448
497 2448 2452
2451 1171 2452
2451 2452 2453
2454 2453 497
1228 1229 1963
2441 497 2453
725 726 2285
1575 1628 1406
2453 2456 2451
2406 2449 2457
2456 1172 2451
2452 2454 497
2452 1171 2456
1172 2456 1171
2450 2458 2454
2110 1856 2077
2109 2077 1765
2458 2459 2454
2454 2460 2450
498 2450 2460
2455 1151 2319
2459 2461 2454
2454 2452 2460
2456 2453 2461
2452 2456 2461
2461 2460 2452
979 1566 1617
2454 2461 2453
2356 607 609
2461 2459 2460
2437 1151 2457
2457 1434 2406
1948 2276 24
1906 1855 1832
2459 498 2460
2459 2458 498
302 533 605
1203 1328 1204
2449 2437 2457
118 120 863
115 688 116
2391 1990 1716
1276 1955 1245
559 1946 2350
396 395 931
1878 2026 2312
1178 1180 2340
78 465 1687
323 757 759
878 1206 837
1792 2342 73
914 192 1287
2329 274 273
1964 2129 1983
2211 2212 1368
1863 270 1962
117 649 515
632 2106 633
1346 2106 2197
733 2129 1133
1273 329 331
2132 2131 1888
1686 1685 1353
54 446 1794
2301 2283 1333
797 339 1734
1450 1708 1496
848 699 2300
1533 1535 1914
184 293 1536
159 1585 1984
902 57 1680
2134 2136 774
61 1864 1963
472 1801 473
800 802 2286
2202 2201 1825
1713 2193 286
1419 1421 2279
526 1220 1935
1773 1399 414
513 670 1026
110 112 988
1466 618 928
1064 1120 1769
705 1923 2357
2226 2076 164
53 1919 54
1057 1335 1058
207 209 1927
521 2347 522
925 1739 996
119 1568 1592
815 986 816
2401 506 505
2194 1662 1879
463 1053 608
817 899 1136
2285 851 2044
467 1597 1782
1742 310 2359
1240 2305 1712
1773 934 1399
1858 2346 1363
1844 2366 2363
1298 2366 1101
629 1971 1672
799 798 1658
850 852 898
1880 224 1904
1395 1549 1730
323 1723 757
133 13 2364
1662 1954 2027
1573 2377 2372
1169 2389 1172
2170 1317 1316
1490 1649 41
1473 2210 1967
2086 2271 2269
1905 842 841
770 1468 2331
2048 27 537
1773 414 484
1800 1801 622
2162 1567 2095
827 1429 828
1545 2257 2054
932 1331 1578
2376 2282 1731
1834 1772 2382
854 1943 1208
236 1943 237
832 1996 1607
1706 516 738
243 1734 1733
188 2268 189
1960 216 488
75 2028 2089
1194 1476 2028
2208 1446 2311
1409 396 932
1087 2266 828
1203 2048 1432
1036 2130 1015
1608 1996 1655
45 44 1838
133 2364 34
1806 1255 1254
1959 2383 1349
2041 950 1123
1625 681 1753
2350 1946 274
411 1062 884
2209 1581 722
1965 416 2385
1804 441 255
2397 1175 1489
1488 1175 2283
1796 2336 2313
1373 507 1444
715 2206 1270
434 895 1942
1214 1683 1682
230 1683 1630
2157 1576 1577
2097 518 1458
2105 2137 1179
986 2137 1234
1798 2253 1512
908 218 217
1178 2340 575
909 1660 2015
1816 1757 2064
1706 1085 517
428 312 311
918 2126 1299
1583 2151 2392
2403 2151 2402
990 144 143
2350 2329 2375
98 152 1452
2278 1150 1152
811 1150 101
1870 1170 2281
190 1013 1313
17 305 2288
1508 1507 2044
611 638 637
930 171 1597
217 2289 908
422 729 1935
430 2175 431
2321 1895 1143
1774 2120 80
2256 1315 1317
641 2186 1385
223 222 225
935 978 936
1189 1346 2197
175 174 547
597 596 1661
1223 2185 1224
1643 1645 1869
404 1603 556
2011 2160 1759
1268 390 1269
2178 1390 456
1589 1220 1146
2039 2213 2309
1745 1032 1780
120 2051 2191
1005 1007 1810
1483 2149 1484
1646 2149 2390
647 697 411
1141 155 2199
1583 1846 2151
2348 2019 1288
182 974 2216
2156 795 797
997 273 272
1495 1496 945
2274 1180 1587
2094 1230 1570
2201 2203 2204
700 1920 701
2069 639 62
2118 984 199
2381 2250 2251
2252 2250 1950
1376 1380 1377
446 627 629
854 673 1943
2207 2020 1681
103 102 2174
698 1132 1332
2029 1145 1182
1119 2087 2297
559 2252 1950
725 1932 744
482 2150 483
1296 194 580
1037 1674 2022
558 610 2251
2320 2097 2099
16 343 14
1070 1761 1728
2217 1945 1946
2296 2132 1888
1249 1250 1562
2381 1250 900
1682 2282 1614
2250 1593 1950
10 12 187
1914 2398 2161
540 2128 2394
158 939 938
2069 64 462
1093 1540 1596
2141 2143 2164
539 2 1983
1173 1175 2397
1935 423 422
781 483 2150
1527 1570 283
899 1517 1265
549 1840 175
715 379 383
2074 1471 1470
998 1207 1141
1813 1814 2051
1257 1143 141
1169 1168 2389
321 1061 1231
1625 2349 1626
1463 404 1610
368 367 546
368 2031 91
457 82 81
1394 292 2275
880 939 48
2406 1434 538
2301 1333 1719
43 42 1509
1297 2366 1298
1986 204 2238
1668 1670 2334
2158 1628 1576
1577 1644 1869
1134 1133 1036
2108 219 1893
2053 2191 124
2051 1884 555
2196 2393 1566
2377 1602 1731
2041 1433 1691
2392 2016 286
1008 1010 572
2067 1090 14
1446 1148 1425
1511 1510 1248
2260 2324 925
1988 1697 1826
1168 1870 1869
1819 602 684
2032 91 2031
862 1345 709
1129 1499 1498
1499 2008 1523
2371 2365 1572
1844 1843 2366
32 1326 2144
318 2232 2231
1297 1299 2363
2023 710 1906
1751 1031 148
2203 2101 2204
706 1780 1032
1882 1613 1612
2057 2027 1954
1164 1050 1165
1997 860 1817
276 275 952
1736 1658 1659
1531 2401 1139
2030 769 768
1797 228 227
2117 1703 1590
1747 1719 412
2048 1203 1176
567 568 2098
1894 2136 2135
2327 2220 2328
1670 1671 1294
1671 1211 1210
2121 2148 2228
1204 303 1177
529 1193 745
2325 549 2280
1439 835 2337
1510 1512 2253
204 1986 205
1340 2378 2377
567 1569 6
1994 1237 1238
722 2390 2149
766 205 589
1327 1326 1529
844 2180 2304
2190 531 530
2170 1347 1317
1874 164 2076
496 810 809
1133 2130 1036
2045 2044 1507
1105 1704 1106
300 299 2152
1488 2301 139
1907 665 664
1841 1453 1045
873 877 2040
2316 1759 2160
1159 1161 1822
1487 2262 1867
694 601 1514
1439 1010 2006
2361 1582 168
777 1582 1430
1127 1482 1126
1911 594 593
2040 436 2387
1937 920 890
1506 1626 1507
1667 2046 2153
1821 1161 2074
1460 2373 1461
1081 2373 1601
392 394 495
1515 2081 1401
1306 60 59
2143 1799 1688
2198 2108 2234
515 115 117
900 2250 2381
399 2022 1043
2272 933 2037
472 370 1850
1623 103 2174
2100 2153 2046
2402 953 2403
1890 2088 1112
1474 2337 1111
789 1725 1726
1795 325 1438
316 895 433
15 1090 868
2455 2319 2416
1139 2401 505
877 2382 437
714 2382 2225
489 491 1110
1274 1377 1902
2077 717 1455
1368 1367 966
229 2387 227
2040 2387 874
2205 548 547
603 1241 2087
2121 1052 1078
648 1100 647
2199 157 2200
583 585 537
349 304 2038
1697 1352 1826
1771 2384 2102
1960 1454 1829
594 1109 592
1385 1195 642
1401 1385 1515
2357 660 387
1006 2383 1959
1545 1544 2257
733 732 2128
1917 2010 2354
1246 1185 2071
2112 1482 1127
2183 1825 2201
1098 2184 448
2032 1396 1431
770 2331 767
435 437 1772
1264 662 206
2007 662 1990
1411 342 1119
1276 1275 1955
1223 1904 2185
2007 2405 662
2273 1226 2400
749 1277 1974
506 1867 504
357 506 1842
1069 1034 607
2455 2457 1151