-0.102452 -0.511361 -0.103888
-0.096082 -0.530396 -0.110161
-0.111338 -0.528038 -0.102005
0.182020 -0.340811 0.061126
0.197398 -0.351745 0.052537
0.196887 -0.328408 0.049907
-0.103509 -0.323078 0.142759
-0.122641 -0.317327 0.148061
-0.117281 -0.335799 0.149780
-0.015101 -0.026898 0.170691
-0.031369 -0.010419 0.170839
-0.038176 -0.032761 0.169574
-0.056998 0.164357 -0.106467
0.087939 0.086016 0.165788
0.074830 0.070139 0.172117
0.094494 0.066338 0.168290
0.110387 -0.393715 0.131248
0.118081 -0.389582 0.108674
0.111975 -0.378377 0.121985
-0.071028 0.266750 0.006250
-0.144203 0.100207 0.069396
-0.133081 0.108086 0.090208
-0.138191 0.125211 0.077191
-0.129271 -0.143160 0.137614
-0.132543 -0.128988 0.129732
-0.137257 -0.142788 0.120214
0.079540 -0.288441 -0.128138
0.057852 -0.273176 -0.127448
0.078886 -0.266173 -0.121576
-0.187365 -0.275602 -0.007646
-0.197725 -0.279980 0.010387
-0.195177 -0.258184 0.008323
-0.031659 0.130475 -0.107643
-0.023037 0.149028 -0.105277
-0.008581 0.131154 -0.108693
-0.114676 0.036925 0.109769
-0.109492 0.022099 0.116348
-0.105122 0.037947 0.126969
-0.113623 0.004420 0.114119
-0.117814 0.018996 0.101036
-0.178364 -0.313704 0.060789
-0.162881 -0.302184 0.067916
-0.180102 -0.294157 0.058567
0.030480 0.166607 0.091096
0.026868 0.151255 0.107428
0.048958 0.161339 0.101145
0.122402 0.240961 -0.071427
0.139327 0.241804 -0.062155
0.134862 0.225833 -0.072143
0.174971 -0.519713 0.009357
0.188935 -0.522901 0.016970
0.171342 -0.534536 0.025722
0.132373 -0.130591 -0.065887
0.141976 -0.125377 -0.050469
0.138970 -0.145206 -0.059291
-0.100100 0.025037 -0.071443
-0.078957 0.023205 -0.082048
-0.084847 0.005527 -0.076031
0.109344 -0.066711 -0.063901
0.091705 -0.060415 -0.070667
0.108532 -0.048573 -0.058932
0.161072 -0.485529 -0.067260
0.159822 -0.464892 -0.070833
0.165855 -0.473024 -0.050591
0.165153 -0.449291 -0.054082
0.158725 -0.447399 -0.074756
0.007736 -0.516469 0.166681
0.013622 -0.524693 0.153319
0.010669 -0.504953 0.154346
0.110375 -0.195951 -0.094172
0.092993 -0.206123 -0.100313
0.090963 -0.187009 -0.097006
-0.036388 -0.154728 0.167734
-0.050225 -0.139457 0.158832
-0.052203 -0.161458 0.154213
0.043559 -0.144288 0.151042
0.032945 -0.163692 0.154397
0.049843 -0.168214 0.146701
0.023595 -0.178127 0.155975
0.014945 -0.163941 0.162496
-0.015713 0.048948 -0.099803
0.006669 0.059120 -0.101290
0.004981 0.036441 -0.095981
-0.062167 -0.152677 -0.122917
-0.046176 -0.166593 -0.120638
-0.066629 -0.174530 -0.125497
0.118611 -0.371527 0.109114
0.119320 -0.353264 0.109785
0.112546 -0.362598 0.123795
-0.016934 0.079294 0.165804
-0.028285 0.086173 0.163497
-0.044395 0.084684 0.163783
0.153478 0.067287 0.056951
0.150138 0.054475 0.071082
0.155693 0.048773 0.047570
0.079122 -0.112431 -0.108094
0.079589 -0.129227 -0.098872
0.077900 -0.127848 -0.116928
-0.011688 -0.468628 -0.124517
0.008194 -0.481296 -0.124991
-0.011899 -0.489127 -0.124068
0.067040 0.151876 0.109879
0.082772 0.147490 0.114836
0.093720 0.155572 0.106022
0.046236 0.038382 0.171061
0.027960 0.044547 0.170953
0.029958 0.020399 0.171147
0.013707 0.033880 0.169916
0.013293 0.050467 0.169839
-0.116089 -0.530775 0.169883
-0.119084 -0.506528 0.167767
-0.138989 -0.529549 0.161674
0.120945 0.147877 0.100175
0.116725 0.160907 0.092340
-0.179100 -0.422352 0.000458
-0.179920 -0.439283 -0.008804
-0.173266 -0.446739 0.005334
0.179538 -0.312534 0.061022
0.170062 -0.291261 0.067644
0.161116 -0.308896 0.077255
0.090591 0.282232 -0.034895
0.104427 0.278276 -0.040715
0.091683 0.274005 -0.053601
0.134576 -0.341921 0.100374
0.119724 -0.335339 0.110531
0.129651 -0.394528 0.099732
0.128112 -0.378876 0.101840
0.181502 -0.134521 0.028373
0.189111 -0.158844 0.027578
0.184351 -0.155732 0.010085
-0.052624 0.129533 -0.106913
-0.065721 0.145533 -0.106784
-0.044000 0.147346 -0.107243
0.154050 0.190477 0.053061
0.167833 0.177332 0.048678
0.004088 0.060729 0.168822
0.010580 0.074124 0.168531
-0.167720 -0.352615 -0.067818
-0.178045 -0.343800 -0.053045
-0.167747 -0.331271 -0.066633
-0.154308 -0.339736 -0.080649
0.012124 -0.204704 -0.116067
-0.008112 -0.191223 -0.111915
0.013745 -0.179626 -0.114719
-0.125276 -0.336963 0.091899
-0.138156 -0.330923 0.087938
-0.137149 -0.348479 0.088107
0.163762 -0.122278 -0.001349
0.173060 -0.137411 0.007179
0.164413 -0.139857 -0.009759
-0.162238 0.134651 0.039782
0.077999 -0.144230 -0.109299
0.085269 -0.153142 -0.090823
0.057963 -0.515270 -0.105403
0.141606 0.209321 -0.073480
0.150316 0.227569 -0.065805
0.160117 0.213427 -0.069372
0.156403 0.242819 -0.052588
0.183260 -0.454468 0.000985
0.194327 -0.471561 0.002522
0.176480 -0.471462 -0.001531
-0.130276 -0.230183 0.079147
-0.130119 -0.208577 0.079830
-0.143439 -0.216757 0.071809
-0.137089 -0.506895 0.136558
-0.130233 -0.492519 0.129413
-0.126904 -0.510647 0.127276
-0.137192 -0.086228 -0.061987
-0.123773 -0.088562 -0.076406
-0.133418 -0.105584 -0.072169
0.209108 -0.452522 0.030953
0.214978 -0.469675 0.024349
0.224546 -0.452904 0.020010
-0.039525 -0.510032 0.181438
-0.045198 -0.512871 0.156889
-0.045521 -0.519252 0.168258
0.103922 0.246134 -0.077367
0.112287 0.227877 -0.082742
-0.014943 -0.511894 -0.098847
0.009926 -0.185596 0.161872
-0.004619 -0.176128 0.167367
-0.007549 -0.195210 0.165040
0.064158 -0.387344 0.141453
0.059922 -0.366286 0.135898
0.043201 -0.381793 0.129238
-0.042635 -0.053879 0.167699
-0.021850 -0.048475 0.171623
-0.150778 -0.287770 0.078266
-0.133894 -0.271830 0.082797
-0.153449 -0.264752 0.072282
0.081340 -0.453861 -0.134719
0.079991 -0.434763 -0.144605
0.082141 -0.429328 -0.129672
-0.112279 0.147236 0.091396
-0.129743 0.140962 0.081601
-0.124476 0.128353 0.092433
-0.096149 -0.199937 -0.110484
-0.088100 -0.221035 -0.117348
-0.107977 -0.222614 -0.109974
0.133937 -0.207004 0.100350
0.126148 -0.203857 0.120055
0.126923 -0.219566 0.112266
-0.078599 0.164433 -0.103309
0.035041 -0.475992 0.133481
0.047854 -0.487979 0.134293
0.059245 -0.468533 0.138626
0.115514 -0.446818 0.155354
0.115522 -0.424431 0.158257
0.113999 -0.439845 0.178164
-0.170788 0.079021 0.010894
-0.163871 0.068048 0.034711
-0.165241 0.087205 0.032550
0.169385 -0.203773 0.053815
0.156416 -0.197303 0.070556
0.160445 -0.219412 0.067926
0.092439 0.244598 0.024458
0.097103 0.259324 0.010643
0.079933 0.254272 0.016379
-0.190901 -0.465643 0.074651
-0.207164 -0.488727 0.072376
-0.184732 -0.488877 0.077079
0.075588 -0.289948 0.156098
0.076244 -0.305966 0.160241
0.085676 -0.293704 0.171200
0.066703 -0.301934 0.142379
0.068738 -0.318914 0.147923
-0.130122 0.018305 -0.040523
-0.132314 -0.001156 -0.036912
-0.135632 0.011127 -0.026331
0.089804 0.039634 -0.075965
0.070111 0.030616 -0.078717
0.073792 0.051259 -0.084798
-0.075240 0.108034 -0.103384
-0.072554 0.126703 -0.105348
-0.060168 0.114631 -0.107332
0.096187 0.179744 -0.100881
0.073677 0.177769 -0.104752
0.085277 0.195959 -0.100324
-0.176493 -0.157408 -0.022850
-0.177373 -0.156707 0.002267
-0.174342 -0.141169 -0.011068
-0.135151 -0.495867 0.161122
-0.117092 -0.482422 0.165417
-0.131635 -0.470895 0.161212
0.150504 -0.153241 0.076196
0.139057 -0.166288 0.094778
0.152640 -0.175233 0.074115
0.129973 -0.186090 0.107750
0.125607 -0.165496 0.116414
-0.129792 -0.317117 0.090139
0.043695 -0.014054 0.165565
0.027200 -0.014619 0.172205
0.034616 -0.026049 0.168677
-0.039727 -0.176316 0.163975
-0.041306 -0.195886 0.159131
-0.023796 -0.186977 0.165658
0.106502 0.267753 -0.052446
0.096917 0.260575 -0.067043
-0.101131 0.165629 -0.095325
-0.118230 0.173295 -0.086587
-0.109497 0.187386 -0.088435
-0.081834 -0.404755 -0.129124
-0.062498 -0.416255 -0.133897
-0.078925 -0.430208 -0.129470
0.153875 -0.503962 0.042350
-0.114218 0.252034 0.045956
-0.107548 0.231406 0.049569
-0.096993 0.249372 0.040005
0.089418 0.020248 -0.068571
0.090688 -0.001300 -0.065917
0.071304 0.008846 -0.073280
0.152609 0.130550 -0.069047
0.169239 0.141523 -0.056626
0.163277 0.118774 -0.053919
-0.021582 0.112297 -0.109195
-0.011432 0.094966 -0.108735
-0.031666 0.096679 -0.107513
-0.122263 0.235370 -0.068298
-0.108248 0.234396 -0.076342
-0.127336 0.221113 -0.070674
-0.123552 -0.409476 -0.097265
-0.110852 -0.425380 -0.105168
-0.128421 -0.430930 -0.091766
-0.023949 -0.290300 0.159799
-0.009233 -0.276373 0.157748
-0.029448 -0.271553 0.158190
0.010709 -0.281361 0.148087
-0.004536 -0.296326 0.155358
-0.097886 -0.530423 0.145383
-0.102075 -0.513059 0.163361
-0.102200 -0.533161 0.164318
0.075119 -0.380488 0.171681
0.070221 -0.373083 0.154578
0.071030 -0.390750 0.157840
0.076444 -0.357426 0.170153
-0.002261 0.078756 -0.106073
0.020973 0.076844 -0.104454
-0.194931 -0.428520 0.022893
-0.199935 -0.450784 0.021708
-0.211599 -0.438565 0.017481
0.053486 -0.341975 -0.138764
0.039012 -0.342700 -0.125098
0.045525 -0.325599 -0.125184
0.114762 -0.403379 0.152522
0.109101 -0.416178 0.134700
0.160376 -0.376057 0.085298
0.175149 -0.379431 0.070771
0.169930 -0.357110 0.073157
0.035990 -0.200400 -0.119079
-0.169438 -0.103071 0.010612
-0.166765 -0.102588 -0.016000
-0.170619 -0.122616 -0.011648
-0.026817 -0.453174 -0.127323
-0.035785 -0.475813 -0.128631
0.021551 -0.349791 0.138618
0.032188 -0.330824 0.131928
0.013532 -0.328085 0.144363
0.104702 -0.532103 0.143085
0.100769 -0.518513 0.119101
0.105549 -0.508410 0.139355
-0.134334 0.245774 -0.056141
-0.146773 0.243342 -0.049326
-0.143107 0.255689 -0.042562
-0.044503 0.167469 0.089201
-0.153862 -0.180412 -0.073842
-0.166574 -0.177706 -0.055304
-0.160361 -0.158619 -0.061649
-0.099277 -0.008078 0.144509
-0.108954 -0.028677 0.139368
-0.090690 -0.023738 0.150642
-0.122005 -0.041544 0.126052
-0.120152 -0.024988 0.123008
-0.047731 -0.188811 -0.127459
-0.097309 -0.114838 -0.086534
-0.110421 -0.128890 -0.089590
-0.115831 -0.108627 -0.085832
-0.080755 -0.118480 -0.097777
-0.084652 -0.098268 -0.090953
-0.105362 -0.444861 0.159851
-0.121865 -0.427854 0.160463
-0.127092 -0.449190 0.161928
0.114185 0.062549 0.156637
0.103601 0.080036 0.160174
-0.179861 -0.510352 0.025478
0.003188 -0.281340 -0.121565
0.020556 -0.275582 -0.125816
0.018067 -0.294233 -0.126110
0.116001 -0.408543 0.169213
0.115521 -0.392095 0.170097
0.106429 -0.401175 0.183113
-0.112065 -0.014958 -0.064017
-0.105410 -0.034853 -0.072389
-0.122463 -0.033089 -0.061369
-0.008937 -0.265974 -0.121635
-0.021045 -0.250557 -0.123577
-0.000895 -0.245800 -0.121506
-0.176167 -0.220747 -0.044141
-0.171253 -0.196907 -0.049542
-0.165409 -0.213982 -0.064190
-0.143768 0.227815 -0.060556
-0.132625 0.206706 -0.072279
0.068664 -0.174773 0.155134
0.063473 -0.153221 0.152741
0.106109 -0.187278 0.170141
0.118517 -0.194929 0.155754
0.117861 -0.173876 0.157187
-0.011869 0.087648 0.163554
-0.011943 0.102022 0.155431
0.088447 -0.169546 -0.093833
0.106377 -0.175424 -0.090856
0.110852 -0.429713 0.113628
0.109282 -0.436245 0.136550
0.107676 -0.446907 0.116512
0.084313 0.248639 -0.080040
-0.122918 -0.356902 0.091800
0.034919 -0.473797 -0.145224
0.040856 -0.452612 -0.149207
0.042918 -0.461033 -0.160249
0.087212 -0.222466 0.168437
0.088078 -0.200634 0.169929
0.077186 -0.209872 0.160367
0.061029 -0.240388 0.140791
0.071774 -0.222838 0.152120
0.055337 -0.213917 0.141037
-0.177119 0.207364 -0.055641
0.084764 -0.489196 0.195628
0.102211 -0.500640 0.196772
0.101745 -0.477186 0.194941
-0.018378 0.149917 0.108113
-0.010178 0.135429 0.123514
0.002129 0.146740 0.108713
0.047906 0.016471 -0.081054
0.026559 0.009479 -0.084530
0.026153 0.027357 -0.089611
0.074278 -0.139251 0.165311
0.058649 -0.129837 0.153889
-0.163487 -0.194756 -0.064563
0.005460 -0.154135 -0.107047
0.015277 -0.137041 -0.108288
0.031377 -0.158859 -0.113011
-0.127826 -0.015829 -0.050631
-0.132963 -0.032029 -0.047832
-0.027911 -0.200535 -0.116818
-0.036242 -0.211314 -0.132426
-0.144548 -0.103778 -0.053943
-0.153905 -0.121412 -0.049808
-0.155883 -0.102203 -0.035910
-0.174202 -0.461727 -0.057804
-0.162180 -0.468015 -0.067331
-0.169819 -0.480975 -0.060554
-0.189118 -0.318857 0.000145
-0.189004 -0.328501 -0.018412
-0.188271 -0.341630 -0.002009
-0.093847 0.100525 -0.095888
-0.092229 0.122705 -0.101709
-0.017495 -0.043706 -0.085314
-0.038227 -0.053067 -0.090992
-0.032824 -0.035001 -0.093340
0.082321 -0.540638 -0.140290
0.083408 -0.528174 -0.121514
-0.064125 -0.307869 -0.135379
-0.069711 -0.328156 -0.132416
-0.079922 -0.310244 -0.128003
0.112860 -0.354672 0.141474
0.111421 -0.373025 0.137563
-0.163257 -0.139347 -0.047055
-0.172183 -0.139157 -0.028925
-0.165717 -0.120406 -0.032760
0.139606 -0.044454 0.097309
0.136886 -0.028733 0.104996
0.132173 -0.045963 0.113950
0.062445 -0.346012 0.137848
0.050279 -0.333285 0.128883
0.049110 -0.351560 0.129591
-0.118593 0.048197 -0.065211
-0.135070 0.040614 -0.045160
-0.140211 0.064347 -0.049904
-0.117876 0.023670 -0.056818
-0.055291 -0.223396 0.135585
-0.040209 -0.216994 0.154393
-0.052096 -0.202213 0.142681
-0.034100 -0.234627 0.157097
-0.046365 -0.238634 0.146250
0.160677 -0.126340 -0.017490
0.163891 -0.138502 -0.028416
0.158557 -0.118987 -0.037422
0.133123 0.112937 0.107867
0.136650 0.123476 0.089029
0.126070 0.131458 0.106141
0.151660 0.033766 0.067622
0.129283 0.100398 0.124122
0.116284 0.102162 0.138435
0.125981 0.089073 0.136610
-0.193681 -0.527353 0.080932
0.151081 -0.477515 -0.086405
-0.076109 -0.164792 -0.109545
-0.017422 0.068931 -0.102926
-0.035730 0.061551 -0.100028
-0.036599 0.079939 -0.104206
0.168643 -0.487534 -0.008811
0.169410 -0.505985 -0.024319
0.166156 -0.482448 -0.029786
-0.090275 0.262512 0.024597
-0.083543 0.243646 0.031855
0.036468 -0.183660 0.149761
0.204137 -0.418759 0.048203
0.209330 -0.418563 0.025308
0.207970 -0.400931 0.038108
0.057051 -0.293014 -0.132373
-0.033940 -0.488107 0.182408
-0.022457 -0.501298 0.186237
0.127104 -0.182310 -0.089379
0.130591 -0.205684 -0.089351
-0.067484 -0.289995 -0.133026
-0.088436 -0.292683 -0.122684
0.152557 0.096765 0.072335
0.150666 0.074941 0.073323
0.157014 0.087432 0.054768
-0.061302 0.056150 0.161976
-0.040400 0.065626 0.164591
-0.059886 0.072706 0.164034
-0.074797 0.086953 -0.099711
-0.072960 0.067696 -0.094369
-0.092738 0.078070 -0.091199
0.116493 0.219437 0.047578
0.097886 0.218664 0.047773
0.106449 0.205463 0.059308
0.106285 0.233165 0.034540
-0.048861 -0.387968 -0.133663
-0.028808 -0.394538 -0.129880
-0.045542 -0.405857 -0.132852
-0.011204 -0.400787 -0.126216
-0.011124 -0.381835 -0.127345
0.058059 0.064626 -0.094021
0.047843 0.042803 -0.088693
0.023878 -0.533947 -0.151419
0.034899 -0.545727 -0.166478
0.017850 -0.559611 -0.148950
-0.144753 0.194354 -0.066520
-0.159070 0.192408 -0.056033
-0.154764 0.210192 -0.060039
-0.214284 -0.509118 0.041810
-0.210878 -0.524067 0.042743
-0.186165 -0.220194 0.000849
-0.183743 -0.205324 0.000121
-0.182508 -0.216396 -0.019378
0.143389 0.027739 -0.007835
0.150847 0.019060 0.010519
0.145452 0.007153 -0.008173
0.027066 -0.220996 -0.124317
0.005986 -0.225766 -0.119088
-0.184050 -0.453666 -0.042346
-0.174736 -0.441426 -0.055844
-0.184440 -0.413451 0.018976
-0.181977 -0.435818 0.020648
0.182288 -0.345109 -0.014630
0.180841 -0.321585 -0.018278
0.190329 -0.325569 -0.001698
-0.096991 -0.417848 -0.117267
-0.109476 -0.408630 -0.107112
0.054224 -0.263262 0.134632
0.040331 -0.261581 0.134709
0.053630 -0.279847 0.133057
-0.094040 -0.345176 -0.122324
-0.107068 -0.352872 -0.113376
-0.104180 -0.333049 -0.116524
-0.103936 0.004890 -0.065827
0.161841 0.075224 0.035129
-0.055078 -0.084240 0.156103
-0.042218 -0.097604 0.168710
-0.043323 -0.074327 0.167223
0.052521 -0.357952 -0.148645
0.048089 -0.359295 -0.131925
0.120806 -0.440765 0.101922
0.115310 -0.460061 0.104085
0.081649 -0.279934 -0.114541
0.082025 -0.296186 -0.116944
-0.065750 -0.548426 -0.121535
-0.081923 -0.534480 -0.118758
-0.065842 -0.526748 -0.125344
0.170453 0.159769 0.025192
0.170980 0.170225 0.029521
0.172683 -0.418184 0.077152
0.188320 -0.419097 0.062396
0.180660 -0.399828 0.066769
0.004407 0.089221 0.163646
-0.044434 -0.492722 0.163678
-0.046286 -0.477682 0.145596
-0.048138 -0.499018 0.142099
-0.130128 0.188350 -0.078458
0.056943 -0.005689 -0.078582
-0.154502 0.081099 0.051700
-0.150341 0.057638 0.055974
-0.143473 0.073076 0.071920
0.133408 -0.321247 0.101341
-0.035956 -0.233327 -0.129366
-0.013980 -0.230469 -0.121402
0.173649 0.091365 -0.006394
0.162941 0.083081 -0.026287
0.178391 0.107404 -0.017550
-0.081422 0.150793 0.105194
-0.060387 0.156507 0.101901
-0.076646 0.166370 0.092723
-0.133984 0.166064 -0.077899
-0.118270 0.157829 -0.086669
0.139979 -0.142343 0.093481
0.209914 -0.319563 0.033348
0.208901 -0.343905 0.038269
-0.125485 -0.069135 0.097784
-0.128591 -0.087971 0.104490
-0.130643 -0.071241 0.117037
-0.049973 -0.327508 -0.137824
-0.058164 -0.346620 -0.135667
-0.066107 -0.405516 0.126469
-0.047568 -0.408097 0.139983
-0.053259 -0.384487 0.130028
0.189344 -0.509667 0.001898
0.173006 -0.506530 -0.000197
-0.098135 0.145030 0.103267
-0.095318 0.160501 0.095968
-0.070460 0.243892 0.028070
-0.074646 0.229867 0.038531
0.094475 -0.296938 -0.106924
0.094618 -0.318607 -0.107474
0.082280 -0.312288 -0.119550
-0.048253 -0.302103 -0.138931
0.033889 -0.521927 0.136906
0.052215 -0.531006 0.138866
0.053368 -0.507420 0.136548
-0.033204 -0.288244 -0.129825
-0.025823 -0.301682 -0.125877
-0.119523 -0.509012 -0.090737
-0.128186 -0.526803 -0.089274
-0.137844 -0.506936 -0.081849
0.117863 -0.097668 0.159941
0.122190 -0.085674 0.149206
0.116872 -0.080452 0.161273
-0.072912 -0.067455 -0.097154
-0.056409 -0.060513 -0.093241
-0.057198 -0.083318 -0.100928
0.133600 0.009979 0.117984
0.140240 0.025492 0.103974
0.132626 0.029133 0.122110
0.008699 -0.366166 -0.126517
0.032519 -0.359685 -0.125123
0.027693 -0.374547 -0.124933
-0.119129 0.272936 0.037387
-0.103716 0.266947 0.031484
-0.108829 0.280596 0.022045
0.176472 0.097322 0.012453
0.102395 -0.496799 -0.099071
0.100477 -0.475873 -0.101282
0.118075 -0.483153 -0.095190
-0.103150 -0.475895 -0.107986
-0.118814 -0.473555 -0.094902
-0.110574 -0.461601 -0.102206
0.159427 -0.437423 0.084245
0.179381 -0.440546 0.070640
0.145703 0.061661 0.091159
0.146265 0.083504 0.091493
0.165950 -0.202728 -0.050859
0.152121 -0.199109 -0.061870
0.161422 -0.187204 -0.052877
-0.103038 0.281030 -0.028733
-0.091319 0.280314 -0.040836
-0.100418 0.272466 -0.051884
0.142207 -0.105137 -0.044809
0.140637 -0.086031 -0.038925
0.156080 -0.096675 -0.033425
-0.139381 -0.316536 0.135402
-0.133737 -0.331416 0.148159
-0.148437 -0.412250 0.080841
-0.124434 -0.406868 0.087175
-0.138955 -0.389663 0.086075
0.024143 0.045011 -0.095282
0.081940 -0.503623 -0.124127
0.085811 -0.492192 -0.112455
0.089147 -0.511388 -0.107955
0.163651 -0.506437 -0.063442
0.153870 -0.498566 -0.082012
-0.140960 -0.143116 0.067761
-0.145800 -0.129342 0.060402
-0.151892 -0.144933 0.055114
0.047587 -0.408343 -0.147375
0.039798 -0.403807 -0.130947
0.046050 -0.390625 -0.136209
-0.199639 -0.318560 0.014615
-0.199465 -0.335430 0.016083
-0.184103 -0.458718 0.022403
-0.170421 -0.471797 0.006836
-0.085194 -0.056972 -0.087391
-0.086449 -0.039630 -0.081216
-0.072781 -0.046519 -0.093137
-0.161831 0.107311 0.043095
0.058892 0.000151 0.168185
0.051710 0.018620 0.170083
0.036797 0.003053 0.168643
0.066032 0.034379 0.171142
0.113509 -0.493443 0.184110
0.111074 -0.515926 0.184150
0.066623 -0.446632 0.149460
0.069976 -0.467465 0.162128
-0.136589 -0.400186 0.133876
-0.135814 -0.413404 0.153781
-0.132558 -0.392751 0.155555
-0.127967 -0.042937 0.069784
-0.122388 -0.024298 0.087151
-0.129955 -0.020276 0.065672
-0.174198 -0.419465 -0.057458
-0.162523 -0.431951 -0.068012
0.041349 0.162644 -0.104660
0.042348 0.146103 -0.107398
0.061775 0.157841 -0.107696
0.043657 -0.221635 -0.115473
0.057228 -0.211199 -0.116139
0.057443 -0.232584 -0.119677
-0.071766 -0.027994 0.152330
-0.081019 -0.009264 0.151309
0.067987 -0.018732 0.167815
-0.074042 -0.100908 -0.104497
-0.055226 -0.424794 0.131545
-0.074288 -0.420964 0.131113
-0.067491 -0.436884 0.130243
0.140819 0.005663 0.098949
0.134779 -0.009850 0.112645
0.141768 -0.013560 0.093431
-0.184778 -0.445760 -0.023584
-0.185838 -0.424822 -0.020326
-0.104732 0.265452 -0.053906
-0.103577 0.275475 -0.042315
0.149636 -0.398729 -0.083148
0.154049 -0.414263 -0.078303
0.137773 -0.409883 -0.093576
0.125756 -0.006016 0.134293
0.005140 0.013120 -0.089185
-0.209976 -0.288055 0.035371
-0.199798 -0.301662 0.012891
-0.182518 -0.398875 0.003955
-0.095671 -0.290369 0.134812
-0.115985 -0.283129 0.145245
-0.108673 -0.302947 0.143556
-0.188894 -0.183248 0.004709
-0.193665 -0.188644 0.026569
0.072642 -0.516341 0.184642
0.085916 -0.512779 0.198477
-0.105964 -0.249186 0.142617
-0.095055 -0.233999 0.135765
-0.113193 -0.232173 0.144870
-0.139031 -0.191134 0.119489
-0.138571 -0.209108 0.115807
-0.133858 -0.201616 0.134563
-0.174999 0.135781 -0.037039
-0.171873 0.145319 -0.036975
-0.166734 0.116376 -0.050506
0.076584 -0.243081 0.155896
0.159624 -0.218274 -0.060192
0.169415 -0.217335 -0.045060
-0.038099 0.153785 0.104510
0.159943 -0.398376 -0.069440
0.145973 -0.434308 -0.086581
0.161455 -0.430850 -0.068270
-0.148746 -0.018940 0.016023
-0.146621 -0.009883 0.033269
-0.148424 0.008814 0.021011
0.005833 -0.495153 0.170782
0.010328 -0.483172 0.154888
0.037436 -0.282439 -0.126158
0.036331 -0.260199 -0.126469
-0.077854 -0.346616 -0.128917
-0.091001 -0.361742 -0.124114
0.022810 -0.389333 -0.124727
-0.047640 -0.496705 -0.129437
-0.052899 -0.482819 -0.131534
-0.144283 0.278034 -0.015416
-0.149467 0.280386 0.003957
-0.136692 0.284353 -0.004351
-0.161312 0.272494 -0.009514
0.175863 -0.353075 -0.034715
0.179257 -0.369232 -0.019261
0.173050 -0.375932 -0.040062
-0.068703 -0.191862 -0.125768
0.139881 0.093293 0.108925
0.135790 0.082193 0.126177
-0.006442 -0.508083 0.182013
-0.054018 -0.103376 0.156220
-0.046870 -0.118800 0.163732
0.028519 -0.456297 -0.130372
0.147434 -0.106274 0.080771
0.138433 -0.121394 0.095021
0.149070 -0.130538 0.076944
-0.126230 -0.005368 0.077495
0.151976 -0.416664 0.086024
0.167353 -0.397493 0.082127
0.146862 -0.395942 0.090079
0.167586 0.229832 -0.058868
0.173993 0.246810 -0.046655
-0.153348 0.265733 -0.027505
-0.168603 0.261295 -0.024357
-0.136261 0.269300 -0.032160
0.164200 -0.155267 -0.023111
-0.006085 -0.305053 -0.121835
0.066399 -0.284862 0.141392
0.066566 -0.266843 0.141128
-0.056471 -0.062593 0.156073
0.065578 -0.499729 0.147172
0.061614 -0.487655 0.139638
-0.057620 0.130763 0.128726
-0.044629 0.121769 0.138565
-0.042196 0.132613 0.126225
-0.076089 0.125254 0.129982
-0.069499 0.140071 0.116502
0.132545 -0.145067 -0.076440
0.135964 -0.166419 -0.071483
0.114302 0.190106 0.075770
0.136139 0.188532 0.065049
0.128203 0.203649 0.058074
-0.117771 -0.052198 -0.069752
-0.196731 -0.491777 0.021244
-0.183978 -0.476745 0.023249
-0.171340 -0.491880 0.020651
-0.053189 0.055479 -0.095459
-0.034590 0.042020 -0.095418
-0.053126 0.038048 -0.091277
-0.185829 -0.269208 -0.025356
-0.187449 -0.292819 -0.026085
0.102189 -0.166379 0.172475
0.115046 -0.152696 0.161491
0.093351 -0.145936 0.172647
-0.074226 0.287568 -0.024938
0.050450 -0.454417 -0.169751
0.166802 -0.458662 0.081407
0.152875 -0.474798 0.084634
0.170949 -0.480568 0.076621
-0.103426 -0.422077 0.155452
-0.093302 -0.433933 0.149625
-0.088715 -0.419439 0.142856
-0.092294 -0.451314 0.150970
-0.090174 -0.016268 -0.074766
-0.072275 -0.027208 -0.085378
-0.087104 -0.332258 0.131970
-0.085834 -0.352498 0.131915
-0.069956 -0.344367 0.123433
-0.185529 -0.186204 0.048741
-0.190874 -0.204638 0.047697
0.110687 -0.225675 0.167937
0.107853 -0.207044 0.169490
0.077890 -0.246254 -0.117816
0.057610 -0.252662 -0.123360
0.024597 -0.513662 -0.145303
0.008334 -0.524661 -0.133444
0.008613 -0.502522 -0.127088
0.074054 -0.078404 -0.104261
0.067862 -0.096302 -0.115876
0.048440 -0.086510 -0.103549
0.026761 -0.390540 0.134904
0.019645 -0.409456 0.144875
0.037723 -0.411996 0.129370
0.135673 -0.230867 0.097944
0.148278 -0.213204 0.085035
0.116850 -0.364859 0.156173
-0.145023 0.236625 0.049752
-0.015695 -0.435875 -0.125833
-0.026166 -0.415998 -0.128741
0.000975 -0.417838 -0.124643
-0.016485 -0.285623 -0.124123
-0.150705 -0.485162 -0.074791
0.197838 -0.267423 0.000284
0.178636 -0.269911 -0.012682
0.189119 -0.248901 -0.001653
0.130098 -0.455465 0.093536
0.138786 -0.436483 0.090302
0.124614 -0.474181 0.094787
-0.014829 -0.361458 -0.126635
-0.001577 -0.348616 -0.125790
-0.031430 -0.374706 -0.130810
0.101564 -0.157587 -0.088009
0.075185 -0.178706 -0.105399
-0.119851 -0.383489 0.090056
-0.136119 -0.368977 0.088060
0.014407 0.005824 0.171778
-0.005236 0.021833 0.169717
-0.009252 -0.003028 0.170363
-0.107463 0.184770 0.075739
-0.089839 0.191720 0.074933
-0.104289 0.200901 0.066979
-0.089789 0.185303 -0.099217
-0.100114 -0.269250 0.138625
-0.080556 -0.277011 0.126916
-0.083317 -0.252259 0.129887
0.011207 -0.426954 0.154599
0.004107 -0.447888 0.166894
0.017284 -0.445343 0.145714
0.079645 0.124483 -0.104000
0.081016 0.145167 -0.104890
0.101249 0.135788 -0.099290
-0.136038 0.085477 0.088397
0.008760 -0.391737 -0.125365
0.107849 -0.455150 0.136110
0.113769 -0.467581 0.151023
0.106325 -0.472622 0.134547
-0.116583 -0.197166 0.145592
-0.132331 -0.180557 0.137051
0.165863 -0.332731 0.075015
-0.029089 -0.179015 -0.115506
-0.174959 0.184737 -0.054233
-0.163544 0.173720 -0.051555
0.060662 0.054054 0.172335
0.055482 0.074034 0.172801
0.041815 0.059157 0.171935
-0.111231 -0.354191 0.150817
-0.132008 -0.348748 0.151651
-0.124083 -0.370063 0.155210
-0.169701 0.074627 -0.008958
-0.159594 0.045704 -0.008888
-0.171643 0.056887 0.013535
-0.175468 0.099356 -0.017585
-0.160589 0.080539 -0.032729
0.075941 -0.196782 -0.107463
-0.160815 -0.485629 0.014570
0.125749 0.256268 -0.058082
-0.101687 -0.158330 0.144929
-0.083329 -0.152106 0.137908
-0.097369 -0.137885 0.145256
-0.188643 -0.310505 -0.016343
-0.187346 -0.315256 -0.033600
0.082530 0.263544 -0.067632
0.110438 -0.420463 0.181048
0.125228 -0.340830 -0.098467
0.126852 -0.320479 -0.098084
0.137208 -0.332029 -0.091956
0.023294 -0.473485 -0.130308
0.027697 -0.491591 -0.140539
-0.103132 0.012265 0.132080
-0.112453 -0.009569 0.128854
0.038095 -0.350038 0.131031
0.122415 -0.206759 0.140657
0.123847 -0.184211 0.133599
0.025410 -0.424563 0.138036
0.032861 -0.431886 0.132134
0.152944 0.039499 0.009036
-0.067854 0.051629 -0.091423
-0.072471 0.038847 -0.087114
0.137194 -0.252130 -0.088047
0.150942 -0.242239 -0.069882
0.145872 -0.265253 -0.080033
0.005837 -0.441983 -0.124354
0.022667 -0.428319 -0.125162
0.078513 0.268985 0.000292
-0.121189 0.113402 0.106848
0.098084 0.212895 -0.094822
0.092491 0.230467 -0.088551
0.084771 -0.070342 -0.084863
0.071257 -0.057235 -0.097354
0.080109 -0.416845 -0.144577
0.077646 -0.408421 -0.158667
0.079970 -0.397408 -0.147360
0.112720 -0.220857 -0.096743
-0.118253 0.213264 0.057248
-0.097764 0.216369 0.058350
0.140317 -0.349307 -0.090940
0.127046 -0.360780 -0.097646
0.103109 0.197669 -0.096275
0.119417 0.207378 -0.086124
0.113672 0.189418 -0.092750
0.140420 -0.042149 -0.023941
0.128007 -0.020396 -0.029367
0.143734 -0.014427 -0.014973
0.192533 -0.451710 0.062736
0.196668 -0.467827 0.056773
0.201837 -0.452219 0.047585
0.071047 -0.117154 0.164780
0.056172 -0.106594 0.155811
-0.156860 0.136861 -0.059084
-0.135926 0.114297 -0.071601
-0.113451 0.283953 -0.017408
-0.100703 0.286360 -0.014756
0.145400 0.269026 -0.031359
0.162337 0.258952 -0.035556
0.143893 0.256133 -0.047672
0.019794 -0.241822 -0.122664
-0.037282 -0.509504 -0.094500
0.099603 0.045920 0.165197
0.080373 0.050067 0.171420
0.104219 0.026694 0.162502
0.085917 0.030724 0.169180
0.203167 -0.273576 0.041420
0.208655 -0.269068 0.018143
0.211183 -0.252994 0.028659
0.088737 -0.395105 -0.112923
0.098166 -0.373283 -0.104804
0.106183 -0.392575 -0.100972
0.000205 0.109642 -0.110836
-0.022299 -0.223013 0.161841
-0.178463 -0.495043 -0.049582
-0.164729 -0.500945 -0.064203
-0.173202 -0.515651 -0.053753
-0.020592 -0.166406 0.166995
-0.001867 -0.155714 0.169096
-0.038246 -0.337973 0.151211
-0.050632 -0.334590 0.131810
-0.044336 -0.352558 0.143460
-0.091054 -0.311346 0.132411
-0.155887 -0.512972 -0.045760
0.173495 -0.146381 0.049738
0.167593 -0.125585 0.050420
0.163279 -0.137280 0.050394
0.075920 -0.012024 -0.076774
-0.092469 0.246596 -0.077612
-0.106771 0.255928 -0.065133
0.106136 -0.535245 0.189138
0.212014 -0.293401 0.025252
0.210927 -0.287126 0.004117
0.172568 -0.504576 -0.011194
-0.024236 -0.205356 0.162666
0.183726 -0.381594 -0.004433
0.176766 -0.394653 -0.019527
-0.093063 0.283719 -0.003144
-0.106602 0.288697 0.001228
0.159017 -0.013663 0.043317
0.157054 -0.004014 0.030256
0.156646 0.004851 0.046272
-0.198671 -0.216361 0.024889
-0.126732 -0.227784 -0.101893
-0.116469 -0.244135 -0.107863
-0.000582 -0.374356 0.162159
0.013489 -0.394407 0.151467
0.015608 -0.371332 0.144924
-0.131265 -0.533883 0.165756
-0.012196 -0.148658 -0.100193
-0.009405 -0.169656 -0.105902
0.156841 -0.057034 0.057873
0.165965 -0.043091 0.053204
0.151101 -0.037732 0.069435
0.142190 0.071367 0.109770
0.126582 -0.074657 -0.050851
0.139761 -0.067059 -0.032412
0.157887 0.152614 -0.069592
0.146301 0.169077 -0.078906
0.163686 0.171563 -0.067536
-0.095990 -0.533171 0.079426
-0.109052 -0.531911 0.072438
0.041060 -0.484791 -0.163098
0.035182 -0.506037 -0.160327
0.133439 0.220127 0.045994
-0.082963 0.046569 0.152809
-0.102530 0.049877 0.137474
-0.092875 0.029773 0.141874
-0.036021 -0.317411 -0.132496
-0.021261 -0.321797 -0.125908
-0.035926 -0.334588 -0.132714
-0.140077 -0.249017 0.077035
-0.145223 -0.232724 0.072708
-0.155697 -0.244143 0.067312
-0.096216 -0.439191 -0.116923
-0.098133 -0.458956 -0.114740
-0.111239 -0.445121 -0.103536
-0.140545 -0.479257 0.150765
-0.140030 -0.494569 0.142639
0.007260 -0.020121 0.172188
0.024013 -0.034274 0.171948
-0.089821 0.230166 0.046645
0.082255 -0.406906 -0.129654
0.087967 -0.419208 -0.113281
0.022660 -0.408731 -0.124961
-0.153143 -0.443340 -0.074392
-0.163627 -0.451063 -0.066971
0.153959 -0.358396 -0.074914
0.169104 -0.356804 -0.055222
0.165132 -0.379275 -0.062187
-0.099744 -0.342406 0.142418
0.174601 -0.115608 0.011853
-0.122937 -0.263738 0.145277
0.157937 0.270296 -0.018982
-0.132730 0.254898 0.047736
-0.127059 0.231960 0.051234
-0.076609 -0.455810 -0.130291
-0.025328 -0.128649 -0.102040
-0.041681 -0.130100 -0.111017
-0.041661 -0.113407 -0.107015
-0.096850 -0.118192 0.147224
-0.114603 -0.111157 0.147217
-0.109624 -0.126710 0.149178
0.007446 -0.115087 -0.101742
0.025921 -0.097102 -0.101071
0.031127 -0.123105 -0.105000
0.015507 -0.007135 -0.084384
-0.005679 -0.008371 -0.085872
-0.099324 0.207726 -0.089834
-0.118257 0.207716 -0.081838
-0.156439 -0.389802 0.076003
-0.169482 -0.406659 0.069366
-0.175409 -0.384405 0.066927
-0.096494 0.279527 0.013386
-0.088957 0.277633 0.007706
0.115467 -0.410956 -0.097524
0.099015 -0.409694 -0.103723
-0.173622 -0.129840 0.006346
-0.175486 -0.116444 0.027661
-0.128584 0.281144 -0.018872
-0.117399 0.274325 -0.038506
-0.127538 0.260026 -0.048324
-0.188643 -0.296794 -0.004305
-0.169411 -0.288586 -0.060988
-0.171688 -0.267091 -0.054360
-0.159076 -0.274107 -0.076160
-0.122172 -0.073247 0.133981
-0.124624 -0.058016 0.126661
-0.149020 0.257736 0.042787
-0.135325 0.275616 0.034252
0.193467 -0.505055 0.058250
0.188351 -0.484307 0.065339
0.177741 -0.502721 0.071989
-0.105109 -0.542885 -0.111954
-0.034258 -0.303448 0.153002
-0.016718 -0.309379 0.160444
-0.204011 -0.360087 0.058189
-0.212176 -0.376324 0.055049
-0.195462 -0.379100 0.063044
0.139115 0.144499 -0.083083
0.118576 0.149909 -0.093426
0.120851 0.127883 -0.091641
0.002971 -0.046319 0.172179
0.147222 -0.454955 0.086341
0.169430 -0.316073 -0.054459
0.174974 -0.316035 -0.033703
0.172591 -0.335672 -0.046199
0.174463 -0.284336 -0.029348
0.171263 -0.303709 -0.045840
0.170711 -0.277710 -0.048742
0.067750 0.089622 0.166814
0.050783 0.090029 0.167342
-0.021312 -0.086069 -0.090621
-0.000318 -0.074503 -0.089239
0.001380 -0.094226 -0.093983
0.130782 0.275580 -0.024693
0.144710 0.277066 -0.012096
0.144081 0.105079 0.090570
0.154856 0.120149 0.069416
-0.200606 -0.358205 0.018395
-0.213563 -0.335337 0.033145
-0.141183 0.145211 0.068472
-0.150585 0.127239 0.058730
-0.197875 -0.289360 0.054290
-0.183877 -0.274977 0.055770
-0.071703 -0.251843 -0.128793
-0.066623 -0.235772 -0.132084
-0.054154 -0.244146 -0.139994
-0.136090 -0.467978 -0.085222
-0.129129 -0.489117 -0.087545
-0.063289 -0.399962 -0.134667
-0.074593 -0.385232 -0.131602
0.113945 0.040220 0.151858
-0.043551 -0.317499 0.143851
-0.046049 -0.296277 0.139519
-0.055912 -0.309323 0.128249
0.117201 0.278667 -0.002538
0.129133 0.280520 -0.005497
0.119856 0.279755 -0.018217
0.127035 0.052007 0.141807
-0.168959 -0.250857 -0.060556
-0.174069 -0.243928 -0.049482
0.081153 -0.363084 -0.138992
0.085563 -0.369839 -0.119164
0.081789 -0.384721 -0.133216
-0.155717 -0.533776 -0.051635
-0.116067 -0.268908 0.098654
-0.123592 -0.285722 0.088815
0.061593 -0.425615 0.140154
0.071485 -0.426907 0.160128
-0.214724 -0.362508 0.038897
-0.187571 -0.394991 0.018065
-0.185299 -0.379049 0.009474
-0.058053 -0.468958 -0.133721
-0.048634 -0.453751 -0.132192
0.053713 -0.404811 0.132986
0.048557 -0.423678 0.130849
-0.049904 0.142215 0.115403
-0.031282 0.139883 0.117635
-0.181287 -0.190678 0.000092
-0.179338 -0.173532 0.000686
0.132206 0.186611 -0.085483
0.115091 0.171951 -0.093815
-0.137211 -0.324381 -0.093751
-0.120951 -0.339661 -0.103902
-0.137807 -0.349558 -0.091206
-0.116097 -0.317608 -0.108643
0.005065 0.111297 0.147960
0.022173 0.105633 0.154732
0.024656 0.123741 0.137848
-0.012182 -0.512641 -0.124934
-0.007329 -0.535192 -0.126324
-0.025781 -0.528560 -0.122154
0.115931 -0.462952 -0.095964
0.130455 -0.449953 -0.096182
0.134105 -0.470103 -0.093979
-0.132328 -0.487371 0.082701
-0.149713 -0.495127 0.080150
-0.136955 -0.506774 0.082371
0.044990 -0.021623 -0.081414
0.051550 -0.034189 -0.087136
0.033759 -0.037717 -0.081447
-0.080465 0.280788 -0.005782
0.167689 0.262610 0.021715
-0.161690 -0.369297 0.072719
-0.148625 -0.375224 0.081632
-0.149555 -0.357880 0.081058
0.131979 -0.001547 -0.022860
0.078673 -0.519187 -0.164678
0.068928 -0.536265 -0.171495
0.066570 -0.518361 -0.172456
0.064089 -0.542394 -0.172424
0.071110 -0.552880 -0.170681
-0.186043 -0.406318 -0.040546
-0.188952 -0.386019 -0.030194
-0.181555 -0.383096 -0.050722
0.079798 -0.305848 -0.141883
0.055473 -0.310658 -0.138766
-0.040344 -0.408270 0.157427
-0.021510 -0.397563 0.173443
-0.036700 -0.383447 0.160344
-0.150945 -0.460332 -0.075014
-0.137058 -0.371121 -0.090157
-0.122950 -0.377845 -0.099161
-0.132221 -0.390830 -0.091788
-0.107170 -0.375105 -0.111684
-0.122128 -0.360831 -0.101031
-0.141157 -0.459321 0.147376
-0.149785 -0.478152 0.079690
-0.129368 -0.464318 0.084070
-0.142728 0.007563 0.042659
0.120169 -0.317458 0.111104
0.113365 -0.326337 0.128452
-0.067372 -0.095002 0.147548
-0.062357 -0.119966 0.148933
-0.138967 -0.111107 0.066194
-0.132695 -0.091553 0.070226
-0.150136 -0.099004 0.053791
-0.157464 -0.117989 0.053769
-0.114533 0.262759 -0.054332
0.088144 -0.239950 -0.108607
0.077210 -0.227438 -0.113677
0.092158 -0.224501 -0.104657
0.079198 -0.323775 -0.148060
0.053754 -0.325855 -0.144083
0.059901 -0.314784 -0.158876
0.056301 -0.189181 -0.113157
0.130974 0.164651 -0.088983
0.099812 0.157616 -0.100675
0.127010 -0.252315 0.107263
0.121707 -0.252043 0.123262
0.121372 -0.268778 0.119497
0.156895 -0.500117 0.084784
0.119122 0.045880 -0.058372
0.111647 0.061596 -0.070373
0.134849 0.065024 -0.055220
-0.178749 -0.508704 0.078320
-0.165943 -0.492413 0.075026
-0.054847 -0.134206 -0.116032
-0.042808 -0.147301 -0.114987
-0.095797 -0.312509 -0.120808
0.127977 -0.091839 -0.056344
0.116380 -0.317536 0.147681
0.115165 -0.306840 0.165112
0.115449 -0.326793 0.164398
0.153111 -0.539053 0.057834
0.138965 -0.543638 0.084906
0.181932 -0.463790 0.068918
0.124462 -0.018879 -0.046062
0.127043 -0.036468 -0.042462
-0.139436 -0.408966 -0.083392
-0.118098 0.254102 -0.066186
-0.168644 -0.526854 0.078239
0.017910 -0.342316 -0.126568
0.005733 -0.409456 0.160898
-0.022377 0.034578 0.167585
-0.002584 0.047477 0.168803
-0.128904 -0.124717 -0.082613
-0.137430 -0.141660 -0.079011
-0.121421 -0.143827 -0.091125
0.151628 -0.158809 -0.053841
0.140242 0.047277 0.110659
-0.023687 0.161418 0.091728
0.121144 -0.117602 0.154532
0.124535 -0.121840 0.129640
0.123857 -0.101361 0.141710
-0.100495 -0.397071 -0.115621
-0.103331 -0.405593 0.102435
-0.113162 -0.390115 0.116446
0.154890 0.012217 0.028887
0.155092 0.033307 0.028019
-0.001807 -0.330108 -0.123919
0.016518 -0.320418 -0.126749
-0.050524 -0.018947 0.160930
-0.045015 0.002812 0.162909
-0.063134 -0.005972 0.156553
-0.168317 -0.310115 -0.064563
-0.155425 -0.317999 -0.079634
0.206170 -0.223926 0.032791
0.201572 -0.219265 0.019715
0.200246 -0.195583 0.037636
0.103390 -0.430331 -0.101418
0.108227 -0.352804 -0.101039
0.115397 -0.374754 -0.098835
0.068219 -0.478722 0.150338
0.050753 -0.443888 0.132378
0.043272 -0.460624 0.131772
-0.011883 0.119598 0.140566
0.014146 0.136944 0.122626
0.004281 0.125692 0.134749
0.092777 -0.243135 0.170595
-0.107525 -0.077074 0.148574
-0.090994 -0.063239 0.149167
-0.113145 -0.053737 0.141290
-0.108040 -0.501745 0.119687
0.131027 -0.083455 0.110188
0.126803 -0.101282 0.120884
0.135237 -0.102232 0.100805
-0.119820 -0.092460 0.141410
-0.129699 -0.110633 0.131389
0.039897 -0.420196 -0.134193
0.045456 -0.431517 -0.155267
0.037715 -0.438213 -0.137191
0.141324 -0.376528 0.093320
0.126602 -0.056027 -0.045138
-0.098943 -0.403914 0.149628
-0.083779 -0.403921 0.135599
0.077679 -0.426045 -0.159748
0.057815 -0.413004 -0.170138
0.149699 -0.290029 -0.079827
0.156154 -0.313977 -0.070498
0.142764 -0.314791 -0.087611
0.124203 -0.222185 0.129553
0.120235 -0.225126 0.149563
0.121312 -0.243009 0.138521
-0.115932 -0.392939 -0.103261
-0.110385 0.167434 0.085213
-0.124472 0.174364 0.071387
-0.126773 0.156674 0.077724
-0.123630 0.194501 0.064039
-0.135142 -0.125487 0.112996
-0.128642 -0.141245 0.102800
0.055579 -0.170022 -0.111035
0.054880 -0.150047 -0.113056
0.074983 -0.161759 -0.104203
-0.090834 -0.533635 0.092570
0.094280 -0.081398 -0.070142
0.110114 -0.096222 -0.071344
0.094070 -0.103536 -0.072262
-0.120746 -0.000976 0.094797
-0.120628 -0.014700 0.110117
-0.166762 -0.237148 0.057089
-0.182690 -0.240995 0.052062
-0.169751 -0.257279 0.058826
-0.025999 -0.142308 -0.107538
-0.096910 -0.457093 0.101707
-0.107607 -0.445983 0.117416
-0.100909 -0.440394 0.091831
0.087338 -0.443266 -0.113624
0.100343 -0.454129 -0.102176
0.086531 -0.467732 -0.113062
0.114292 -0.445284 -0.096887
0.149517 -0.074652 0.075111
0.160304 -0.079695 0.054265
0.104994 -0.464118 0.119651
-0.197181 -0.227291 0.045709
-0.203474 -0.241133 0.026148
-0.201351 -0.249658 0.045297
0.053736 -0.341120 -0.153431
0.077855 -0.359072 -0.155200
-0.028154 -0.065008 0.172511
0.069507 -0.095031 0.164125
-0.187318 -0.382971 -0.009984
-0.188982 -0.368034 -0.024673
-0.182067 -0.147746 0.034613
-0.184756 -0.139854 0.012452
-0.188967 -0.163838 0.023595
-0.146323 -0.082129 -0.040954
-0.128685 -0.217951 0.104519
0.033794 0.060814 -0.098523
0.043983 0.079160 -0.101511
-0.111103 -0.388082 0.154605
-0.103353 -0.371014 0.148524
-0.135734 -0.159858 0.129273
-0.132414 -0.160249 0.105800
-0.138319 -0.174426 0.119510
-0.118853 -0.443012 0.085061
-0.108793 -0.423621 0.088725
-0.101427 0.103672 0.135881
-0.109648 0.082209 0.135997
-0.088746 0.088318 0.150578
-0.015903 0.027802 -0.093889
-0.144316 -0.177321 0.067436
-0.128120 -0.169623 0.082237
-0.136028 -0.157718 0.074292
-0.015001 -0.123803 0.170077
0.001631 -0.134744 0.170918
0.003953 -0.109682 0.171673
0.180552 0.151893 -0.046965
0.173359 0.162818 -0.057226
0.167587 -0.064021 0.041381
0.140066 0.241891 0.041018
0.124566 0.236227 0.036516
-0.131753 -0.160279 -0.089596
-0.146472 -0.158794 -0.076789
0.184766 -0.489682 0.003164
0.040448 -0.396893 0.129126
0.153274 -0.142743 0.058812
0.151457 -0.120291 0.058208
0.138786 -0.064454 0.099041
0.128122 -0.064830 0.123021
0.167386 -0.188538 -0.035553
0.205667 -0.243335 0.005204
0.145779 0.044424 -0.020847
0.136117 0.045130 -0.039505
0.148467 0.062090 -0.033267
-0.092633 -0.506076 0.093308
-0.093542 -0.508779 0.110232
-0.095220 -0.493650 0.111517
-0.092138 -0.523346 0.109751
-0.088582 -0.527085 0.100317
-0.007812 0.156322 0.096082
-0.092085 -0.155132 -0.098923
-0.111457 -0.163914 -0.097335
-0.105659 -0.145586 -0.093785
-0.132485 -0.125290 0.075391
0.141291 0.204181 0.051680
0.148847 0.174763 0.066833
-0.020281 0.083611 -0.106320
0.080457 -0.343408 -0.144471
-0.093653 -0.176313 -0.104716
-0.109441 -0.185162 -0.102663
0.036014 -0.244498 0.139598
0.022142 -0.261215 0.143042
0.088364 -0.366746 0.182592
0.088062 -0.352089 0.180515
-0.068116 0.100444 0.153862
-0.071212 0.083527 0.160695
-0.107489 0.141551 -0.093385
-0.112767 0.117804 -0.088621
-0.130671 0.140798 -0.080084
-0.124413 -0.104073 0.089406
-0.123186 -0.084493 0.087807
-0.061657 -0.265803 -0.136126
-0.038754 -0.257385 -0.134215
-0.043658 -0.279420 -0.137739
0.079400 -0.446973 -0.155740
0.148324 -0.457090 -0.087093
-0.169429 -0.106572 0.040478
0.037775 -0.119844 0.155392
0.039617 -0.092700 0.158206
0.127925 0.072609 0.141190
0.115880 0.084777 0.149061
-0.001376 -0.316818 0.154393
-0.012011 -0.329072 0.160568
0.000711 -0.334533 0.155865
-0.023629 -0.342467 0.163230
-0.029717 -0.323058 0.157212
-0.086890 0.143904 -0.102299
-0.086598 -0.478181 0.145784
-0.101796 -0.490849 0.162069
-0.090876 -0.498029 0.150977
-0.091494 -0.041918 0.150815
-0.124101 0.287283 -0.000841
0.022521 0.065633 0.169911
0.020623 0.090997 0.163957
-0.113777 -0.071053 -0.079624
-0.103918 -0.093570 -0.081232
0.180181 -0.288781 -0.012796
0.191312 -0.287523 -0.002604
-0.133902 -0.050566 -0.054529
-0.052285 0.092172 0.159032
0.081241 -0.330264 -0.135013
0.082591 -0.344836 -0.125012
-0.050760 -0.563611 -0.122110
0.032998 -0.142085 -0.107458
-0.120847 -0.203557 -0.102076
-0.140137 -0.215401 -0.091694
-0.139579 -0.193295 -0.089361
-0.034673 -0.354365 -0.132326
0.197866 -0.197069 0.019335
0.192219 -0.175982 0.012447
0.196247 -0.178976 0.029537
0.135976 0.014153 -0.019398
0.135215 0.028570 -0.027260
0.029859 -0.368156 0.132262
0.037865 0.098261 0.161205
0.038065 0.079916 0.169997
0.068741 -0.438153 -0.171669
-0.077080 0.213780 0.053839
0.080089 -0.003360 0.171529
0.088618 -0.022794 0.171657
0.070414 -0.134959 -0.127289
0.053060 -0.132786 -0.114508
0.133317 0.260599 0.029785
0.168923 -0.206781 -0.031740
-0.016292 -0.359756 0.168018
-0.006715 -0.348310 0.161858
0.200197 -0.307630 0.000428
0.213512 -0.311760 0.017263
0.111864 0.093602 -0.086542
0.129767 0.099140 -0.075906
0.121960 0.079729 -0.073116
-0.056808 -0.205665 -0.134091
-0.180815 -0.508139 -0.034628
0.051120 -0.374254 -0.144870
0.196712 -0.436222 0.055664
0.142864 -0.252902 0.091610
-0.081929 0.109777 0.142192
-0.116543 0.098490 0.122028
0.048063 -0.066816 -0.098436
0.049458 -0.048627 -0.091411
0.102647 -0.089651 0.171325
0.106657 -0.111571 0.169949
-0.066780 -0.365810 -0.133370
-0.084044 -0.513490 0.144527
-0.081097 -0.129799 0.141100
-0.106343 0.065960 -0.079173
-0.085496 0.057407 -0.088643
-0.165713 0.226301 -0.052744
-0.138059 -0.292313 0.124159
-0.132884 -0.272170 0.114599
-0.122583 -0.286789 0.110201
-0.149825 -0.034361 -0.004023
-0.140051 -0.028238 -0.017974
-0.145199 -0.047309 -0.019575
-0.182135 -0.258479 -0.039892
-0.183902 -0.238022 -0.032389
-0.178673 -0.363675 -0.053897
-0.169428 -0.374125 -0.067901
-0.194393 -0.320710 0.059099
-0.209526 -0.325676 0.049827
-0.197375 -0.340713 0.059484
-0.192510 -0.304409 0.058585
-0.206618 -0.305996 0.050463
0.072273 0.015206 0.171055
0.092416 0.012106 0.168710
0.089901 -0.414893 0.188833
0.074182 -0.405645 0.171761
0.077170 -0.429178 0.180927
0.152770 -0.235196 0.081375
0.165343 -0.240451 0.065573
-0.140554 -0.282495 -0.093317
-0.157308 -0.296811 -0.079160
-0.052800 -0.359130 0.129785
-0.071104 -0.366621 0.123778
-0.031150 -0.441417 0.176067
-0.027143 -0.455759 0.179793
-0.014339 -0.441490 0.179332
-0.165401 -0.280279 0.063816
-0.119223 -0.369249 0.118362
-0.127464 -0.386659 0.123566
-0.132676 -0.370443 0.126621
0.043140 -0.039906 0.163103
0.124677 0.015387 0.134450
-0.126434 -0.123803 0.097652
-0.086279 -0.075725 -0.085811
0.027828 -0.451744 0.135112
0.019655 -0.469488 0.141440
0.161908 -0.081769 0.007484
0.161015 -0.062103 0.011997
0.170206 -0.072292 0.024083
-0.185019 -0.431800 -0.040596
0.095542 -0.434357 0.191210
0.100988 -0.453755 0.193039
-0.142039 -0.230419 -0.091715
-0.154211 -0.232471 -0.079154
-0.139939 -0.447111 -0.082695
0.145398 0.040478 0.088313
-0.207231 -0.263678 0.029405
0.007828 -0.350976 0.152570
-0.180881 -0.173589 -0.017271
-0.176847 -0.176644 -0.038257
-0.139225 -0.057056 0.055242
-0.139207 -0.036177 0.052720
-0.152486 -0.047695 0.043104
0.068936 -0.356235 0.150954
0.071169 -0.338224 0.156236
0.052297 -0.297275 0.130852
-0.020330 -0.064521 -0.087976
0.001333 -0.053712 -0.087178
0.189337 -0.228722 0.000423
0.079111 -0.212602 -0.108788
-0.157146 0.238692 -0.048226
-0.136848 0.049885 0.077482
-0.132400 0.033605 0.075286
-0.124980 0.035884 0.092153
-0.158323 0.032182 0.010742
0.104766 -0.381579 0.182088
0.103421 -0.365884 0.181305
0.192587 -0.437011 0.002897
0.210152 -0.438728 0.000335
0.202526 -0.454816 0.000727
0.051262 -0.314873 0.129129
0.011698 -0.261610 -0.121118
0.124220 -0.392221 -0.097284
-0.124041 -0.454166 -0.092636
-0.098724 -0.490393 0.087313
-0.112916 -0.478957 0.081839
-0.114218 -0.500459 0.081177
-0.023695 -0.009221 -0.085700
-0.019045 0.007947 -0.087540
0.156590 0.024574 0.047211
0.152078 0.013320 0.064702
-0.060125 -0.244464 0.131227
-0.173167 0.097739 0.002886
0.162012 -0.032334 0.038499
0.157863 -0.025004 0.059297
0.184914 -0.284405 0.055913
0.198863 -0.302074 0.046603
-0.146949 -0.428195 -0.078203
0.042014 0.127508 -0.108411
0.026494 0.135843 -0.106833
0.058514 0.116712 -0.107804
0.060874 0.135975 -0.108548
0.080067 -0.470517 -0.154972
0.069035 -0.477250 -0.170679
0.077516 -0.489985 -0.165431
0.055369 -0.086445 0.157664
0.066074 -0.073235 0.162671
-0.126811 -0.068302 0.072994
-0.149059 -0.032448 0.034192
-0.127939 -0.069659 -0.066890
0.004354 -0.260957 0.153560
0.168373 -0.471751 -0.017434
0.169862 -0.455879 -0.015180
0.142048 -0.086629 0.090550
-0.032906 -0.360395 0.159060
-0.018757 -0.378582 0.170550
-0.108451 -0.295610 -0.113887
-0.099895 -0.275760 -0.117680
0.185565 -0.239111 0.048064
0.168760 -0.265851 0.065693
0.151758 0.045630 -0.005737
0.025313 -0.076152 -0.095405
0.011829 -0.081044 -0.097520
0.015471 -0.063119 -0.096954
0.207509 -0.435858 0.038554
-0.186615 -0.420919 0.067907
-0.203791 -0.432579 0.068445
-0.186800 -0.441777 0.071133
0.101368 0.111067 -0.097496
0.074936 0.103643 -0.102282
-0.024250 -0.218198 -0.119144
0.114391 -0.286064 -0.100181
0.112189 -0.308185 -0.101565
-0.103167 -0.519079 0.083136
0.137935 -0.487048 0.088444
0.134869 -0.509741 0.089965
0.031599 -0.326748 -0.125743
-0.053053 -0.224521 -0.138036
-0.070128 -0.221536 -0.127107
0.113133 -0.146098 -0.084234
0.114259 -0.127963 -0.080372
0.103477 0.074628 -0.083855
-0.010787 -0.066470 0.171753
-0.083228 -0.534054 0.143923
0.157787 -0.020665 0.022900
0.036044 -0.004847 -0.080750
0.068382 -0.406950 0.149663
0.116515 -0.346146 0.160044
0.114450 -0.336335 0.144824
0.103820 0.135931 0.118407
0.084395 0.128563 0.131566
0.101607 0.116516 0.137842
-0.044024 -0.433126 0.154109
-0.039658 -0.447762 0.167021
-0.038786 -0.431241 0.165505
0.072292 -0.458533 -0.168838
-0.175491 -0.127851 0.037338
0.104840 0.032306 -0.062484
0.108882 0.010810 -0.053453
0.121566 0.029241 -0.044928
-0.168483 -0.494775 0.002922
0.124471 -0.236300 0.117487
-0.092926 -0.134888 -0.092945
0.079819 -0.160293 0.167410
0.085047 -0.180588 0.168877
0.119703 -0.291797 0.115804
0.115500 -0.306047 0.132110
0.137161 -0.490747 -0.093501
0.120914 -0.503759 -0.093866
0.081500 -0.481279 -0.133421
0.081269 -0.494286 -0.140130
0.080340 -0.484918 -0.156259
0.081929 -0.517722 -0.144014
-0.137627 -0.006065 -0.017602
-0.135112 -0.020865 -0.033972
-0.162084 -0.324797 0.069408
-0.179386 -0.334551 0.063350
-0.093270 0.262712 -0.065511
-0.090446 0.273479 -0.054543
0.218716 -0.456981 0.000694
0.229802 -0.468774 0.010822
0.211307 -0.470317 -0.001361
0.113944 -0.521964 0.102143
0.107394 -0.501225 0.107345
-0.057166 0.021375 -0.086677
-0.073617 -0.009551 -0.081114
-0.064414 0.004174 -0.081889
-0.106331 0.116947 0.120329
0.122317 -0.067015 0.148040
0.103026 -0.065965 0.169604
-0.062029 -0.265448 0.128413
0.161962 0.111988 0.052771
-0.140285 -0.434808 0.147968
-0.234792 -0.508382 0.032709
-0.230268 -0.508983 0.018630
0.118788 -0.282172 0.138307
0.117763 -0.299696 0.149674
0.118937 -0.262342 0.152664
0.119897 -0.261543 0.134488
0.158554 -0.109121 -0.016373
-0.040478 -0.095463 -0.099091
-0.020876 -0.109705 -0.094077
0.104298 -0.336416 0.177673
0.087944 -0.337466 0.178592
0.123909 -0.160177 0.140069
0.123126 -0.138686 0.147021
0.163828 0.231399 0.038079
-0.094388 0.043609 -0.079354
0.036247 0.139143 0.122213
0.094581 0.057274 -0.080850
0.103343 0.047492 -0.070524
-0.130252 -0.199162 0.103487
-0.130922 -0.180767 0.104897
-0.128900 -0.188208 0.080209
0.052747 -0.191459 0.143910
0.036119 -0.203723 0.145927
-0.117856 -0.427900 0.122383
-0.128696 -0.441703 0.128264
0.094006 -0.337698 -0.108554
0.082449 -0.328537 -0.122363
0.118981 0.117749 0.123334
0.125376 -0.046226 0.135768
0.007754 -0.462096 -0.123929
-0.154864 -0.191289 0.057987
-0.166165 -0.176279 0.050755
-0.171269 -0.197205 0.050707
-0.054616 0.095861 -0.105080
-0.073353 -0.051264 0.150063
-0.172634 -0.500741 -0.016998
-0.174604 -0.479915 -0.012018
-0.090185 -0.256062 -0.120610
-0.080521 -0.237746 -0.121913
-0.079678 -0.271999 -0.125439
0.177078 -0.334408 -0.029856
0.109710 0.008720 0.160763
0.100061 -0.006475 0.168543
0.187295 -0.211771 0.048364
0.171878 -0.226208 0.054148
0.149952 -0.179038 -0.058989
0.166046 -0.170235 -0.041385
-0.040425 -0.268303 0.148651
-0.048082 -0.257624 0.140277
-0.047579 -0.276140 0.137833
0.069712 -0.489330 0.165656
-0.122388 -0.462912 0.126283
0.117431 -0.211581 0.157170
-0.189029 -0.348727 -0.021453
-0.187185 -0.362663 -0.005248
-0.126696 0.052162 0.100402
0.197278 -0.401045 0.055114
-0.157305 0.251669 -0.038961
-0.173140 0.245900 -0.039324
-0.079418 0.280339 -0.045331
-0.089559 0.285785 -0.023616
0.204762 -0.469381 0.039850
0.200566 -0.486595 0.049190
0.114191 -0.374108 0.170824
0.111744 -0.356400 0.173456
0.067145 0.083972 -0.098279
-0.060161 0.035110 0.159131
-0.115655 -0.463188 0.163449
-0.096525 -0.471100 0.156528
-0.053967 -0.037512 -0.087543
-0.056789 -0.015280 -0.084549
0.154521 -0.071672 -0.008364
0.154709 -0.077649 -0.026999
0.152950 -0.061273 -0.021409
-0.160251 -0.071203 -0.005815
-0.163522 -0.088263 -0.004660
-0.163652 -0.080833 0.010680
0.136986 0.159898 0.083357
0.157305 0.159846 0.066647
-0.138277 -0.258602 0.130732
-0.135998 -0.277403 0.136674
-0.187551 -0.335860 -0.036848
-0.178740 -0.323063 -0.051237
0.041514 -0.374711 -0.128334
0.173193 -0.093166 0.018096
0.163280 -0.101850 0.002955
-0.062431 -0.464275 0.131407
-0.049989 -0.443393 0.136982
0.010409 -0.463866 0.156013
-0.182955 -0.467070 -0.025575
-0.182411 -0.474638 -0.044838
-0.099962 -0.193001 0.140720
-0.101361 -0.207561 0.140570
0.204873 -0.508244 0.013118
0.207117 -0.487741 0.031428
0.204977 -0.506079 0.039306
-0.023621 -0.421182 0.175685
-0.001989 -0.425090 0.171694
0.024108 -0.102873 0.165886
0.173720 -0.214164 -0.010171
0.190491 -0.210861 0.003076
0.169445 -0.401187 -0.047504
-0.100746 -0.055473 -0.076428
-0.161488 -0.252437 -0.071937
-0.166168 -0.234530 -0.066383
0.168509 -0.523081 0.078188
-0.126428 0.075422 -0.066067
-0.116061 0.091947 -0.081516
0.027067 -0.143806 0.159100
0.019011 -0.126222 0.166346
-0.129475 0.071999 0.105160
-0.133839 0.065786 0.088620
-0.036338 0.023160 -0.089778
-0.040953 0.001225 -0.084405
-0.129627 -0.245289 0.141233
-0.074838 -0.140414 -0.106557
0.215541 -0.435831 0.024023
-0.149980 -0.337215 0.080816
-0.147444 -0.313703 0.081353
-0.087033 -0.085024 0.147546
-0.100632 -0.097969 0.149472
0.039424 -0.302034 -0.125576
-0.139834 -0.014890 0.048731
-0.133095 0.002588 0.061816
0.136202 0.119323 -0.079424
0.138215 -0.469044 0.087511
-0.016967 -0.145252 0.168628
-0.082543 -0.107058 0.144308
0.154922 -0.139277 -0.048124
-0.153334 -0.205058 -0.077771
0.037819 -0.294435 0.130829
-0.120747 0.002888 -0.052719
-0.139203 -0.360733 0.138389
0.032063 -0.224944 0.144332
0.142286 -0.215014 -0.072617
0.137948 -0.191663 -0.073613
0.158177 -0.254544 0.077159
-0.027572 -0.271392 -0.125759
-0.052296 -0.181907 0.148370
-0.041970 0.024284 0.163894
-0.059719 0.014443 0.158557
0.147471 -0.051605 0.081598
-0.088842 0.009233 0.148384
-0.073371 0.006086 0.153599
-0.076018 0.023319 0.152638
-0.070028 -0.119131 -0.111901
0.149993 -0.269836 0.086247
0.157139 -0.287142 0.081183
0.141638 -0.285458 0.095444
-0.108832 -0.178786 0.146200
-0.088375 -0.176785 0.136554
0.110289 -0.487517 0.143712
0.124743 -0.144942 0.124735
0.146705 0.020116 0.084355
-0.075237 0.255973 0.016894
0.018711 -0.043510 -0.091186
0.025257 -0.024014 -0.083704
-0.198531 -0.405056 0.022293
-0.211749 -0.416231 0.017968
-0.210843 -0.399805 0.018391
-0.149782 -0.159508 0.059185
-0.055121 -0.104842 -0.106561
0.129467 0.278025 0.011243
0.125948 0.267924 0.013074
0.189846 -0.382890 0.058850
0.132346 -0.362323 0.100025
-0.139329 -0.241787 0.123131
-0.129601 -0.254630 0.108673
-0.137871 0.095240 -0.066564
0.140642 -0.388290 -0.092494
0.130018 -0.377138 -0.096933
0.142455 -0.369252 -0.091013
0.009425 0.159657 0.093924
-0.047426 -0.528328 0.146365
-0.055628 -0.519693 0.137681
0.052889 -0.116293 -0.114390
-0.178857 -0.197117 -0.030835
-0.151913 0.152696 0.051163
-0.156798 0.179303 0.046640
0.091139 0.280069 -0.014413
0.017103 -0.243926 0.148577
-0.154986 -0.053674 0.029728
-0.157868 -0.058781 0.010878
-0.160795 -0.073208 0.029272
0.119347 -0.161163 -0.088129
0.167514 -0.425998 -0.048626
0.171867 -0.419264 -0.026788
-0.137841 -0.040133 -0.035109
-0.141228 -0.059699 -0.037485
-0.127328 -0.237142 0.105653
0.168037 -0.233430 -0.050946
0.110038 -0.329411 -0.101625
-0.126522 -0.180132 -0.097105
-0.177268 -0.458225 -0.009205
-0.110734 -0.492239 -0.098823
-0.201843 -0.381193 0.020715
0.079949 -0.030670 -0.082968
0.090449 -0.022136 -0.067143
0.091309 -0.041356 -0.069220
0.128947 0.268015 -0.042761
-0.212044 -0.311978 0.033541
-0.183769 -0.236934 -0.013687
-0.027526 -0.496903 -0.125688
0.080425 -0.501741 -0.156655
0.071990 -0.504164 -0.168996
0.169801 -0.192107 -0.015571
0.174656 -0.175471 0.000816
0.182960 -0.194731 0.002390
-0.156239 -0.225853 0.062892
-0.198331 -0.471328 0.021498
0.046757 -0.506997 -0.172857
0.041631 -0.519469 -0.171332
0.061659 -0.051536 0.163128
0.080220 -0.059260 0.170833
0.083225 -0.279251 0.167639
0.112917 -0.344829 0.126025
0.097768 -0.139941 -0.083744
0.094867 -0.121575 -0.077588
0.130620 -0.301608 0.103151
0.132098 -0.274780 0.101192
0.085319 -0.050688 -0.082610
0.197926 -0.369529 0.053554
0.208034 -0.365048 0.042333
-0.132452 -0.420627 0.131089
0.115755 0.021434 0.148898
0.150453 0.224783 0.043357
-0.150626 0.274908 0.025841
-0.168671 -0.472299 0.073507
0.070935 0.168233 0.095093
-0.128340 -0.300637 -0.101649
-0.121151 -0.278693 -0.107168
0.152157 -0.382167 -0.079096
-0.152420 -0.066122 -0.022864
0.073532 -0.194531 0.158046
-0.068707 -0.520565 0.136810
-0.074346 -0.536719 0.139405
-0.111556 -0.522103 0.122489
0.087994 -0.308251 0.175058
0.097656 -0.296861 0.175887
-0.025877 0.012085 0.169153
-0.139623 -0.226101 0.116887
-0.117734 -0.407232 0.158594
-0.019612 0.055531 0.166551
-0.040775 0.045406 0.164661
-0.152041 -0.507691 -0.073226
-0.145540 -0.525110 -0.077225
-0.159639 -0.521429 -0.066435
0.172519 0.147167 0.017894
-0.155410 -0.065042 0.048614
0.169514 -0.441498 -0.031565
0.167229 -0.462233 -0.033186
-0.205132 -0.450517 0.070619
-0.127728 0.092929 0.105845
0.130598 -0.111373 -0.061916
-0.132135 -0.296697 0.144357
0.062915 -0.330087 0.137369
0.064573 -0.022894 -0.085548
0.099855 -0.532035 0.198636
0.143924 -0.032172 0.087019
0.111513 -0.536942 0.164379
0.116304 -0.484660 0.165643
0.117031 -0.460864 0.172578
0.113460 -0.473700 0.184648
-0.197987 -0.507702 0.078004
-0.213195 -0.510700 0.061183
-0.206848 -0.525267 0.076600
-0.010184 -0.485131 0.183414
0.218996 -0.480615 -0.000892
-0.122154 -0.251864 0.084072
-0.087019 -0.329533 -0.124988
-0.042259 0.113284 -0.108276
0.149714 -0.334329 -0.081192
0.167486 -0.173121 -0.019141
0.168678 -0.156598 -0.003170
-0.038786 -0.074240 -0.093666
-0.134203 -0.478326 0.134370
0.045883 -0.366699 0.129529
0.082668 0.163019 -0.104201
0.157180 -0.162460 0.057943
0.146770 0.107812 -0.065644
0.156073 0.096192 -0.049006
-0.122738 -0.160466 0.144164
-0.114683 -0.141859 0.147837
0.084284 -0.467889 0.192894
0.156414 0.060651 -0.014454
-0.186950 -0.403560 -0.015303
0.105226 -0.516725 -0.096269
0.178031 0.216472 -0.065041
0.117162 -0.045544 0.158623
0.125258 -0.083756 0.132516
-0.015348 0.166219 -0.103087
-0.006077 0.150711 -0.103934
0.150174 -0.004591 0.010772
-0.116361 0.057981 0.125714
0.115771 0.252605 0.021349
0.112585 0.266812 0.008168
0.106642 -0.011488 -0.054084
0.107356 -0.030392 -0.054481
-0.094568 -0.493374 -0.114474
0.003076 -0.029577 -0.086685
-0.047182 -0.537843 -0.122469
0.089034 -0.125204 0.171688
-0.182234 -0.359498 0.064217
-0.162292 -0.347563 0.070150
-0.167341 -0.428359 0.071614
0.156021 -0.089185 -0.013414
-0.174084 -0.219742 0.051463
0.129135 -0.132727 0.108899
0.129136 -0.115755 0.110136
0.037714 -0.180198 -0.113900
-0.102868 -0.469045 0.115086
-0.115472 -0.483134 0.123074
-0.072001 -0.072876 0.148544
-0.009132 -0.211477 -0.116793
-0.049084 -0.531160 0.144339
-0.159576 -0.084406 -0.022745
0.153671 -0.529770 0.038802
-0.084175 -0.513595 -0.120144
0.173208 -0.436760 -0.011163
0.018557 -0.515437 0.142590
0.029150 -0.497503 0.135657
0.161874 0.209880 0.045091
-0.167516 -0.155278 0.051219
-0.164008 -0.136988 0.053042
0.073631 -0.479225 0.181440
-0.152050 -0.387392 -0.078854
-0.180711 -0.487936 -0.029577
-0.151119 -0.140064 -0.064164
-0.141850 -0.122888 -0.066850
0.111035 -0.480695 0.105533
0.120701 -0.495598 0.096009
0.102972 -0.491283 0.119398
0.022640 -0.194605 0.154368
0.160323 0.273612 0.002111
0.141908 0.278287 0.009681
0.153249 0.269355 0.020748
0.174379 -0.109224 0.032932
-0.120375 -0.214985 0.144371
0.144259 -0.190528 0.089142
0.134487 -0.273231 -0.092627
-0.018690 -0.341803 -0.126474
0.073915 -0.461734 0.179671
0.080719 -0.448008 0.187532
-0.214590 -0.425234 0.059121
-0.215407 -0.443842 0.053886
0.202613 -0.489075 -0.000184
-0.088555 -0.216858 0.132968
-0.074739 -0.229780 0.128812
-0.091248 0.133485 0.117191
-0.109426 0.130989 0.105434
-0.034813 -0.252820 0.154522
-0.008628 -0.452020 -0.123815
0.078779 -0.377977 -0.152515
0.072380 -0.392483 -0.166575
0.054649 0.142126 0.119893
0.046712 0.149459 0.112104
-0.003527 -0.132237 -0.099444
-0.137700 -0.216504 0.130750
-0.133779 -0.229221 0.136467
0.112063 -0.081167 -0.068157
0.074771 -0.038297 0.169631
0.095850 -0.043065 0.170503
-0.064846 -0.145262 0.145161
-0.154170 -0.362336 -0.080780
-0.028292 0.127263 0.132172
-0.028892 0.111616 0.147705
-0.048002 0.105847 0.152491
0.189431 -0.398755 0.002454
0.198871 -0.380855 0.003306
0.221494 -0.375725 0.016108
0.205454 -0.398600 0.002197
-0.167087 0.158946 -0.043849
0.115708 -0.383862 0.152795
-0.145514 -0.255582 -0.089573
-0.154424 0.056319 -0.030204
0.091588 -0.355343 -0.109710
0.074974 -0.273234 0.154053
0.206630 -0.235968 0.024088
-0.009995 -0.461699 0.181088
-0.023150 -0.470100 0.183598
-0.224154 -0.486361 0.038095
-0.037006 -0.435634 -0.130244
0.080624 -0.311799 -0.131129
-0.121425 -0.515334 0.080976
0.154708 -0.268660 -0.069327
0.146329 -0.304936 0.092280
-0.095119 -0.473964 0.097124
0.151260 -0.353036 0.089003
-0.126941 0.016504 0.079704
0.134888 -0.229797 -0.088081
-0.139361 -0.340423 0.136106
0.108861 -0.025382 0.165570
-0.077642 -0.386786 0.128378
-0.087830 -0.370440 0.135453
-0.093039 -0.386806 0.142911
0.011139 -0.304230 0.145906
-0.170605 -0.158051 -0.042905
0.081772 -0.108457 -0.093485
-0.086249 -0.198856 0.133397
-0.069866 -0.209676 0.131362
0.115237 -0.243248 0.162012
0.081129 0.108232 0.152951
0.101656 0.097661 0.152775
0.165460 -0.494685 -0.046161
0.170404 -0.086181 0.036209
-0.087860 -0.381864 -0.125716
0.162240 -0.336151 -0.064825
0.082806 -0.089423 -0.089399
0.027080 -0.056278 -0.089264
-0.061209 0.171791 0.087887
-0.155872 -0.207878 0.059538
0.170414 -0.225364 -0.030945
-0.121754 0.080453 0.119840
-0.214337 -0.495193 0.050499
0.199996 -0.250310 0.043460
-0.132135 -0.107098 0.109194
0.185624 0.201484 -0.066272
0.182738 0.182117 -0.064981
-0.161459 -0.510255 0.075958
0.156560 -0.520767 -0.078783
0.026324 -0.079471 0.167570
0.132687 0.044242 0.128064
0.123660 0.033275 0.137102
-0.066827 -0.167626 0.139962
0.124420 -0.430165 -0.096898
0.177658 -0.302421 -0.023238
0.184558 -0.305385 -0.007538
0.108824 -0.111714 -0.074934
-0.157610 -0.411210 -0.071058
0.152518 -0.006230 0.061194
0.009919 0.092770 -0.108910
0.205632 -0.329564 0.001213
0.213824 -0.336643 0.021976
0.213718 -0.351535 0.002474
-0.221646 -0.461036 0.038089
-0.222714 -0.441080 0.037240
0.182636 -0.523735 0.063322
0.172141 -0.539229 0.044044
0.196247 -0.524551 0.052366
-0.007511 -0.408588 0.172431
-0.131343 -0.427835 0.086577
0.077867 -0.525524 0.166071
-0.168168 -0.450398 0.072596
0.175198 -0.235847 -0.013020
0.171871 -0.244031 -0.032404
-0.127677 -0.307926 0.115768
-0.120270 -0.302316 0.091352
-0.118384 -0.321600 0.111489
-0.022978 -0.516318 0.187435
-0.211621 -0.343997 0.050092
0.103837 -0.261011 0.171777
-0.108831 -0.259797 -0.112345
-0.099105 -0.239953 -0.115896
0.188041 -0.262522 0.050414
0.013044 -0.145030 0.166475
-0.189440 -0.400318 0.065339
0.183213 -0.540051 0.029743
0.203840 -0.521402 0.030741
0.129741 -0.417519 0.097966
0.165005 -0.151421 0.050462
-0.140490 0.211221 0.051902
0.124948 -0.004498 -0.042066
-0.062889 -0.504777 -0.129073
-0.073853 -0.489979 -0.127684
-0.085722 -0.474363 -0.123555
0.210909 -0.359081 0.023160
0.208615 -0.381084 0.031935
0.068462 -0.039843 -0.090860
0.090724 0.195746 0.070386
0.072060 0.185395 0.079525
0.091776 0.177210 0.086211
-0.003323 -0.393479 0.167015
-0.187550 -0.167999 0.040500
-0.058547 -0.435473 -0.133698
0.123183 -0.524057 -0.092755
0.004369 -0.216982 0.158149
0.011055 -0.228357 0.154245
0.019369 -0.212058 0.153251
-0.190933 -0.239188 0.004233
0.029812 -0.277509 0.136736
0.139968 0.143266 0.086071
0.093374 -0.530756 -0.102862
-0.207320 -0.394431 0.061461
-0.144125 -0.017442 -0.004065
-0.055663 0.074492 -0.100130
-0.001380 -0.243806 0.156763
-0.211880 -0.459267 0.016662
-0.221280 -0.475647 0.016705
-0.224164 -0.450387 0.017076
-0.076351 -0.458179 0.135871
-0.078611 -0.434223 0.134652
0.059554 -0.491361 -0.174622
0.061490 -0.464670 -0.175214
-0.030587 -0.115790 0.171812
0.212361 -0.491264 -0.002252
-0.142866 -0.078660 0.055253
0.149836 -0.018585 0.075643
0.139511 -0.511519 -0.092435
0.006766 -0.203306 0.159445
0.179229 -0.417030 -0.003515
0.199395 -0.418305 0.002980
-0.153661 0.029063 0.031475
0.212937 -0.399350 0.022574
0.212925 -0.417764 0.001487
-0.104202 -0.424409 0.111014
-0.004277 -0.086837 0.172201
0.012695 -0.089827 0.171495
0.063706 0.122575 0.141415
0.072438 0.139278 0.123572
0.130321 -0.027344 0.125033
0.121863 -0.026645 0.146243
0.116232 -0.008207 0.155041
-0.077671 -0.186445 -0.112277
-0.074541 -0.205021 -0.119028
-0.073866 0.181443 0.080447
-0.180355 -0.301821 -0.048252
-0.181485 -0.279910 -0.043933
-0.216277 -0.390618 0.040960
0.156846 0.141013 0.067447
0.103691 -0.315978 0.176577
-0.128353 -0.140874 0.080945
-0.122771 -0.153678 0.089406
0.051714 0.174457 0.084920
-0.067259 -0.189284 0.134933
-0.024161 -0.082222 0.171909
0.149608 -0.326733 0.089881
-0.157150 -0.530496 0.077557
-0.038201 -0.284337 0.150034
0.083999 -0.081253 0.170898
0.163845 -0.182328 0.054661
0.166072 -0.051888 0.032211
-0.136243 -0.445713 0.084536
-0.150081 -0.436816 0.079560
0.149494 0.192064 -0.075437
0.170708 0.196567 -0.068202
-0.221677 -0.408381 0.036263
-0.229254 -0.406862 0.022834
-0.230510 -0.425456 0.025832
-0.215978 -0.425705 0.044182
-0.041128 -0.469430 0.169421
0.080654 -0.261088 0.161618
0.048976 0.130407 0.132248
0.041936 0.114986 0.148307
-0.153926 -0.044610 0.011090
0.086340 -0.103705 0.171431
0.162722 -0.102898 0.051579
0.150176 -0.095399 0.065668
-0.130377 -0.250714 -0.101111
0.100410 -0.537700 0.120287
0.102803 -0.542700 0.104126
-0.008307 -0.212018 0.163491
0.141076 0.087170 -0.061644
-0.092445 0.118579 0.130380
0.117123 0.275389 -0.034270
0.103287 -0.241539 -0.100304
0.092125 -0.260783 -0.107841
-0.187877 -0.258358 0.053818
0.020938 -0.539920 0.146500
-0.138700 -0.380041 0.138204
-0.174179 0.105401 -0.034146
-0.143301 -0.198238 0.070233
-0.215442 -0.409702 0.051406
-0.203967 -0.413883 0.065459
-0.156179 -0.052772 -0.005095
0.078174 -0.321964 0.166533
0.100127 -0.536247 0.134851
0.105923 -0.536130 0.149705
0.006972 0.164690 -0.099076
-0.150275 -0.457672 0.078645
0.110590 -0.520898 0.152661
0.115157 -0.508856 0.167822
-0.201978 -0.270121 0.048255
0.019159 -0.492499 0.142033
0.067819 -0.206609 0.149663
0.087907 -0.322834 0.176802
-0.130690 -0.330947 0.120735
0.118301 0.005924 0.146799
-0.126877 -0.053386 0.110630
-0.130779 -0.089734 0.125370
0.147100 0.000464 0.079898
-0.212247 -0.492622 0.016966
-0.220075 -0.508655 0.015265
0.172495 0.267630 -0.014997
0.148723 -0.090294 0.077843
0.159220 0.057700 0.003013
0.167284 0.074891 0.010485
0.164943 0.073277 -0.006692
-0.131268 -0.353156 0.124368
0.126883 0.173313 0.079610
0.141031 0.266921 0.029168
-0.106332 -0.458687 0.084351
-0.139787 0.031060 0.058585
-0.156762 0.047240 0.039891
0.080330 -0.096810 -0.103914
0.150963 -0.029096 0.001621
-0.054991 -0.041160 0.157759
-0.184953 -0.251708 -0.024485
0.049498 -0.103761 -0.106560
0.163529 -0.414182 -0.062635
0.168413 -0.254627 -0.053195
0.173414 -0.263530 -0.031996
0.175971 -0.166735 0.049215
-0.134506 -0.296238 0.086514
0.009338 -0.070686 0.172813
-0.018499 -0.102741 0.171062
0.025709 -0.056216 0.169950
-0.150832 0.158828 -0.062159
0.128769 -0.542052 0.088854
-0.044054 -0.371648 0.144804
0.088947 -0.390901 0.185690
-0.122973 -0.126387 0.142292
-0.059667 -0.286803 0.126942
-0.029965 -0.511530 -0.125020
-0.078416 -0.495448 0.140231
-0.062952 -0.484269 0.132863
0.049901 -0.511207 -0.174349
0.081211 0.070391 -0.089530
-0.186814 -0.371537 -0.040553
0.110511 -0.132045 0.167407
0.004681 -0.472703 0.170967
-0.072105 -0.321676 0.123302
-0.123670 -0.048903 0.091152
0.114386 -0.409845 0.111173
0.102334 0.272553 -0.003587
-0.141539 -0.514504 0.148589
0.177215 -0.251235 -0.012261
0.112653 -0.501877 0.153726
0.184608 -0.363494 0.060263
-0.124666 -0.034506 0.107637
-0.185851 -0.255337 -0.009813
0.203383 -0.383826 0.048325
0.136702 0.061319 0.127618
0.154726 0.251432 0.034674
-0.097001 -0.358235 0.141883
-0.076877 -0.299372 0.124771
-0.187550 -0.355546 -0.039603
0.160265 -0.544403 0.080629
0.149682 -0.524894 0.088025
-0.072683 0.196465 0.067705
0.163924 -0.152062 -0.040208
0.149058 0.077813 -0.045460
0.186483 -0.364618 -0.002154
0.127060 0.012436 -0.034706
-0.125770 -0.264679 -0.104157
-0.088212 0.204199 0.064914
0.055125 0.105458 0.158508
0.058436 -0.032534 0.163706
0.027430 -0.310526 0.135408
-0.102606 -0.221565 0.140862
-0.026739 -0.158785 -0.110930
0.215791 -0.486303 0.023336
0.167386 -0.291474 -0.057066
0.058274 -0.373784 -0.165965
0.004374 -0.545420 -0.138512
0.196268 -0.346827 0.001559
-0.143821 -0.304734 -0.089519
0.130082 -0.150461 0.106778
-0.118786 -0.407813 0.121147
0.152900 -0.052116 -0.003790
-0.062942 -0.504229 0.134159
0.128273 -0.258598 -0.094852
0.113417 -0.263036 -0.099467
0.122061 -0.244165 -0.097100
0.179882 0.135208 -0.037566
0.188606 -0.185203 0.049086
-0.062843 0.116505 0.141619
0.041884 -0.065512 0.160645
0.105713 0.172329 0.090851
0.115644 -0.283862 0.163875
0.055069 -0.230160 0.138713
0.022369 -0.292799 0.139327
-0.052332 -0.368881 -0.134360
-0.045693 -0.421619 -0.132494
0.203584 -0.364233 0.002825
-0.044365 -0.391115 0.146482
0.098908 -0.277394 -0.104494
-0.033100 -0.133633 0.170524
0.147862 -0.519699 0.041145
0.131095 -0.298528 -0.095614
-0.092117 0.176589 0.085471
-0.139541 -0.174676 -0.085716
0.054769 -0.246686 0.136546
0.050724 -0.391425 -0.155931
-0.044179 -0.455993 0.150449
0.169308 0.107959 -0.035839
-0.142358 -0.530034 0.153056
-0.137898 -0.529781 0.137217
0.110944 0.281637 -0.023515
-0.213979 -0.470284 0.057674
0.110918 0.257608 -0.064416
-0.121084 0.284508 0.018999
0.101230 -0.516618 0.197822
-0.137926 0.284131 0.013400
-0.167193 -0.094610 0.027664
0.069277 -0.509790 0.167123
-0.138192 -0.069524 -0.053260
-0.212471 -0.526613 0.063600
-0.139850 0.187040 0.057181
-0.035975 0.164978 -0.104300
0.009407 0.143553 -0.105199
-0.140123 0.164915 0.063784
0.024980 0.155176 -0.104014
0.116698 -0.540216 0.097037
-0.147205 0.177819 -0.065573
0.028171 0.120696 -0.108856
0.012778 0.124395 -0.109693
0.039052 0.110190 -0.108926
0.120698 0.110097 -0.086438
0.020598 0.108048 -0.110340
0.181051 0.121130 -0.027107
0.090212 0.089367 -0.093752
0.052794 0.097583 -0.105504
0.031712 0.093700 -0.107522
0.040101 -0.238629 -0.120401
-0.080983 0.072342 0.158912
0.159271 0.055041 0.022688
-0.150761 0.087978 -0.051776
-0.099936 0.062085 0.147518
0.163386 -0.541207 0.057791
-0.018661 -0.024672 -0.085582
-0.037793 -0.020580 -0.087338
-0.140911 0.030983 -0.026520
-0.141013 0.017106 -0.010551
0.080404 -0.536868 -0.160188
-0.146319 0.002461 0.002717
0.072895 -0.499524 0.184211
-0.014905 -0.257891 0.159891
0.158969 -0.040873 0.017136
-0.052210 -0.517099 -0.126803
-0.037119 -0.520216 -0.125487
-0.076647 -0.084843 -0.098660
-0.172793 -0.396435 -0.063521
-0.163277 -0.085289 0.045211
-0.052858 -0.120348 -0.110155
0.130067 -0.530036 0.089605
-0.181286 -0.196815 -0.013664
-0.006041 -0.227901 0.160553
-0.019356 -0.240505 0.160440
-0.119117 -0.344639 0.116275
0.072589 -0.446645 0.170203
-0.052688 -0.556320 -0.121808
-0.194664 -0.509215 0.023182
-0.203939 -0.510868 0.019341
0.062958 -0.520810 0.144125
0.044027 -0.511883 -0.167434
0.049329 -0.515760 -0.171412
0.045300 -0.510196 -0.171192
0.044472 -0.513486 -0.171354
0.042846 -0.513308 -0.169498
-0.142303 -0.530679 0.079648
-0.000878 -0.564056 -0.141700
0.037530 -0.519836 -0.165447
0.050600 -0.523872 -0.173423
0.058339 -0.533727 0.142009
0.042808 -0.523056 -0.166452
0.041676 -0.522300 -0.167739
0.066562 -0.526579 0.151495
0.041583 -0.518574 -0.169811
0.041534 -0.520654 -0.170537
0.040832 -0.518726 -0.169394
0.040914 -0.518934 -0.169526
-0.046895 -0.533068 0.151947
0.054214 -0.527390 -0.173706
0.045518 -0.526263 -0.169783
-0.058109 -0.538393 0.140302
-0.086902 -0.527806 0.106296
0.036287 -0.525832 -0.166858
0.138205 -0.531128 -0.091221
-0.028220 -0.527849 -0.120379
0.045466 -0.530611 -0.172090
-0.039937 -0.532217 -0.122747
-0.029640 -0.539241 -0.125391
-0.042785 -0.529531 0.147815
-0.041869 -0.531327 0.149122
0.051093 -0.530868 -0.170742
0.039743 -0.536679 -0.168266
0.041734 -0.530041 -0.170774
0.046764 -0.543711 -0.159383
0.051346 -0.536156 -0.172537
0.087451 -0.546355 -0.109497
0.043975 -0.531092 -0.170500
-0.047253 -0.538093 0.142749
0.041370 -0.537983 -0.169487
-0.039632 -0.547319 -0.123586
0.029148 -0.544883 -0.161966
0.057050 -0.545612 -0.170176
0.046524 -0.545218 -0.170855
0.046719 -0.548128 -0.167606
0.033466 -0.552098 -0.165129
-0.015167 -0.553292 -0.131439
0.053452 -0.553404 -0.169461
-0.037073 -0.559260 -0.124475
0.026218 -0.557221 -0.153640
0.030175 -0.557224 -0.162393
0.031252 -0.554695 -0.165138
0.040287 -0.551805 -0.166626