1 2 3
4 5 6
7 8 9
10 11 12
14 15 16
17 18 19
21 22 23
24 25 26
27 28 29
30 31 32
33 34 35
36 37 38
39 37 40
41 42 43
44 45 46
47 48 49
50 51 52
53 54 55
56 57 58
59 60 61
62 63 64
65 63 66
67 68 69
70 71 72
73 74 75
76 77 78
79 77 80
81 82 83
84 85 86
87 88 89
90 91 92
93 94 95
96 97 98
99 100 101
102 103 104
105 106 107
108 106 109
110 111 112
113 114 104
115 116 117
118 119 120
121 122 123
124 125 88
126 127 18
128 129 130
131 132 133
90 136 137
138 139 140
138 140 141
142 143 144
145 146 147
148 149 150
152 97 153
154 155 156
157 155 48
158 159 160
161 162 163
164 165 166
167 168 169
170 171 172
173 174 175
176 47 177
178 179 180
181 182 183
12 184 185
186 187 188
189 190 191
192 193 194
195 196 197
198 199 200
202 203 204
205 206 207
208 209 210
211 212 213
214 215 216
217 218 219
220 221 222
221 223 224
225 226 227
228 229 230
231 232 233
234 235 236
237 238 239
240 241 242
243 244 245
246 244 247
146 145 248
249 250 251
252 253 254
123 255 256
257 258 259
260 261 262
263 264 265
266 267 268
269 270 271
272 273 274
275 276 277
278 279 280
281 282 283
284 282 285
286 287 288
289 290 291
292 290 289
82 293 294
295 296 297
298 299 300
301 206 302
303 304 305
142 144 306
307 308 309
310 99 311
312 313 314
315 316 317
318 319 320
322 323 324
325 326 327
328 326 329
86 85 330
331 332 333
334 331 335
336 337 338
339 340 16
342 343 344
345 346 347
348 349 350
351 352 353
354 355 356
357 277 358
78 359 360
361 362 363
91 364 365
72 366 367
368 369 370
147 372 145
373 374 375
376 377 378
379 380 381
383 384 385
386 387 388
389 390 391
360 392 393
322 394 323
395 396 397
319 318 357
398 350 399
400 401 330
402 403 404
405 406 407
408 409 410
231 411 412
413 414 415
418 419 420
421 422 89
423 424 425
426 427 428
429 430 431
432 433 434
225 433 435
436 437 438
439 437 440
441 442 443
444 445 446
447 95 94
448 449 450
62 452 63
86 453 84
454 455 456
457 458 459
460 265 461
79 462 77
463 464 465
28 27 466
467 173 468
70 469 470
471 420 472
473 474 475
476 477 478
479 480 481
482 483 484
486 487 488
489 487 490
491 230 492
493 494 495
496 497 498
501 502 503
33 133 34
504 505 506
507 508 142
405 509 510
295 511 512
513 514 515
516 279 517
518 519 520
521 522 523
58 524 56
93 95 525
526 527 528
298 529 530
531 370 532
533 534 27
535 536 537
538 539 540
137 541 364
542 543 544
545 496 358
389 268 546
266 268 229
547 548 549
124 550 125
551 552 352
553 554 555
556 557 558
559 258 560
243 561 244
562 6 563
564 565 566
281 285 282
567 568 419
569 570 571
572 50 573
192 574 575
578 579 580
418 471 581
582 583 584
581 585 586
587 588 589
590 591 592
593 594 595
596 597 598
599 600 601
602 603 604
606 607 608
609 610 611
612 613 538
614 474 615
474 94 93
616 617 618
619 620 621
622 623 624
625 626 8
627 628 629
630 83 82
631 632 633
62 634 635
636 637 638
639 640 641
155 49 48
642 408 643
644 117 645
646 647 648
650 651 652
105 651 653
258 257 560
654 384 655
656 204 657
658 659 660
661 662 663
664 665 510
667 666 668
669 670 671
327 672 673
674 650 249
335 675 334
676 677 678
679 680 681
682 116 683
621 684 685
686 687 688
689 680 596
391 690 83
691 31 692
693 115 511
694 695 696
697 502 698
701 702 703
704 705 706
707 708 709
710 380 379
711 616 712
557 713 321
714 687 686
715 687 716
717 718 719
720 69 721
722 723 28
521 724 725
640 726 641
311 727 728
729 730 731
733 734 735
330 736 86
737 448 738
740 741 527
373 742 374
743 744 745
662 746 663
747 748 749
750 157 751
732 752 753
754 752 729
150 755 442
344 756 342
757 758 520
184 759 528
584 760 761
762 763 764
765 762 766
767 55 768
769 770 771
772 350 349
773 774 775
776 777 778
30 779 780
781 782 783
375 374 785
786 787 788
789 790 791
792 790 336
793 794 647
795 796 797
798 698 799
800 801 376
802 29 803
804 805 806
807 808 809
810 811 812
198 813 814
815 422 421
817 818 819
820 586 585
821 407 406
822 823 824
531 825 826
827 825 532
599 828 829
830 828 490
831 366 153
366 72 832
833 834 629
835 836 837
838 839 840
842 843 844
845 846 847
848 849 850
21 549 851
819 489 852
853 854 855
706 856 857
4 858 305
143 400 859
862 863 864
865 866 867
868 869 870
868 871 872
873 832 72
47 874 48
875 876 877
878 879 409
206 881 207
882 883 884
100 885 886
373 885 742
887 888 325
431 430 889
362 890 891
892 847 893
504 894 505
895 778 896
897 898 899
742 900 901
22 903 194
906 807 907
908 909 910
70 911 71
264 912 913
914 915 882
916 917 918
919 920 921
922 923 924
393 925 926
709 927 928
619 929 930
223 220 757
931 932 933
507 934 508
4 6 118
935 16 936
937 935 938
939 940 941
942 943 944
945 272 35
946 437 439
947 948 949
180 179 254
950 179 951
952 953 954
7 795 955
956 957 958
546 268 959
960 276 961
940 963 964
180 254 965
734 966 967
968 930 969
970 971 972
502 501 973
974 197 975
976 977 978
980 395 981
982 983 984
738 985 737
630 492 391
623 986 987
988 989 990
886 993 994
995 482 771
996 997 998
586 999 581
999 1000 1001
1002 1003 1004
1005 1006 1007
240 1008 1009
1010 1011 250
265 1012 461
1013 1014 191
726 640 1015
1016 1017 665
1018 1019 1020
1021 9 865
149 1022 128
695 842 1023
932 931 1024
1025 1026 263
1027 1006 1005
669 306 670
1028 1029 1030
973 799 698
862 105 653
105 864 106
1031 1032 1033
613 539 538
1034 1035 1036
690 1037 1038
276 1039 1040
629 1041 627
1042 1041 1043
1044 1045 968
944 1046 1047
1048 1049 307
454 293 82
1050 754 729
754 1051 1052
878 1053 780
1054 1055 1056
566 1057 1058
1059 1025 1060
1061 1062 1063
281 1065 1066
1067 1068 1069
988 1070 989
1071 1070 1072
577 461 1012
10 1073 1010
826 1074 612
1075 1076 1077
1078 1079 1080
863 1081 1082
1083 1084 1085
612 747 826
931 1086 1087
1088 1089 445
643 1090 1091
1092 1093 23
1094 43 1095
1096 1097 1098
821 1099 1100
486 1101 1102
1103 935 937
1104 1105 1106
1107 1108 1109
1103 1110 339
1111 1055 1112
1113 1114 1115
1116 187 1117
1118 656 1119
1068 1067 1120
693 1121 1122
1123 1124 311
1125 1126 1118
557 1127 713
1128 1127 764
1129 697 1130
1131 1132 918
1133 1134 1135
523 1134 1136
1137 1138 1139
1140 1141 1142
1143 1144 1145
1146 1147 1148
1149 1150 1151
599 490 828
1154 1155 1156
921 920 1157
1158 1159 1160
1161 1159 1162
917 916 904
1163 1164 1165
466 1166 1167
1168 1169 1170
1171 1017 1016
1171 1099 821
1059 816 1025
1172 1173 1174
1175 1173 1176
1177 242 338
1178 1146 1179
182 429 431
1180 719 718
125 1181 1182
1183 1184 740
1185 1186 1187
637 1185 1188
1051 684 1189
1190 1191 1192
1193 1194 1195
1196 670 306
471 418 420
1071 1132 1197
1132 1198 234
1199 1200 1201
512 296 295
1202 788 787
1203 1204 1205
1206 1207 219
942 1115 1114
1208 1209 84
472 420 1210
623 1211 986
365 541 1137
1087 1024 931
1212 1213 1214
1217 788 1062
1218 920 1219
278 280 1220
1221 1052 1189
1223 299 600
845 811 1224
1225 836 1226
333 1227 169
1228 1227 1229
1230 768 55
598 597 1231
1232 713 386
841 259 1039
1233 1234 1235
516 517 1236
833 1237 1238
1232 321 713
1239 505 1240
348 793 349
1241 1242 1223
1243 1244 1245
140 1246 1247
1248 1249 1250
36 40 37
1251 1047 1046
1065 1105 1104
882 915 1252
1253 944 943
761 1254 204
204 1255 1256
365 1137 1257
1258 1259 1139
800 376 1260
1261 1262 1263
1264 166 165
1265 1266 1267
467 542 173
1268 1269 1032
629 628 833
1270 1271 1272
142 306 507
1273 749 303
61 1274 59
1275 791 1276
909 1277 1278
1279 1280 1281
1282 1283 1284
278 517 279
1236 517 1285
1286 1287 1288
1287 838 1289
26 1290 1291
1292 1293 1294
1296 1297 1298
39 1299 1300
639 1271 1270
1301 1302 1303
980 1304 1028
1305 1306 1307
1308 1309 1310
1311 1309 1251
982 1312 1313
532 370 1314
1315 1316 1317
529 1318 1319
1320 185 184
926 925 1321
1322 1323 1164
1239 972 971
1324 1325 1326
167 402 1327
912 264 1026
162 161 1328
1329 294 1330
246 891 199
1331 1332 867
1333 1334 1335
909 908 1277
1336 1307 1337
408 410 643
1338 1339 1340
1341 777 81
1342 1343 1344
1345 1346 1347
982 1350 983
1351 1352 995
1353 1354 1228
1355 160 159
382 497 860
1125 183 1356
745 1357 1358
1359 428 1360
883 1281 884
618 1361 616
1362 941 940
1363 1364 1365
1366 1367 1368
1369 1367 1370
388 1371 386
1372 1373 1374
1375 637 636
134 1376 770
135 134 1377
1128 386 713
456 1378 454
1379 1319 1318
1380 195 1381
1382 1383 519
292 1384 1385
1386 1340 1387
1388 1389 1390
1186 1391 1392
1393 1394 1395
1277 190 1396
1144 1397 1145
1187 1398 1188
1399 926 1400
1401 1402 339
1403 1404 1405
1406 1404 1407
1093 151 649
110 287 111
1408 132 232
13 132 201
1308 1251 1309
1409 1410 1411
1412 327 326
1413 929 1050
1175 1285 1173
137 1414 1415
1416 1417 168
965 253 437
1362 822 824
1418 823 1419
1420 399 350
1387 92 1421
1422 1423 1379
397 396 1425
1426 1427 1428
1001 1429 568
1430 1431 1432
504 1433 1434
312 978 1435
130 129 1431
1436 1437 1082
1271 1278 1438
236 916 234
1439 577 1012
756 1242 1241
1440 674 1441
98 1442 1443
1351 1444 1352
1445 616 1361
756 1241 1000
1406 1446 1447
1448 964 1449
1450 1451 1452
328 1058 1263
1453 330 401
1455 530 529
924 1456 922
1199 1457 813
1458 1338 1340
1338 1459 1339
1460 1461 907
1397 66 63
1462 1463 590
724 568 1464
286 1465 287
877 1466 1031
1467 481 1468
479 481 411
382 1469 498
1470 1471 1472
1473 1474 1475
1112 1476 1477
1478 138 1479
1480 1481 1482
1483 1484 1480
650 1485 651
1485 1440 1486
1487 1488 1489
1490 1491 213
1492 1493 1056
1494 1495 571
73 75 252
1496 1497 1498
1499 188 1303
1500 1501 1502
1011 1503 251
596 598 1504
1505 1291 1290
646 593 1506
1507 847 1508
1509 1510 1511
1163 664 1512
207 1513 1514
1427 1515 1516
1517 1099 1171
614 1231 1518
32 1519 1316
312 314 1520
424 237 239
1521 237 1522
1523 1524 1525
1526 292 1527
520 1528 757
1529 1530 1084
1362 1531 1249
72 71 873
1532 71 1192
1533 319 357
1534 1535 1536
870 869 1537
1384 1538 1539
1464 725 724
1540 1541 1542
430 1543 313
1544 353 934
372 833 1500
688 1046 1545
1546 1007 611
342 820 351
586 820 756
1547 1548 1549
599 1223 600
1038 1550 1551
1552 447 1553
436 1554 440
871 868 1555
983 1556 1557
1558 1559 939
1560 1220 280
667 1561 1562
1563 1561 1564
189 1565 1396
1566 1565 1567
1414 109 106
1568 1321 1569
661 1523 1570
1571 1525 1524
1572 168 167
284 1383 1573
19 18 87
160 1574 1575
1576 1312 1359
1577 1170 1578
472 1579 1580
1581 1491 1582
894 504 1583
260 1101 261
1584 1585 1586
1587 1456 924
539 1456 463
1588 1589 1590
1229 332 1374
848 1591 1592
391 83 630
690 391 390
1593 401 400
1594 1595 578
1596 991 1370
1202 1597 1598
1559 118 6
1223 1242 1599
1600 1097 1601
1602 1603 767
1204 1604 1452
1320 1605 185
1513 207 881
1465 286 1606
1607 971 970
390 1608 1037
1149 1608 546
1333 26 1334
289 291 1488
1609 291 181
1610 421 1611
1488 1609 1119
1612 1613 1614
1154 1043 1041
1615 1616 1617
1438 1396 1618
1619 1325 1324
228 1620 266
1621 1620 1622
562 1449 963
1284 1200 1624
1144 715 1397
1374 1625 1372
1626 359 1627
1181 1628 1629
1630 1631 608
1632 1633 1634
1635 1633 631
1364 1434 1622
1365 1364 1205
613 612 786
1636 1637 1474
1638 41 1639
1362 940 822
621 1640 961
1642 1643 1644
1469 1533 357
316 1645 1646
1647 57 896
1648 58 1649
903 1459 1650
592 1651 1652
1554 844 1653
473 475 1654
1263 1412 326
326 888 329
1655 338 337
1629 1658 1659
1660 1658 1661
1329 491 492
148 441 1662
442 441 150
1600 1098 1097
1663 1664 1030
1385 1665 1666
782 1667 1668
1468 1670 1467
1671 45 1258
1258 388 387
228 1672 1673
229 228 266
1674 1675 1676
178 79 80
1677 462 1678
1679 1306 1680
579 1681 1682
1330 491 1329
1683 448 444
738 448 450
1651 1360 1684
1334 1675 1335
742 1685 900
1686 1687 1688
231 479 411
231 233 1689
1262 1690 1412
327 673 325
1691 1623 1692
1096 1693 1694
1580 1693 1695
299 298 530
516 262 1005
1077 1696 733
1697 1486 1698
938 1486 937
1699 1700 1581
1701 1230 1702
1703 1704 1705
1706 657 1254
1306 1707 1680
1642 1644 1542
1438 1277 1396
362 1708 890
1481 1480 1484
1709 1323 1710
1090 1710 1122
36 1711 1536
224 223 1543
463 1712 539
594 593 648
1713 1533 1714
320 319 1713
1715 620 1716
1031 1033 877
863 862 15
862 864 105
1717 923 1718
1719 1720 1539
1293 1292 397
1282 890 1283
891 890 199
1330 1721 491
996 1722 476
1723 1724 336
1725 794 1726
1727 1728 1729
1730 1731 1732
1733 1734 1377
1653 844 843
1735 1736 1023
486 830 487
1737 1738 139
140 1738 1246
1484 1483 1094
531 368 370
17 301 302
1739 600 530
1740 1741 1509
1742 1743 678
1508 1744 721
1745 509 1746
650 652 249
1747 856 1748
1509 1511 1740
1749 1750 1751
743 1576 1267
1752 1498 1753
1400 1754 1399
87 18 127
1755 1756 1531
338 1655 1177
1757 735 967
772 1758 1416
1759 1111 1760
1202 1761 1063
1762 1763 1467
807 809 1460
76 1764 77
1765 1764 1399
1766 1767 1711
1534 1767 549
1341 1768 777
1769 1768 1551
1770 701 703
1771 1625 334
170 172 1772
1773 146 1774
849 1564 668
850 849 1198
1704 1554 1653
1775 1261 1776
733 1019 1077
1020 1019 735
946 965 437
722 1777 344
1778 663 1779
1780 1070 269
1781 1074 825
213 1491 1700
1346 1345 1782
1183 1775 1783
55 54 1784
1785 356 394
520 1786 1528
1520 1405 1447
226 1787 398
1788 867 866
1678 1789 381
259 841 257
534 533 578
771 770 1376
1790 470 1791
1490 1792 1491
813 1490 814
834 1155 629
147 1156 834
905 371 176
531 532 825
1394 352 1793
353 352 552
498 1469 357
1794 253 252
1073 185 1605
1244 1795 1796
982 1797 1312
1798 1799 1800
334 675 1801
1512 682 683
1140 806 805
1457 1802 1792
1803 1802 1804
1805 1806 875
854 1807 855
1667 247 1808
246 247 891
447 1809 1553
1809 1518 597
53 767 1603
1530 1811 1586
1151 1811 1812
1813 1814 1815
1816 1344 636
1355 457 160
1326 1130 697
1817 675 595
968 969 1044
1818 1819 1444
304 540 1820
1171 406 1017
234 918 1132
955 694 696
1285 278 1174
87 1821 88
1735 1822 1823
882 884 914
928 1824 709
1762 1824 1763
1825 1826 1827
45 1828 388
1829 174 1830
1817 1663 1030
1816 1342 1344
1506 1416 1758
96 1831 808
1521 1522 1832
1394 551 352
1025 816 1026
1836 1383 1382
1837 1838 1839
831 1602 1840
108 836 835
783 392 1626
640 1270 1015
1841 1757 1842
1175 522 725
523 522 1134
1799 1798 673
1843 1420 1844
1823 1822 1845
712 1846 711
1681 579 1847
1799 1796 1800
1426 1848 1381
682 1849 116
1850 587 1100
1471 1116 1472
1851 1122 1121
1852 1853 1854
931 933 1855
48 933 157
1856 691 692
1477 1857 503
311 1858 727
1859 1860 1567
1534 549 548
1861 1862 1863
1864 1004 1003
1471 1736 1735
644 1865 296
994 1866 1867
1015 852 726
1521 1129 1130
995 1352 482
1202 787 1597
981 143 859
1868 1569 1869
222 1870 220
482 485 483
1544 723 343
1203 1205 1364
1002 188 187
1716 1152 784
125 1871 88
1872 1873 1603
1628 1874 1875
906 1876 60
1055 1759 1056
600 1739 601
1843 1844 1475
49 917 177
369 205 853
1282 200 199
563 6 5
1877 1878 5
819 1015 901
1879 1655 659
1880 1103 937
1376 1881 995
1178 1207 1147
219 1207 1883
46 102 1884
1579 1885 1886
1020 1887 1018
1825 1887 686
922 613 1217
1844 1888 1475
1677 1889 359
113 1733 114
551 1593 552
98 1831 96
1890 1891 1830
222 1893 1894
1795 1895 1225
1689 274 456
1328 1896 705
660 1897 1331
92 478 477
1898 477 1899
1900 1901 1902
1903 1525 1837
1425 1443 1293
65 1904 1905
1709 410 409
1906 217 1590
1883 217 219
1459 903 1907
388 1258 45
53 1603 1908
1011 251 250
8 696 1909
1543 430 1910
1911 959 1852
345 206 301
786 1074 787
136 1898 1226
1225 1899 1795
426 1797 1913
962 1914 655
1915 1916 1917
1918 1919 1920
1224 811 977
1921 468 739
1922 1644 1643
187 1923 1002
523 1924 521
436 440 437
131 1925 233
272 1925 33
1018 914 1926
1927 1928 1862
1083 1663 1929
1736 1470 1909
165 1009 1930
1435 1931 889
234 1198 1932
243 1933 1357
974 1427 1426
1934 271 1935
432 1670 56
1564 667 668
1936 875 1937
385 1938 383
1363 1434 1364
1363 1939 1583
1163 683 1940
606 1631 1941
156 750 1942
1651 1684 1943
1944 1651 591
34 1945 1946
249 251 1503
1947 921 506
1528 1543 223
1948 36 38
40 36 1536
215 1949 1950
1353 1373 1848
1374 1373 1229
1837 1525 1571
1274 987 986
1951 1218 1952
609 1953 1850
1954 1530 413
535 537 1955
852 601 726
716 66 715
783 1956 392
1957 1154 1958
627 1042 1959
624 1728 1960
569 676 570
799 1961 1688
1092 193 1288
194 193 23
1962 1963 1234
1964 397 1292
1707 1965 1966
1967 1262 1775
1593 400 1968
722 466 1777
1725 415 414
154 1131 917
1829 1830 1969
1732 1839 1838
1970 308 1731
1972 537 536
981 395 144
1973 1575 1904
1773 1638 1958
1050 929 1051
1974 582 1975
1014 942 1047
1221 1189 961
1977 638 1978
1979 383 1938
1174 1980 1172
1692 1981 1691
404 403 425
1982 403 1983
827 1984 1985
1986 1646 1984
178 1987 79
1854 60 1876
1199 1875 1457
932 751 157
1988 1989 1990
1991 128 1022
673 672 1245
857 856 1805
1748 856 1992
246 1993 244
1279 1994 899
1769 1647 1768
57 1647 1649
1000 1995 1001
1436 1415 1437
1996 1938 1997
1998 1999 1589
159 1542 1644
1355 159 2000
995 1881 1351
2001 702 2002
864 1414 106
205 1916 854
892 893 812
2003 574 2004
2005 440 1704
101 100 806
30 1053 31
780 1053 30
900 1685 2006
2007 910 2008
2009 2010 1671
457 459 1574
2011 980 1028
1992 2012 2013
1756 1863 1430
2014 986 1211
2015 2016 1441
2017 1466 876
822 940 964
1572 1416 168
1980 1479 2018
1986 1807 317
1230 55 1784
73 950 1782
2019 2020 1257
2021 2020 763
966 2022 967
2023 2024 2025
1414 136 109
1319 1113 2007
2026 927 708
345 301 346
84 453 1771
1372 453 1380
1976 1669 1881
17 2027 301
1515 2028 1516
510 1512 664
2029 872 434
2030 1681 1252
2031 757 220
1248 941 2032
1507 202 1256
1921 2033 2034
1657 1656 2035
2036 817 310
1247 1246 1493
580 1682 2037
1201 1875 1199
1634 1565 1632
2038 1596 1549
2039 899 898
776 895 480
558 575 556
1874 2040 1804
427 1913 681
1965 1305 2041
1143 1311 1144
1314 1984 532
2042 124 1821
773 775 341
1779 746 2043
1584 1460 809
1790 2044 470
626 625 2045
813 200 1624
2046 1441 2016
2047 2048 2049
285 2050 284
1982 423 403
2051 423 324
705 704 1674
1873 97 2052
2053 2001 2054
800 1283 1708
1284 1283 2055
2056 2057 1614
1402 2057 340
2059 1740 1511
260 2060 1102
2061 1280 1075
886 994 804
807 906 2062
2063 1151 1461
1362 1249 2032
1133 1135 141
1173 1172 1176
821 1100 589
557 766 1127
557 321 2064
2065 1686 1688
822 964 1419
712 2066 1846
361 801 362
1948 2067 1766
1919 2068 499
1431 1862 130
1184 741 740
741 1184 74
1411 287 1465
939 941 2069
1155 834 1156
369 302 206
429 1910 430
1422 1379 1193
952 1406 1407
1269 2070 1290
952 1104 953
2073 1148 1147
1008 1930 1009
1400 2075 1754
2076 1110 2077
876 2078 2017
661 1524 1523
476 1722 1899
1722 1800 1796
21 1093 649
1212 1182 1629
688 2079 1046
1264 1966 1368
1851 1121 1813
1125 1609 181
1119 1609 1118
2080 1418 2081
2082 1908 1603
791 1275 789
229 492 230
1408 1388 257
1388 412 1389
514 1076 2080
143 1968 400
1773 1774 1638
1310 1632 189
850 1071 1072
1071 1198 1132
325 1798 887
665 664 2083
970 2084 1557
1034 1664 1085
737 985 615
614 985 1231
454 1378 293
2085 273 945
2086 2087 2088
1409 1724 1410
2089 1999 2090
2091 2092 2093
2094 1753 1224
1336 1337 2095
1782 950 951
254 950 252
1549 1146 1148
2097 1959 1590
417 416 1635
2098 2099 2066
2100 2101 2102
739 468 2103
850 1198 1071
1120 2104 1091
1260 2105 2055
1522 323 355
324 323 2051
101 1140 1858
2106 2107 1693
1088 737 615
111 287 1410
2108 2069 1581
1346 2109 1765
80 2109 951
1449 2086 1448
2110 1042 1043
1959 1042 1588
2093 2111 2112
826 2113 531
956 958 2114
295 297 1814
2031 220 1870
1400 926 1568
1157 920 2116
728 2117 2118
1123 2118 2119
65 64 63
1641 621 620
2120 2121 2024
1957 1067 1069
2104 1067 1482
2038 992 1596
1049 1619 1398
1018 2061 1019
1266 1234 1963
595 1929 1663
1056 1493 1054
907 2122 1876
239 1048 309
2123 2124 2125
976 1578 2126
1290 25 1269
1482 1481 2104
1275 1897 789
296 512 644
698 798 2127
1964 1292 1196
262 2128 1027
1941 1631 2129
2130 2131 2132
501 2133 973
2108 1582 1558
1383 284 2134
446 445 2135
1069 1068 2137
1636 1474 2138
2139 456 455
260 1236 2060
1545 1253 1826
768 1840 767
2131 2140 1836
2141 2142 2143
295 1813 511
463 465 1712
2093 1061 2091
1614 449 1683
450 449 1402
792 2144 2145
2146 2147 1566
563 1878 2120
1172 1980 2018
2083 1980 1220
2148 527 741
1647 1769 1649
2149 2000 1922
761 760 1254
1167 1166 1195
1772 172 1541
108 107 106
914 1018 1827
1643 172 171
1588 1590 1959
2150 1186 1570
1391 1186 1185
1841 65 716
466 27 1166
2151 984 1557
2080 1076 1079
1630 2152 1631
1810 20 1045
1931 182 431
389 229 268
1987 178 2153
1096 1393 1695
2154 2155 1540
514 2080 2081
2156 719 1180
2157 464 2158
1927 1702 755
659 337 1897
1137 1139 1259
1004 1301 1303
1506 1758 646
1306 1679 2159
1014 1047 1251
2160 1347 2161
1517 1016 1560
131 33 1925
861 860 497
1482 1957 1639
1611 1182 1212
1341 1551 1768
2162 1613 2163
1614 1613 2056
2164 2165 1684
2166 2165 689
1408 201 132
2167 2168 195
706 1992 856
2012 706 705
2061 1926 1280
2170 2171 1054
1961 1302 1301
1851 1815 2172
846 1744 847
845 1753 846
1761 2091 1063
1445 712 616
1973 2154 1540
1214 2174 1665
2175 1344 2176
46 1884 2177
988 1349 270
438 1794 2178
473 615 474
1018 1887 1827
1605 1320 2179
429 1526 1527
858 2180 2042
1277 1438 1278
161 1002 1923
1705 1105 2182
944 1047 942
422 815 2027
489 818 487
115 1940 683
750 155 157
1882 1059 1060
2183 1569 1321
551 1394 1098
245 2184 1933
1441 674 2015
1727 1509 1960
2185 1511 1510
76 393 1399
78 360 76
142 508 1968
1786 1543 1528
1040 259 545
529 298 1318
2141 1865 2142
2186 2095 2187
2043 746 1299
2188 2189 990
1133 1136 1134
1821 1273 2042
88 1821 124
513 734 733
2190 2191 2192
1861 1863 1755
2193 2090 1999
1497 2194 2034
1918 218 1919
2105 1260 2195
1610 1611 1214
1842 1904 1841
1905 1904 1575
837 1895 11
1040 1039 259
212 1993 814
1442 1293 1443
2196 2197 2162
1956 925 392
1264 1892 166
1837 1571 2198
2199 1463 1462
1862 1861 1927
1445 1861 1755
1580 1579 1886
2200 1313 2201
974 975 2202
700 384 383
2047 571 1495
2130 2153 2205
1002 161 1003
732 729 752
2206 1451 1934
2206 1205 1452
1557 984 983
1650 2207 2003
162 1674 1676
2208 1109 1086
1190 2209 2210
186 1499 42
1095 1303 2211
1905 1575 1574
658 660 2213
83 1341 81
1551 1341 690
516 1005 279
260 516 1236
2065 2215 1686
1498 1752 1496
2216 2217 2137
2200 1991 2059
2158 2025 2157
909 2008 910
1179 1146 1548
1473 1475 2218
221 2219 1893
1218 2116 920
623 987 1728
1987 462 79
1739 641 726
734 967 735
2210 533 29
1342 1676 1343
1953 2119 2118
1 1953 1972
1004 1864 1301
2157 465 464
147 1773 1156
356 355 394
2186 2187 2223
1959 2187 627
10 1010 837
2224 2225 1914
691 1094 2226
1125 1118 1609
1391 1185 1375
395 2011 396
815 1610 1720
908 191 190
1105 1065 2182
1066 1065 1407
1508 202 1507
1387 1421 1386
939 2108 1558
715 1144 2079
2073 1147 1207
663 1778 1524
481 480 1468
776 455 777
636 638 1816
1975 2227 1974
381 2228 1677
557 2064 558
2229 2219 1666
65 1905 64
836 108 1226
107 108 835
815 1720 1719
2100 2102 2230
1697 2231 1880
1936 1805 875
2081 515 514
1315 1317 1302
1078 823 1418
1823 1923 1116
564 566 2232
1884 102 104
2009 102 2010
1113 1115 2007
311 99 101
949 948 1902
653 651 1485
2000 1749 572
1906 1589 1999
1998 1589 2217
913 912 840
565 2070 2233
590 1235 591
1518 447 94
2234 1553 1809
1657 2235 2236
1646 1986 316
1682 1681 1423
1343 1334 2176
2237 932 1024
1487 1513 881
1124 2128 2036
1048 238 1325
2238 743 2201
1054 1246 2170
2239 894 1583
2240 2241 553
739 67 720
421 89 1871
1630 635 2152
62 635 452
148 150 441
281 2182 1065
2045 2230 2242
2100 2230 625
1377 2243 1733
1317 2226 2211
1228 1982 1983
219 218 1918
1191 671 670
2167 86 736
2244 1990 1989
966 2023 2022
1593 1968 552
1601 1453 1600
2245 1548 2041
1639 1957 1958
1957 1069 1043
2145 677 791
2168 1601 196
1184 1783 1466
2059 1313 2200
1836 1382 1789
2246 548 2247
426 428 1359
2248 96 808
1008 240 242
689 2231 2166
1120 1090 1851
2249 919 921
1690 759 2250
311 101 1858
117 116 1849
452 1630 1145
297 2143 2192
2089 2143 2142
136 1226 109
1788 2045 2242
963 1449 964
2153 2132 1987
1872 153 97
1862 1928 130
698 2127 1326
1167 1195 1194
1 1850 1953
2251 1477 1476
644 645 774
9 626 866
775 645 1623
2164 689 2165
2154 967 2022
2194 1497 1616
2034 2194 467
2252 808 1831
1814 1813 295
1191 1190 802
1757 1841 2253
1020 735 1757
1055 2171 1476
879 780 2170
1348 270 1349
2223 2097 1883
2165 1943 1684
98 97 152
2248 2052 96
1840 768 469
1062 788 1063
2254 2099 2255
1244 1895 1795
807 2062 2248
2256 1933 2184
851 1907 22
1936 1333 857
2022 2023 2025
2101 2257 248
1804 1802 1875
212 245 1993
1619 1324 1978
45 2010 46
811 892 812
1760 1112 354
1476 1112 1055
1275 1331 1897
1864 1003 163
2078 1806 2178
2075 2258 2161
2179 2160 1605
1347 2160 2259
104 2125 1884
1533 1713 319
1011 2260 1503
1311 1251 2079
7 1021 795
2261 1390 927
1014 1308 191
1740 2059 1991
421 1871 1611
1628 1201 1658
1494 2263 954
1410 241 111
242 241 1723
252 75 1794
457 1574 160
2264 289 1488
1937 1033 2265
756 1000 586
2027 17 422
1105 2266 1106
809 1035 1584
2267 727 1858
1409 2268 2269
1866 2146 2270
1632 631 1633
1982 324 423
1970 1327 404
469 768 1791
230 491 2271
844 2002 702
2141 2143 297
1520 1447 976
138 1478 139
1478 1479 1165
2272 1165 1164
1983 402 169
539 1712 540
414 1929 594
747 538 748
285 281 1066
783 2273 1956
1098 1393 1096
742 885 1685
1167 1777 466
1169 1168 1752
1249 1248 2032
161 1845 1328
1921 2274 2033
21 649 547
1874 1181 550
2230 2045 625
747 612 538
1458 2207 1338
1514 1917 1916
795 2275 955
1305 2245 2041
847 1744 1508
2110 1588 1042
2110 1069 2137
1073 10 185
10 837 11
2001 2002 2054
2158 1541 2155
2276 661 1570
1524 661 663
769 2243 770
1733 2243 114
1066 1407 1404
1271 785 374
257 201 1408
1701 768 1230
1310 632 1632
970 1557 1556
1431 1430 1863
489 819 818
901 900 819
993 1866 994
1302 1317 2211
2277 2113 126
1835 902 2278
2227 721 69
240 1009 2279
701 844 702
2280 2255 2099
1137 541 1138
1542 1541 1642
2224 2281 2225
1253 1252 915
2216 2172 2190
1998 2216 2193
754 1052 320
1229 1227 332
1877 2282 1820
246 198 1993
370 853 1314
2283 662 2276
1595 1847 579
2051 237 424
1739 530 1455
2133 1857 2284
964 1448 1419
2285 1877 1820
819 852 1015
1276 677 569
1986 1314 855
376 710 1260
189 1396 190
614 94 474
2286 1231 985
2244 2287 1990
865 1332 2288
2048 1332 2049
782 363 1667
1239 971 1947
1793 585 1395
887 39 888
646 648 593
45 1671 2010
1671 1139 2196
681 680 427
714 686 1887
28 803 29
404 308 1970
688 1825 686
1244 11 1895
438 437 253
843 2289 2266
1697 937 1486
1709 1737 2290
1445 1755 2066
1667 891 247
2291 1761 2292
1772 1587 170
1636 227 226
625 1470 2100
310 817 2006
817 819 900
1702 2294 755
1359 1360 1265
1491 1792 1582
30 32 2284
335 1417 1506
554 1365 2295
923 922 1217
1248 1250 1699
1175 1176 522
1285 1175 1236
305 304 2282
39 887 37
2283 329 1300
970 972 2084
1326 2127 1324
966 2296 2023
1124 2036 310
2297 1622 1434
2106 1886 2298
1332 2048 2288
561 243 745
1933 243 245
1877 2285 1878
8 1909 625
1775 1183 1967
1699 1581 1248
2157 2024 2121
673 1245 1799
988 990 1349
2139 455 776
53 55 767
1540 2155 1541
2226 1317 1519
1233 2273 1668
1409 792 1724
1704 440 1554
840 839 2299
2122 1461 1150
1319 1379 1113
2018 1479 138
1653 1705 1704
1997 1514 1513
654 655 2225
1234 1808 1962
765 2003 2207
2151 681 1913
1730 1732 1838
526 740 527
1255 656 1118
281 283 2182
1624 1282 1284
1282 199 890
2196 2162 2163
2056 2162 2300
377 1627 1889
2044 1790 898
897 899 1994
1868 2301 1503
1188 1398 1619
1774 2257 186
1005 262 1027
1261 1263 1057
510 509 1512
2041 1547 1368
1587 463 1456
1965 1306 1305
590 1233 1235
2139 1689 456
1617 1168 1615
568 567 1001
1233 1463 2273
2050 314 2302
761 204 203
898 711 1846
898 1846 2254
393 76 360
76 1399 1764
501 1857 2133
2001 1748 2303
126 1273 127
810 1435 978
1113 1379 1423
980 981 2304
1687 1686 1342
419 568 724
171 2305 1643
1075 1280 2306
803 28 723
2007 2008 2307
800 2055 1283
1158 1859 1635
2258 2260 1073
1439 1012 913
161 1923 1845
2030 1114 1423
2167 195 1380
195 2168 196
22 1907 903
1793 1395 1394
2308 1141 805
1734 2135 2173
1255 1126 893
1748 2001 2053
2309 513 515
1492 2310 1493
1462 590 592
974 1426 197
718 717 1571
1196 873 670
662 1300 1299
561 1962 2311
2266 2289 1106
1662 1960 1741
658 1501 2312
835 250 652
618 617 1701
88 1871 89
1051 1189 1052
676 569 677
331 333 1417
799 1315 1961
1727 1729 2313
1705 2266 1105
1271 639 1278
1890 1830 2314
566 565 2233
1746 947 1981
489 490 852
368 531 2113
2047 1495 2048
57 1649 58
457 1355 573
1309 607 1310
1453 1601 2168
1559 1558 118
1522 2051 323
25 24 2265
2083 1560 665
2223 1179 2186
1962 561 744
2315 1994 2316
2037 1166 27
1843 1637 399
1508 721 2227
1075 2306 1079
2316 2317 2315
442 1784 443
1808 247 2311
1684 1360 428
1438 1618 785
848 1592 1563
798 1688 1687
1973 1540 158
1096 1695 1693
2185 1556 983
947 407 948
457 573 458
1274 1219 919
2047 569 571
2048 1495 796
845 1224 1753
846 2274 1744
662 1299 746
1776 1261 1268
1921 720 2274
1348 2318 270
900 2006 817
211 1699 2319
2069 1248 1581
2179 2259 2160
380 2228 381
1696 1077 1076
1707 1966 1930
2280 2098 824
1085 1585 1035
24 1936 1937
1805 1936 857
464 1772 2158
1471 1470 1736
797 796 1495
1275 2049 1331
1570 564 2276
1954 1812 1811
556 2003 766
1386 2320 1458
1353 1229 1373
1543 1910 224
1432 1431 129
385 654 1917
1408 412 1388
243 1357 745
2179 1320 528
329 888 1300
1937 877 1033
868 870 208
1400 2321 2075
911 2317 2209
396 1036 1425
1082 1437 863
1868 1869 2015
2183 1869 1569
2147 375 785
2080 1079 1078
2229 1893 2219
967 2154 1842
309 1048 307
1779 2246 1180
1487 2264 1488
1219 1274 61
548 547 209
1646 1985 1984
827 1781 825
104 2322 2125
1089 473 1654
1264 165 1966
1947 2249 921
2265 1032 1269
1659 2323 1213
2105 2323 1660
718 1571 1778
221 224 2219
1290 26 25
183 1125 181
1776 1031 1783
379 381 2324
626 9 8
223 757 1528
1297 1296 2014
2172 2216 2137
284 2050 2325
1494 953 797
1031 1776 1032
703 2303 1992
1597 1781 827
1546 280 1007
1243 2250 12
2215 163 162
1429 2326 568
1755 1863 1756
796 2288 2048
1229 1353 1228
2134 520 519
1898 90 477
364 90 137
156 1942 2189
92 477 90
1883 1178 2223
2196 2163 2009
272 33 35
2166 2046 2165
153 366 1294
2322 769 2125
142 1968 143
488 2327 261
1291 2176 1334
1792 1802 1582
1925 274 1689
953 1104 1106
2179 527 2259
375 2147 993
969 604 1044
1628 1658 1629
245 212 2184
2305 2149 1922
748 303 749
1269 25 2265
1970 1731 1730
407 821 948
1201 1628 1875
1188 1978 637
1188 1619 1978
1690 1967 759
1054 1493 1246
1719 1538 346
1384 2264 1538
2287 1881 1669
1944 591 1235
2206 1935 2295
561 745 744
1576 743 2238
2019 387 1128
2019 763 2020
307 1731 308
73 252 950
858 120 2180
90 1898 136
1898 1899 1225
982 1313 1350
1568 1569 2321
878 780 879
408 878 409
717 1473 2198
2328 2296 2309
2024 2023 2328
898 897 2044
2192 2143 2090
2200 957 1991
2263 571 2329
570 1615 1168
1120 2172 1068
2255 1078 1080
1785 1428 1427
305 2282 4
2316 2330 2210
1435 183 1931
1735 1823 1471
741 2331 2148
682 509 1745
692 31 1053
857 704 706
1157 1433 506
2007 2307 1319
627 2187 2095
2331 741 74
1705 2182 1703
1933 2256 2114
518 520 758
1446 1406 1577
1988 1990 1153
757 2031 758
442 755 2294
1114 1113 1423
526 528 759
766 762 1127
1273 126 749
126 2113 749
2216 1998 2217
1298 1297 2082
1838 2198 2218
2061 1075 1077
264 1012 265
636 1344 2175
942 1014 1013
2195 2031 1870
2332 1594 1994
276 1040 277
1163 1512 683
1494 571 2263
1405 1520 314
385 1514 1938
957 128 1991
1585 1085 1084
1332 1331 2049
1690 672 1412
1967 1690 1262
957 2200 1358
128 956 129
1185 1187 1188
2081 1419 1448
2169 839 2333
1973 1904 1842
793 647 349
85 859 330
2210 29 802
2219 1527 1666
1184 1183 1783
149 128 130
1414 137 136
2044 2317 911
2279 112 240
1298 1873 2052
1760 354 356
1177 1008 242
238 1521 1130
1256 1255 1507
867 2213 660
2319 2256 2184
1436 2197 1138
1455 529 2307
90 364 91
1652 1462 592
2022 2155 2154
695 1023 1736
1008 1177 1930
998 887 1798
1111 1112 1760
1282 1624 200
1199 1624 1200
2277 18 17
12 2250 184
2024 2157 2025
322 1354 2334
1680 1879 1679
2027 1719 346
1531 1756 1249
1853 1952 1854
758 2335 518
1385 1720 1665
2202 975 2298
623 622 1211
1610 1214 1665
1279 1281 2332
4 118 858
1455 2336 641
1559 963 939
52 2092 1971
2259 527 2148
1253 915 1826
2170 1738 879
2194 1616 2337
919 987 1274
1181 1629 1182
1868 2321 1569
446 2135 113
2199 925 1956
377 376 801
442 2294 1784
231 1689 479
1611 1871 1182
2039 2254 1080
1298 2052 2062
2042 305 858
1378 274 273
1247 1493 2310
2056 2300 1081
1233 590 1463
1759 1516 2028
2201 743 1358
973 698 502
1868 1503 2321
1439 913 2299
1822 1770 2013
1056 1759 2028
2111 2093 2092
1279 2306 1280
348 398 1787
2169 2333 558
942 1013 1115
1293 1442 152
563 2120 2087
554 2338 555
1860 2270 2146
123 256 880
2339 2340 979
1919 218 2068
2341 122 121
2089 2342 1999
1835 2278 2341
796 1021 2288
2278 1107 2341
300 1599 1777
255 2343 256
1107 1818 1108
911 1192 71
2278 1950 1107
123 122 255
1636 226 1637
1360 1944 1265
2278 215 1950
742 901 1272
1044 460 1045
1818 1107 1819
1810 1045 460
969 2344 604
2263 2329 1170
1108 1086 1109
969 1413 2344
700 2345 384
1818 1989 1108
953 2275 797
1655 337 659
929 1413 969
1093 1833 151
255 2208 1855
1413 2346 2344
1950 1819 1107
318 1221 275
1989 1087 1108
1108 1087 1086
1970 1730 1888
2244 1989 1818
2346 1413 731
2344 1060 602
1050 731 1413
1060 2344 2346
929 619 1051
2244 1818 1444
1051 685 684
1732 2347 1839
938 936 653
1988 1087 1989
2251 2284 1857
1086 1855 2208
604 603 1044
2051 1522 237
862 936 15
623 1728 624
621 961 684
256 371 880
1050 729 731
621 1641 1640
1882 2346 730
1050 1051 754
1087 1988 1024
931 1855 1086
263 265 603
576 1810 461
1153 1990 2287
729 732 730
1855 874 255
1882 1060 2346
577 576 461
176 256 2343
1034 1036 396
602 263 603
731 730 2346
1351 2244 1444
1352 1949 485
256 176 371
2343 255 874
176 2343 47
1949 215 214
2156 2247 870
1949 1352 1444
1351 2287 2244
1025 263 602
2001 2303 702
874 1855 933
684 961 1189
320 1052 318
2077 1504 598
164 166 2340
897 1994 2315
2348 2096 699
904 905 177
1083 1085 1664
2237 1024 1988
176 177 905
1812 1954 1037
1352 485 482
2287 1351 1881
1410 287 1411
1713 753 752
182 1526 429
917 904 177
264 913 1012
49 177 47
1382 519 2335
951 179 80
2035 2068 2342
484 771 482
245 244 1993
155 154 49
769 484 2123
909 1278 2008
916 236 904
771 1376 995
705 1674 1328
1755 1531 2098
771 484 769
1714 753 1713
1327 1844 2349
2115 1026 816
839 2293 2299
1084 1586 1585
318 275 357
758 2031 2195
917 49 154
689 1504 2231
239 309 424
1376 1976 1881
1889 378 377
750 156 155
234 916 918
838 2333 839
2017 74 1184
2188 154 156
358 498 357
865 867 1332
769 2322 2243
1976 1376 134
1469 1714 1533
358 496 498
1750 1718 1751
1040 545 358
1361 1702 1927
2189 1942 2071
2350 1919 500
912 1289 840
882 1847 883
267 959 268
2243 1377 770
2115 2351 1289
1900 589 1901
1422 2037 1682
691 1484 1094
1286 2333 838
2277 126 18
1131 2188 989
794 1648 1726
1884 2124 2177
44 46 2177
1286 838 1287
1406 1447 1404
2222 2353 1946
1249 1756 1430
1287 2351 2354
2333 1286 575
1126 1125 812
386 1371 1232
666 667 2355
2331 74 73
1131 1197 1132
1645 2204 2356
545 2357 496
1377 1734 135
258 545 259
496 2357 497
201 257 841
2322 104 114
59 2014 1296
1945 34 2352
2009 2163 102
2357 861 497
1180 718 1778
1191 670 1532
1562 2355 667
2355 2353 2222
558 2333 575
1286 1288 192
572 51 50
382 498 497
235 1932 668
2357 545 559
2188 990 989
1562 2353 2355
2308 805 493
2189 2071 2072
388 1828 1371
559 545 258
2353 35 1946
551 1098 1600
1092 2354 1833
1128 713 1127
13 133 132
2319 1432 2256
162 1676 2215
1644 1922 2000
667 1564 1561
556 766 557
1734 1733 2135
1139 1671 1258
445 2173 2135
104 1612 113
2003 556 574
2357 559 2261
33 131 133
848 1564 849
131 232 132
2019 1128 764
1612 104 103
2357 2261 861
1257 1259 387
1197 989 1070
46 2010 102
1733 113 2135
232 412 1408
2358 1562 1561
2359 35 2353
556 575 574
192 2004 574
765 766 2003
2019 1257 387
1071 1197 1070
1595 883 1847
1390 559 560
560 257 1388
2358 2359 1562
953 1106 2275
1072 1591 850
1683 446 1612
1844 1327 1888
2209 1190 1192
2358 1561 2360
1613 1612 103
988 269 1070
192 1288 193
2261 2026 861
2261 559 1390
1092 23 193
1093 1092 1833
848 850 1591
945 35 2359
2320 1386 2021
1564 848 1563
194 2004 192
1614 1683 1612
1390 560 1388
763 762 2320
2026 708 707
2004 194 903
2300 2162 2197
2162 2056 1613
1683 444 446
1451 2361 1780
233 1925 1689
233 232 131
1402 449 2057
304 1820 2282
1072 1780 2361
2362 2358 2360
238 1326 1325
2362 2359 2358
2003 2004 1650
928 927 1390
1259 1257 1137
444 1088 445
830 1429 828
1393 1395 471
1650 1338 2207
2021 763 2320
725 2060 1175
2222 1946 1945
2362 945 2359
1257 2020 365
194 23 22
444 737 1088
21 23 1093
1005 1007 279
2364 1592 1591
1429 1995 828
1389 412 411
2056 14 2057
1462 1652 2183
1450 1591 2361
448 1683 449
1614 2057 449
473 1089 1088
2365 1563 1592
1432 2319 1250
1158 1160 1860
1591 1450 2364
231 412 232
2330 2316 1594
2362 2085 945
1451 1780 1934
1925 272 274
548 2246 1534
21 851 22
34 1946 35
737 444 448
2338 2363 555
1326 238 1130
1400 1568 2321
802 803 671
277 357 275
927 709 708
1766 2067 1907
2365 2366 2360
488 818 2327
2267 1858 1140
1790 617 711
113 1612 446
2139 479 1689
851 1766 1907
1459 1338 1650
438 2178 2054
197 1426 195
93 475 474
2364 1721 1592
1710 1322 1122
1450 1604 2364
1386 1458 1340
1082 2300 1436
137 1415 541
2367 723 934
2106 2298 975
339 1402 340
165 1930 1966
2366 2085 2362
2103 468 173
2368 1387 1340
2300 1082 1081
1437 1415 1414
1088 615 473
2364 1604 2271
1640 960 961
210 547 649
738 450 1401
2369 525 95
14 340 2057
1401 450 1402
2365 1721 1330
434 2370 1762
2081 1448 515
2366 1330 294
1387 478 92
21 547 549
935 339 16
1824 928 1763
273 293 1378
554 553 2241
2368 1340 2371
93 525 475
2206 1452 1451
1387 2368 478
2085 2366 294
2371 1340 1339
738 2286 985
1329 82 294
15 14 1081
481 1467 1763
872 871 2214
1721 2271 491
1401 2286 738
1049 2347 307
525 2240 605
1248 2069 941
1766 851 1767
709 1824 2370
594 648 1725
1744 2274 721
52 2111 2092
872 2214 2370
208 1555 868
851 549 1767
1468 480 895
476 1899 477
1437 864 863
1915 1917 654
614 615 985
1856 692 642
1939 1365 554
1672 230 2271
1006 2119 609
1534 1711 1767
2368 476 478
2260 2075 2321
1948 1339 2067
996 2368 2371
2338 271 2318
1419 2081 1418
1110 2286 1401
1766 1711 1948
2291 2372 1761
2241 2240 2239
1672 1604 1204
2369 2240 525
1225 1226 1898
413 415 2373
1437 1414 864
996 476 2368
1243 11 1244
1103 339 935
1204 1203 1673
572 573 1355
2106 975 2107
1518 94 614
81 455 454
1948 38 997
2113 2277 368
208 870 209
356 1516 1760
1231 2286 2076
82 1329 630
2029 869 868
743 1267 744
996 2371 997
1103 2077 1110
996 1800 1722
230 1672 228
782 781 363
1762 1467 432
862 653 936
1203 1620 1673
455 81 777
938 935 936
447 1552 95
492 630 1329
776 778 895
38 998 997
432 435 433
1534 1536 1711
1180 1778 1779
1468 896 1670
1365 1939 1363
2374 2373 415
2029 434 433
15 936 16
1261 1057 1268
209 870 2247
56 1670 57
1621 266 1620
36 1948 1711
432 1467 1670
896 1468 895
105 107 651
1899 1722 1795
2291 1216 1215
836 1225 1895
778 777 1768
2369 95 1240
1537 2156 870
887 998 38
225 2375 433
658 2312 1879
937 1697 1880
887 38 37
2330 578 533
2376 1537 869
894 1240 505
1553 972 1552
1341 83 690
2076 2077 598
2043 1536 1535
227 2376 2375
2043 40 1536
650 1440 1485
56 435 432
938 653 1485
1961 1864 2065
869 2375 2376
821 406 1171
107 652 651
1949 1819 1950
1787 225 435
2156 1180 2246
447 1518 1809
72 367 70
596 679 597
1737 409 879
2297 1621 1622
1518 1231 597
492 229 389
1707 1930 1177
1109 2208 2341
310 311 1124
679 2234 1809
2077 1880 1504
1796 1799 1245
2268 1465 2314
1880 2231 1504
719 2156 1537
778 1768 1647
565 1392 1391
1647 896 778
292 1526 290
759 184 2250
416 2377 1635
389 1608 390
1474 1843 1475
1440 650 674
2378 1537 2376
1239 1947 505
379 2324 2335
2007 1115 910
719 1537 2378
1787 435 524
262 261 2128
939 963 940
56 524 435
1107 1109 2341
1018 1926 2061
1947 506 505
267 266 1621
39 40 1299
2283 1300 662
165 164 1009
1969 1830 1891
2348 2379 1706
835 652 107
1889 2228 378
1800 998 1798
1553 2084 972
2380 282 1573
2116 1621 2297
1636 2378 2376
689 2164 680
2043 1299 40
159 1644 2000
679 596 680
1191 802 671
1157 2116 2297
1434 1433 2297
690 390 1037
2234 2084 1553
2035 1656 2068
613 786 1217
2258 1073 1605
58 793 524
546 1608 389
1124 1027 2128
599 829 1223
1243 12 11
1697 2166 2231
1241 1223 829
524 348 1787
1769 1551 1550
1621 1951 267
1541 2158 1772
1186 1392 1570
1658 2323 1659
1696 514 513
835 837 1010
427 426 1913
835 1010 250
506 921 1157
326 325 888
1698 1440 1441
1038 1551 690
2234 679 681
638 637 1978
1011 1010 1073
993 2146 1866
407 947 1746
1239 1552 972
1900 1902 948
1037 1608 1812
1951 1621 2116
2381 1607 1556
2166 1697 1698
348 524 793
249 2301 674
2164 427 680
1061 1718 1062
1522 355 1832
39 1300 888
414 594 1725
1038 2373 1550
1637 226 398
1769 1550 2374
1852 959 1853
1911 546 959
793 58 1648
1038 1037 1954
1877 5 2282
2084 2234 2151
1607 1947 971
249 652 250
1149 546 1911
1894 2323 1870
1243 1245 672
1951 2116 1218
1265 1267 1576
2166 1698 2046
1851 2172 1120
1149 1911 1150
2301 2015 674
347 346 1538
348 350 398
2374 1550 2373
2107 197 196
1296 1298 2062
961 276 1221
2382 2383 1955
2374 1725 1726
2249 1947 1607
1892 2340 166
267 1853 959
2373 1038 1954
2122 1150 1911
1510 2313 2381
696 8 7
717 2138 1473
1571 1524 1778
1854 61 60
2343 874 47
2122 1911 1852
968 1152 1716
2276 2232 2283
773 2235 1865
2306 1279 2039
1698 1441 2046
2232 1058 328
1725 2374 415
134 770 1377
1474 1637 1843
1690 2250 672
1020 1757 714
329 2283 328
1489 1513 1487
61 1952 1219
1345 2331 1782
122 2341 2208
1742 2144 2269
1952 1853 1951
349 647 1758
2321 1503 2260
1903 1837 1839
2301 249 1503
984 2151 1913
1725 648 794
919 2313 1729
2085 293 273
508 353 552
2381 2185 1510
2313 2249 2381
2235 2142 1865
982 984 1797
2218 1475 1888
682 1745 1849
1263 1058 1057
639 2336 1278
1854 1876 1852
1715 1641 620
919 1219 920
1954 1811 1530
1701 1702 618
1967 526 759
693 511 1121
566 1058 2232
1072 1070 1780
661 2276 662
628 1237 833
1430 1432 1250
2122 907 1461
566 2233 1057
1261 1775 1262
983 1350 2185
685 619 621
911 2209 1192
1852 1876 2122
426 1359 1797
2105 1870 2323
2087 2120 2088
1350 1511 2185
2015 1869 2016
733 735 1019
417 631 633
65 66 716
1927 755 1928
2232 2276 564
2198 1838 1837
1435 889 312
1459 2067 1339
772 1420 350
726 601 1739
794 648 647
646 1758 647
1529 414 413
2016 1869 1652
2319 2184 211
622 1908 1211
949 1454 947
987 1729 1728
1150 1461 1151
1903 2150 1523
2150 1570 1523
1420 1843 399
620 619 1716
1509 1727 1510
1586 1811 2063
1529 413 1530
2201 1313 1312
1794 2078 2178
986 59 1274
1270 1272 901
1529 1929 414
2219 224 1527
1360 1651 1944
1359 1312 1797
595 1663 1817
275 1221 276
1102 2060 1464
2267 1142 2383
1350 2059 1511
1212 1659 1213
1929 595 594
1460 907 807
1820 1712 2285
914 1827 915
1084 1083 1529
2233 1268 1057
1498 2033 846
1786 2302 1543
907 1876 906
595 2384 593
1974 69 68
1929 1529 1083
564 1570 1392
2259 2148 1345
1473 2218 2198
1296 2062 906
2063 1584 1586
2083 2385 1980
772 1416 1572
1584 2063 1460
1839 2386 1903
1663 1083 1664
866 626 2045
1152 968 1045
2349 1844 1420
2161 1754 2075
1212 1214 1611
2172 2137 1068
1970 1888 1327
2150 1187 1186
1350 1313 2059
471 1695 1393
1453 736 330
552 1968 508
1416 1506 1417
1865 2141 296
1439 2299 2293
1741 148 1662
19 87 89
2252 1831 1036
2265 1033 1032
2349 1420 1572
1187 2150 2386
526 1967 1183
2280 823 2255
490 599 852
2171 1055 1054
1726 1649 1769
1472 2100 1470
1171 1016 1517
327 1412 672
1326 697 698
1327 2349 167
984 1913 1797
26 1291 1334
565 564 1392
1316 973 2133
1960 1509 1741
1765 1399 1754
579 1682 580
1731 307 1732
2199 1462 2183
1391 2070 565
1187 2386 1398
1279 899 2039
59 986 2014
499 2068 1656
130 1928 149
1366 1368 1547
2384 335 1506
1035 1034 1085
2199 1321 925
1961 1301 1864
990 2072 1349
1378 456 274
1759 1760 1516
2350 1920 1919
809 2252 1035
2384 595 675
1974 68 2212
809 808 2252
1584 1035 1585
333 168 1417
1385 1666 292
2037 534 580
2014 1211 1297
402 404 1327
2082 1297 1908
1770 1822 1735
1552 1240 95
2209 2316 2210
167 169 402
1908 1297 1211
1991 1022 1740
1347 1765 1754
908 910 1013
2201 1312 2238
1596 1370 1366
1217 1062 923
562 2087 1449
875 1806 876
1728 1727 1960
2384 1506 593
542 467 2194
335 2384 675
2337 1615 1743
1619 1049 1325
1303 1095 1499
1610 815 421
184 528 1320
820 585 1793
303 2042 1273
1740 1022 1741
1977 2127 1687
1120 1091 1090
1417 335 331
1636 2376 227
2324 381 1789
499 500 1919
1117 2257 2101
1269 2233 2070
742 1272 374
1415 1138 541
404 425 308
2248 2062 2052
1268 2233 1269
939 2069 2108
2387 1801 1817
1233 1668 1234
1603 1873 2082
1028 1304 1029
332 331 1625
92 91 1421
210 209 547
1315 1302 1961
1662 443 624
1049 1398 2347
1642 1541 172
2092 2372 1971
1956 2273 1463
2158 2155 2025
402 1983 403
125 1182 1871
1347 2259 1345
1425 1036 1443
2232 328 2283
854 1916 1915
1030 2387 1817
1765 1347 1346
1602 767 1840
1298 2082 1873
610 1100 1099
2022 2025 2155
124 2180 550
98 1443 1831
1235 1234 1266
1983 169 1227
443 1662 441
1030 1029 2387
675 1817 1801
169 168 333
2234 681 2151
877 876 1466
1764 1765 2109
622 54 1908
1505 1290 2070
119 118 1558
1893 2174 1894
746 1779 663
1962 744 1963
2197 2196 1139
1595 2332 883
1268 1032 1776
1031 1466 1783
1505 2175 1291
1668 1808 1234
2190 2193 2216
334 1801 1771
1346 951 2109
1602 831 1872
1279 2332 1994
148 1022 149
1872 97 1873
1359 1265 1576
333 332 1227
2024 2328 2088
207 1514 1916
1152 1045 20
1208 1801 2387
1798 325 673
425 403 423
1594 578 2330
2273 783 782
239 238 1048
2387 1029 1208
1129 502 697
334 1625 331
360 1626 392
1879 1680 1655
2306 1080 1079
54 622 443
2256 956 2114
150 149 1928
2012 1896 2013
2160 2161 2258
1709 1710 410
782 1668 2273
1034 2011 1664
17 19 422
567 419 418
1354 324 1982
80 77 1764
1291 2175 2176
470 911 70
1808 2311 1962
1011 1073 2260
153 1294 152
1205 2295 1365
1343 2176 1344
2322 114 2243
980 2304 1304
1998 2193 1999
1505 1375 2175
2207 1458 765
460 461 1810
1801 1208 1771
1779 2043 2246
1754 2161 1347
2017 75 74
1576 2238 1312
1936 24 1333
1782 951 1346
1808 1668 1667
1209 1208 1029
1228 1354 1982
2034 467 1921
1333 24 26
2195 1870 2105
1374 332 1625
2382 1955 537
1747 1748 2053
2262 2388 2356
820 1793 351
397 1425 1293
1304 1209 1029
1771 1372 1625
2314 2269 2268
425 424 309
554 2295 1935
1638 42 41
1953 609 2119
2304 1209 1304
84 1771 1208
980 2011 395
1743 1742 2337
306 1964 1196
2046 1943 2165
831 153 1872
1626 360 359
1517 280 1546
1230 1784 2294
1977 1324 2127
78 77 462
1450 1452 1604
1906 2342 217
397 144 395
429 1527 1910
363 891 1667
2078 876 1806
2311 244 561
1395 581 471
237 1521 238
78 1677 359
644 774 1865
196 1694 2107
950 254 179
2292 2388 1216
1752 1753 2094
85 84 1209
178 80 179
799 1688 798
1372 1771 453
2304 85 1209
831 367 366
857 1333 1335
150 1928 755
152 1294 1293
1372 1380 1373
87 127 1821
361 363 781
212 211 2184
1848 1428 2334
660 1331 867
912 1026 2115
2325 2134 284
324 1354 322
1986 1984 1314
1334 1343 1675
2218 1888 1730
781 1626 1627
75 2078 1794
1977 1816 638
1193 1195 1166
533 27 29
1701 1791 768
129 2256 1432
1840 367 831
398 399 1637
397 1964 144
1627 359 1889
1848 1373 1381
1642 172 1643
2311 247 244
1861 1361 1927
86 2167 453
1678 381 1677
801 1708 362
306 144 1964
1294 366 832
859 2304 981
723 2367 803
85 2304 859
930 1716 619
2206 2295 1205
1987 1678 462
1204 1452 1205
1335 1675 704
361 781 1627
2313 1510 1727
1292 1294 832
716 2253 1841
180 2153 178
1889 1677 2228
1266 1963 1267
347 1538 2264
1687 2127 798
965 254 253
2051 424 423
199 198 246
1521 1832 2389
1791 1701 617
2327 2128 261
1607 2381 2249
2348 699 2379
70 367 469
906 60 1296
1361 618 1702
810 812 1356
1545 1826 1825
891 363 362
198 814 1993
1357 2114 958
2253 714 1757
1250 2319 1699
886 373 993
2302 313 1543
43 1094 1483
1342 1686 2215
400 330 859
1806 1805 1747
354 1832 355
380 378 2228
394 355 323
180 2205 2153
1455 2307 2336
2386 2347 1398
1453 2168 736
209 2247 548
520 2134 1786
1785 394 322
928 1390 1389
538 540 748
1431 1863 1862
1445 1361 1861
2225 655 1914
1212 1629 1659
1428 1848 1426
1276 569 2047
1678 1987 2132
1139 1138 2197
1708 801 800
436 2054 2002
405 510 1017
2005 1704 1703
162 1328 1674
1708 1283 890
1381 195 1426
1532 873 71
616 711 617
407 1746 405
213 1700 211
1699 211 1700
813 198 200
507 306 669
2226 1519 691
1594 2316 1994
438 2054 436
853 370 369
2131 1789 2132
1412 1263 1262
2085 294 293
1681 1847 1252
1284 1661 1200
376 378 380
1796 1795 1722
1785 1516 356
703 702 2303
2331 1345 2148
974 1515 1427
1356 812 1125
2390 2205 946
1409 2269 2144
2205 2390 2130
2012 1992 706
1223 1599 299
2205 965 946
2065 1688 1961
1896 1328 1845
298 300 1194
2289 955 2275
1385 1384 1539
1776 1783 1775
1748 1992 2303
305 2042 303
1770 703 2013
1531 824 2098
2255 1080 2254
873 1532 670
589 1900 821
2131 2130 2390
685 1051 619
2367 669 671
2263 1577 954
439 2391 946
196 1601 1694
1720 1610 1665
507 669 2367
1030 1664 1028
1789 2131 1836
1573 1383 1836
1717 1718 1750
186 42 1774
897 2315 2317
2246 2247 2156
1600 401 551
693 1322 1940
838 840 1289
881 206 345
973 1315 799
1532 1192 1191
1601 1097 1694
1684 428 2164
1515 974 2202
2159 1237 1337
1790 711 898
503 354 1477
1040 358 277
1905 1574 459
1315 973 1316
213 814 1490
1792 1490 1457
2391 2380 2140
1243 672 2250
2133 2284 32
1394 1393 1098
1554 436 2002
1292 832 1196
934 507 2367
2120 2024 2088
813 1624 1199
963 1559 562
2390 2140 2131
1487 881 347
2254 1846 2099
2324 1789 1382
854 1915 1807
379 758 710
840 2299 913
2317 2044 897
1284 2055 1660
2391 439 2005
934 353 508
284 1573 282
844 1554 2002
844 701 842
1362 824 1531
1544 934 723
1839 2347 2386
1803 1582 1802
1457 1875 1802
898 2254 2039
2099 2098 2280
1544 351 353
1581 1700 1491
163 1003 161
2335 758 379
2380 2391 2005
607 632 1310
188 1002 1004
2107 1694 1693
439 440 2005
671 803 2367
843 842 694
1769 2374 1726
2251 779 2284
781 783 1626
351 1793 352
747 2113 826
1201 1661 1658
1471 1823 1116
1703 283 2005
2312 1679 1879
813 1457 1490
2280 824 823
2327 2036 2128
722 343 723
108 109 1226
1705 1653 2266
1580 1886 2106
695 694 842
1910 1527 224
1580 1695 472
779 2251 1476
2072 990 2189
1013 191 908
533 2210 2330
31 691 1519
2171 780 779
722 28 466
1260 2055 800
1544 342 351
2380 283 282
1617 1752 1168
1363 1583 504
1492 2298 1886
722 344 343
1499 186 188
1606 1890 1465
1737 879 1738
1181 1874 1628
43 1499 1095
342 1544 343
521 1924 724
1484 691 1856
1056 2028 1492
2208 255 122
2332 1595 1594
1803 119 1582
578 1595 579
472 1210 1579
472 1695 471
1117 187 2257
285 1403 2050
1804 1875 1874
1104 1407 1065
1483 41 43
1579 1136 1885
612 1074 786
2275 1106 2289
2101 2100 1472
1893 222 221
460 603 265
1403 314 2050
2229 1665 2174
1470 625 1909
2134 2325 1786
581 1395 585
544 2314 1830
1777 1242 344
2310 1492 1885
856 1747 1805
342 756 820
2086 2309 515
344 1242 756
2170 1246 1738
523 1136 1210
418 581 567
2342 2068 218
1242 1777 1599
420 1924 1210
41 1483 1480
1484 1856 1481
2102 2101 248
1403 285 1066
1926 1281 1280
1136 1133 1885
1094 1095 2226
7 955 696
1181 125 550
1856 642 1091
1091 1481 1856
2230 2102 2392
408 692 1053
1079 1076 1075
9 1021 7
1247 2310 1133
1177 1680 1707
1638 1774 42
586 1000 999
567 581 999
1738 140 139
1639 1958 1638
1000 1241 1995
139 2290 1737
1482 1639 1480
2086 1449 2087
1091 2104 1481
795 1021 796
1405 314 1403
1403 1066 1404
956 128 957
2088 2328 2309
1193 1379 1318
1203 1622 1620
1405 1404 1447
2040 120 1803
1176 1134 522
954 1577 952
1774 146 248
843 2266 1653
1773 147 146
563 5 1878
829 1995 1241
1825 1827 1887
1194 1318 298
1247 141 140
1958 1156 1773
1666 1527 292
2309 2296 513
2392 2242 2230
1090 643 410
2326 1464 568
1176 1135 1134
952 1577 1406
1407 1104 952
829 828 1995
145 2392 2102
313 312 889
521 725 522
1322 1710 1323
2018 138 141
810 183 1435
1122 1851 1090
31 1519 32
2030 1252 943
312 1520 978
2392 145 372
2018 141 1135
1502 2213 1788
954 953 1494
1319 2307 529
1077 1019 2061
1494 797 1495
513 2296 734
882 1252 1847
2392 372 1500
1957 1482 1067
2104 1120 1067
2242 2392 1500
1446 976 1447
187 1116 1923
866 865 9
147 834 372
1135 1176 1172
1478 2272 2290
4 2282 5
303 748 304
89 422 19
1174 1173 1285
1164 1323 2272
1252 1253 943
1455 641 1739
361 1627 377
1957 1043 1154
304 748 540
2296 966 734
1826 915 1827
2328 2023 2296
601 852 599
725 1464 2060
1164 1940 1322
2045 1788 866
1719 2027 815
181 290 182
1502 1501 2213
1900 948 821
1364 1622 1203
1273 1821 127
833 372 834
976 1446 1578
1156 1958 1154
1170 1169 1578
2336 2307 2008
1719 1539 1538
1174 1220 1980
2326 830 486
2285 1712 465
264 263 1026
488 487 818
629 1155 1041
2121 465 2157
1813 1121 511
1020 714 1887
830 490 487
486 1102 2326
181 291 290
2080 1078 1418
1479 1980 2385
639 641 2336
1940 115 693
1545 944 1253
967 1842 1757
260 1102 1101
977 976 2126
2094 1224 2126
1814 2192 2191
1578 1169 2126
639 1270 640
1163 1940 1164
1788 2213 867
942 1114 943
571 570 2329
183 810 1356
747 749 2113
714 2253 687
1220 1174 278
1609 1488 291
659 658 1879
745 1358 743
627 1041 1042
278 1285 517
1237 2312 1238
1736 1909 695
2171 2170 780
206 205 369
261 1101 488
2217 1588 2110
628 1337 1237
910 1115 1013
1337 628 2095
2047 2049 1276
688 1545 1825
1163 2385 664
1587 464 463
1890 2314 1465
2089 2090 2143
779 1476 2171
716 687 2253
2145 678 677
1276 791 677
918 917 1131
2094 1169 1752
613 1456 539
715 688 687
1581 1582 2108
1943 1652 1651
817 2036 818
1217 786 788
2385 2083 664
302 368 2277
1615 570 676
944 1545 1046
1255 1118 1126
2134 519 1383
516 260 262
1679 2312 2159
115 512 511
345 347 881
715 2079 688
1588 2217 1589
1046 2079 1251
789 1897 337
1119 2393 1489
1973 1842 2154
2187 1959 2097
1617 1496 1752
2036 2327 818
2199 2183 1321
2192 1814 297
901 1015 1270
1590 1589 1906
1237 2159 2312
2393 1997 1489
1507 893 847
665 1560 1016
368 302 369
676 678 1743
1498 846 1753
1542 158 1540
336 789 337
1275 1276 2049
1271 1438 785
189 1308 1310
772 349 1758
2393 1119 656
65 1841 1904
1692 645 1849
845 892 811
2145 791 790
789 336 790
682 1512 509
374 1272 1271
865 2288 1021
1997 1938 1514
1112 1477 354
158 160 1575
2393 1996 1997
924 1717 170
1781 787 1074
1496 1617 1616
1750 171 1717
1336 2245 1307
405 1746 509
1177 1655 1680
678 2145 2144
99 2006 1685
855 1314 853
452 1397 63
1397 715 66
1099 1517 1546
1742 678 2144
1409 2144 792
826 825 1074
2147 785 1618
1750 2305 171
2097 1590 217
1311 2079 1144
611 1007 1006
279 1007 280
1311 1143 1309
1955 2394 535
405 1017 406
218 217 2342
170 1717 171
656 657 2393
1996 1979 1938
2269 544 543
656 1255 204
1849 645 117
452 1145 1397
338 1723 336
1742 2269 543
1692 1849 1745
158 1542 159
1717 924 923
1099 1546 610
205 854 853
1309 1143 607
886 885 373
385 384 654
611 610 1546
1745 1746 1981
1145 608 1143
654 2225 1915
543 2337 1742
1981 1692 1745
1723 338 242
99 1685 100
827 532 1984
2194 2337 543
1336 1179 2245
100 1685 885
1514 385 1917
1508 2227 202
1565 1566 1618
241 1410 1724
717 719 2378
1256 202 204
1143 608 607
1178 1883 1207
1179 2223 1178
775 774 645
1905 459 64
1358 958 957
1306 1965 1707
1922 1643 2305
1634 1567 1565
1965 1368 1966
1692 1623 645
311 728 1123
787 1781 1597
1630 452 635
886 806 100
610 1850 1100
1706 1979 657
607 606 632
1547 2041 1548
1146 1549 1548
2041 1368 1965
1750 1749 2305
1355 2000 572
1465 2268 1411
1202 2292 1761
1598 1597 1985
923 1062 1718
632 631 1632
1706 1254 760
2146 993 2147
1823 1845 1923
1146 1178 1147
609 1850 610
2152 635 2074
1501 1238 2312
62 64 2058
2379 383 1979
1430 1250 1249
1691 1981 1454
317 316 1986
2117 1972 2118
383 2379 700
2382 2117 727
2281 1915 2225
189 1632 1565
1549 1366 1547
1975 584 203
1140 805 1141
572 1749 51
1549 1148 2038
240 111 241
1674 704 1675
1366 1549 1596
773 1865 774
69 1974 2227
1202 1063 788
51 1749 2112
341 2395 773
468 1921 467
2281 1807 1915
608 1145 1630
1749 1751 2112
2169 558 2064
1190 2210 802
1931 183 182
542 544 174
2236 2235 2396
1598 2292 1202
1206 2073 1207
2258 1605 2160
606 608 1631
504 506 1433
1774 248 2257
2028 1515 2202
1492 1886 1885
1095 2211 2226
1926 884 1281
1850 1 587
1807 2281 317
2224 317 2281
584 2397 760
2136 633 1941
2191 1815 1814
2102 248 145
2395 2396 773
1646 1645 1985
727 2267 2383
164 2279 1009
1657 2142 2235
2341 121 1835
2252 1036 1035
1813 1815 1851
773 2396 2235
2146 1567 1860
760 2348 1706
1238 1500 833
1972 2117 537
2152 2129 1631
1548 2245 1179
2112 1751 2093
2039 1080 2306
2229 2174 1893
322 2334 1428
1206 219 1918
459 458 2058
1264 1368 1367
67 69 720
606 1941 633
1157 2297 1433
503 2389 1832
2089 2035 2342
2211 1303 1302
947 1454 1981
584 1975 582
1933 2114 1357
804 806 886
2425 1955 2424
2073 1206 1222
583 2397 584
1061 1063 2091
2398 1867 1866
2167 736 2168
2398 1866 2399
2398 2400 1867
2044 911 470
2074 635 634
1353 2334 1354
727 2383 2382
2204 1645 2203
300 299 1599
1369 1892 1367
955 2289 694
2270 2400 1866
1645 2388 1598
1934 269 271
1777 1167 300
762 764 1127
1780 269 1934
2285 465 2121
2399 1866 2401
2270 1867 2400
2398 2402 2400
2402 2401 2400
2073 2403 1148
1422 1682 1423
658 2213 1501
992 991 1596
1751 1061 2093
2292 1598 2388
2136 417 633
1222 2181 2073
2404 2308 495
2400 2401 1866
1918 451 1206
30 2284 779
1820 540 1712
1920 451 1918
417 1635 631
2362 2360 2366
1006 609 611
2405 804 994
2092 2091 2372
2270 2406 2399
2401 2270 2399
2401 1867 2270
2402 1867 2401
52 51 2111
1867 2405 994
1342 2215 1676
2402 2399 1867
2407 2397 583
2399 2408 2398
2409 2398 2408
110 288 287
1206 451 1222
2224 315 317
2279 164 2340
2406 1867 2399
1577 1578 1446
1160 2406 2270
2402 2411 2399
2398 2411 2402
700 2379 699
2181 2403 2073
1427 1516 1785
2405 2411 2398
2398 2412 2405
111 240 112
315 2203 316
3 587 1
2412 2411 1867
2413 2411 2405
2409 2411 2413
2414 2411 2409
1867 2414 2405
2411 2414 1867
2405 2414 2413
2409 2413 2398
2398 2413 2412
2279 2339 112
2412 2399 2411
1633 1859 1634
810 978 977
2409 2412 2414
2414 2412 2413
1829 2415 174
701 1023 842
2291 2292 1216
1606 1891 1890
1160 2416 2406
976 978 1520
655 2345 962
1563 2360 1561
1213 2323 1894
2348 760 2410
292 289 1384
2105 1660 2055
2408 2399 2417
1 1972 2
2412 2417 2399
2409 2417 2412
1380 1381 1373
1645 2356 2388
2403 2038 1148
2418 1969 1891
2407 2410 2397
2348 2410 2096
2040 550 2180
1977 1978 1324
1912 962 2345
2291 1215 2372
1822 2013 1896
1992 2013 703
1867 2420 2412
2420 2405 2412
2152 2421 2129
1362 2032 941
1370 2419 1369
373 375 993
1974 2212 582
2195 710 758
2340 2339 2279
2112 2111 51
2408 2420 2409
1158 1635 2377
991 1295 1370
313 2302 314
212 814 213
1867 2409 2420
3 2 1064
316 2203 1645
315 2224 2221
2397 2410 760
2028 2298 1492
2416 2417 2406
2406 2423 1867
2422 2383 1142
1142 2425 2422
2424 2383 2422
1215 1971 2372
2050 2302 2325
968 1716 930
189 191 1308
1829 1969 2427
588 587 3
2428 2417 2416
2426 2415 1829
2426 1969 2415
2429 2417 2409
1914 2221 2224
2430 2429 2409
1867 2430 2409
386 1128 387
2220 2203 315
2426 2427 1969
2429 1867 2423
2429 2430 2420
347 2264 1487
175 174 2415
1382 2335 2324
1149 1812 1608
2428 2408 2417
2415 2427 175
2416 2423 2428
2428 2423 2406
2417 2432 2406
2424 1955 2383
2429 2423 2417
417 2136 2433
804 2405 493
877 1937 875
2432 2428 2406
1014 1251 1308
2423 2434 2417
2434 2430 1867
2429 2434 1867
2074 2421 2152
2053 2054 2178
96 2052 97
310 2006 99
2256 129 956
1838 2218 1730
2430 2434 2423
2424 2422 2425
979 112 2339
1161 2416 1159
2423 2416 2432
2434 2432 2417
1969 2435 2415
2430 494 2420
2248 808 807
119 1803 120
2432 2416 1161
2415 2435 2427
494 2430 2436
2435 1969 2418
1090 410 1710
2437 1955 2425
2423 2436 2430
2432 2436 2423
2434 2436 2432
494 493 2420
2428 2431 2408
2408 2431 2420
2332 1281 883
1459 1907 2067
1160 1159 2416
2429 2420 2438
2429 2436 2434
361 377 801
2428 2432 2439
2405 2420 493
1142 1141 2425
2429 2438 494
493 495 2308
2021 1421 91
2178 1806 2053
2439 2431 2428
1666 1665 2229
2440 2436 2441
1161 2439 2432
494 2438 495
1955 2437 2394
2429 2441 2436
494 2436 2440
2439 1161 2440
2439 2440 2441
2442 2441 494
1218 1219 1952
2429 494 2441
720 721 2274
1565 1618 1396
2441 2444 2439
2394 2437 2445
2444 1162 2439
2440 2442 494
2440 1161 2444
1162 2444 1161
2438 2446 2442
2099 1846 2066
2098 2066 1755
2446 2447 2442
2442 2448 2438
495 2438 2448
2443 1141 2308
2447 2449 2442
2442 2440 2448
2444 2441 2449
2440 2444 2449
2449 2448 2440
970 1556 1607
2442 2449 2441
2344 602 604
2449 2447 2448
2425 1141 2445
2445 1424 2394
1937 2265 24
1896 1845 1822
2447 495 2448
2447 2446 495
299 530 600
1193 1318 1194
2437 2425 2445
118 120 858
115 683 116
2379 1979 1706
1266 1944 1235
554 1935 2338
393 392 925
1868 2015 2301
1168 1170 2329
78 462 1677
320 752 754
873 1196 832
1782 2331 73
908 190 1277
2318 271 270
1953 2118 1972
2200 2201 1358
1853 267 1951
117 644 512
627 2095 628
1336 2095 2186
728 2118 1123
1263 326 328
2121 2120 1878
1676 1675 1343
54 443 1784
2290 2272 1323
792 336 1724
1440 1698 1486
843 694 2289
1523 1525 1903
182 290 1526
158 1575 1973
896 57 1670
2123 2125 769
61 1854 1952
469 1791 470
795 797 2275
2191 2190 1815
1703 2182 283
1409 1411 2268
523 1210 1924
1763 1389 411
510 665 1017
110 112 979
1456 613 922
1055 1111 1759
700 1912 2345
2215 2065 163
53 1908 54
1048 1325 1049
205 207 1916
518 2335 519
919 1729 987
119 1558 1582
810 977 811
2389 503 502
2183 1652 1869
460 1044 603
812 893 1126
2274 846 2033
464 1587 1772
1732 307 2347
1230 2294 1702
1763 928 1389
1848 2334 1353
1834 2354 2351
1288 2354 1092
624 1960 1662
794 793 1648
845 847 892
1870 222 1894
1385 1539 1720
320 1713 752
133 13 2352
1652 1943 2016
1563 2365 2360
1159 2377 1162
2159 1307 1306
1480 1639 41
1463 2199 1956
2075 2260 2258
1895 837 836
765 1458 2320
2037 27 534
1763 411 481
1790 1791 617
2151 1557 2084
822 1419 823
1535 2246 2043
926 1321 1568
2364 2271 1721
1824 1762 2370
849 1932 1198
234 1932 235
827 1985 1597
1696 513 733
241 1724 1723
186 2257 187
1949 214 485
75 2017 2078
1184 1466 2017
2197 1436 2300
1399 393 926
1078 2255 823
1193 2037 1422
1027 2119 1006
1598 1985 1645
45 44 1828
133 2352 34
1796 1245 1244
1948 2371 1339
2030 943 1114
1615 676 1743
2338 1935 271
408 1053 878
2198 1571 717
1954 413 2373
1794 438 253
2385 1165 1479
1478 1165 2272
1786 2325 2302
1363 504 1434
710 2195 1260
431 889 1931
1204 1673 1672
228 1673 1620
2146 1566 1567
2086 515 1448
2094 2126 1169
977 2126 1224
1788 2242 1502
902 216 215
1168 2329 570
903 1650 2004
1806 1747 2053
1696 1076 514
425 309 308
912 2115 1289
1573 2140 2380
2391 2140 2390
981 144 143
2338 2318 2363
98 152 1442
2267 1140 1142
806 1140 101
1860 1160 2270
188 1004 1303
17 302 2277
1498 1497 2033
606 633 632
924 170 1587
215 2278 902
419 724 1924
427 2164 428
2310 1885 1133
1764 2109 80
2245 1305 1307
636 2175 1375
221 220 223
929 969 930
1179 1336 2186
174 173 542
592 591 1651
1213 2174 1214
1633 1635 1859
401 1593 551
2000 2149 1749
1258 387 1259
2167 1380 453
1579 1210 1136
2028 2202 2298
1735 1023 1770
120 2040 2180
996 998 1800
1473 2138 1474
1636 2138 2378
642 692 408
1131 154 2188
1573 1836 2140
2336 2008 1278
180 965 2205
2145 790 792
988 270 269
1485 1486 938
2263 1170 1577
2083 1220 1560
2190 2192 2193
695 1909 696
2058 634 62
2107 975 197
2369 2239 2240
2241 2239 1939
1366 1370 1367
443 622 624
849 668 1932
2196 2009 1671
103 102 2163
693 1122 1322
2018 1135 1172
1110 2076 2286
554 2241 1939
720 1921 739
479 2139 480
1286 192 575
1028 1664 2011
553 605 2240
2309 2086 2088
16 340 14
1061 1751 1718
2206 1934 1935
2285 2121 1878
1239 1240 1552
2369 1240 894
1672 2271 1604
2239 1583 1939
10 12 185
1903 2386 2150
537 2117 2382
157 933 932
2058 64 459
1084 1530 1586
2130 2132 2153
536 2 1972
1163 1165 2385
1924 420 419
776 480 2139
1517 1560 280
893 1507 1255
544 1830 174
710 376 380
2063 1461 1460
989 1197 1131
1803 1804 2040
1247 1133 141
1159 1158 2377
318 1052 1221
1615 2337 1616
1453 401 1600
365 364 541
365 2020 91
454 82 81
1384 289 2264
874 933 48
2394 1424 535
2290 1323 1709
43 42 1499
1287 2354 1288
1975 202 2227
1658 1660 2323
2147 1618 1566
1567 1634 1859
1124 1123 1027
2097 217 1883
2042 2180 124
2040 1874 550
2185 2381 1556
2365 1592 1721
2030 1423 1681
2380 2005 283
999 1001 567
2056 1081 14
1436 1138 1415
1501 1500 1238
2249 2313 919
1977 1687 1816
1158 1860 1859
1809 597 679
2021 91 2020
857 1335 704
1119 1489 1488
1489 1997 1513
2359 2353 1562
1834 1833 2354
32 1316 2133
315 2221 2220
1287 1289 2351
2012 705 1896
1741 1022 148
2192 2090 2193
701 1770 1023
1872 1603 1602
2046 2016 1943
1154 1041 1155
1986 855 1807
273 272 945
1726 1648 1649
1521 2389 1129
2019 764 763
1787 226 225
2106 1693 1580
1737 1709 409
2037 1193 1166
562 563 2087
1884 2125 2124
2316 2209 2317
1660 1661 1284
1661 1201 1200
2110 2137 2217
1194 300 1167
526 1183 740
2314 544 2269
1429 830 2326
1500 1502 2242
202 1975 203
1330 2366 2365
562 1559 6
1983 1227 1228
717 2378 2138
761 203 584
1317 1316 1519
839 2169 2293
2179 528 527
2159 1337 1307
1864 163 2065
493 805 804
1123 2119 1027
2034 2033 1497
1096 1694 1097
297 296 2141
1478 2290 139
1897 660 659
1831 1443 1036
868 872 2029
2305 1749 2149
1149 1151 1812
1477 2251 1857
689 596 1504
1429 1001 1995
2349 1572 167
772 1572 1420
1117 1472 1116
1901 589 588
2029 433 2375
1926 914 884
1496 1616 1497
1657 2035 2142
1811 1151 2063
1450 2361 1451
1072 2361 1591
389 391 492
1505 2070 1391
1296 60 59
2132 1789 1678
2187 2097 2223
512 115 117
894 2239 2369
396 2011 1034
2261 927 2026
469 367 1840
1613 103 2163
2089 2142 2035
2390 946 2391
1880 2077 1103
1464 2326 1102
784 1715 1716
1785 322 1428
313 889 430
15 1081 863
2443 2308 2404
1129 2389 502
872 2370 434
709 2370 2214
486 488 1101
1264 1367 1892
2066 712 1445
1358 1357 958
227 2375 225
2029 2375 869
2194 543 542
598 1231 2076
2110 1043 1069
643 1091 642
2188 156 2189
578 580 534
346 301 2027
1687 1342 1816
1761 2372 2091
1949 1444 1819
589 1100 587
1375 1185 637
1391 1375 1505
2345 655 384
997 2371 1948
1535 1534 2246
728 727 2117
1906 1999 2342
1236 1175 2060
2101 1472 1117
2172 1815 2190
1089 2173 445
2021 1386 1421
765 2320 762
432 434 1762
1254 657 204
1996 657 1979
1401 339 1110
1266 1265 1944
1213 1894 2174
1996 2393 657
2262 1216 2388
744 1267 1963
503 1857 501
354 503 1832
1060 1025 602
2443 2445 1141
2438 2420 2431
992 2038 2403
416 417 2433
583 582 2212
341 775 1623
1064 2 536
1912 700 699
1912 699 2096
2136 1941 2129
500 499 1656
500 1656 1657
979 2340 1892
1606 286 288
1162 2377 416
2103 173 175
50 52 1971
634 2058 458
1064 536 535
2103 175 2427
341 1623 1691
500 1657 2236
500 2236 2396
500 2396 2395
500 2395 341
739 2103 2427
67 739 2427
68 67 2427
588 3 1064
2445 2443 2404
2212 68 2427
2433 2136 2129
451 1920 2350
2433 2129 2421
458 573 50
2419 1370 1295
2074 634 458
341 1691 1454
2074 458 50
288 110 979
2074 50 1971
1064 535 1424
1162 416 2433
1606 288 979
2421 2074 1971
2433 2421 1971
1971 1215 1216
2433 1971 1216
2212 2427 2435
2407 583 2212
979 1892 1369
2096 2410 2407
2096 2407 2212
1912 2096 2212
1901 588 1064
1424 2445 2404
2181 1222 451
2262 2356 2204
341 1454 949
341 949 1902
500 341 1902
1912 2212 2435
979 1369 2419
992 2403 2181
2204 2203 2220
2220 2221 1914
2220 1914 962
1902 1901 1064
500 1902 1064
2350 500 1064
451 2350 1064
1216 2262 2204
2433 1216 2204
1162 2433 2204
1891 1606 979
2418 1891 979
962 1912 2435
2220 962 2435
2204 2220 2435
1162 2204 2435
1162 2435 2418
1162 2418 979
2439 1162 979
2446 2438 2431
2446 2431 2439
495 2446 2439
451 1064 1424
2181 451 1424
992 2181 1424
991 992 1424
1295 991 1424
979 2419 1295
979 1295 1424
2439 979 1424
495 2439 1424
495 1424 2404
2426 1829 2427