4173
4560
4219
3752
3752
4643
3681
2982
3748
4553
2913
4553
4411
4598
4695
4545
4485
2517
3754
3274
2717
2668
2647
4331
2195
3323
4421
3615
3390
4109
3730
4611
2576
4446
2669
2813
2827
2827
2946
2898
4416
4583
4583
4445
4445
2584
2986
4580
2487
2550
4197
4121
4386
4386
1960
2880
4370
2953
4679
4679
4372
4526
3904
4557
3882
3905
4061
3166
4061
3431
3474
2848
4349
3315
4437
2006
3349
4346
1628
4493
4578
4578
2832
3365
3408
3401
3375
2046
3754
2299
4605
3219
2723
2777
3176
4253
4253
4480
4254
3969
4482
4534
4687
2580
2816
1484
2890
3603
3603
4381
4142
4381
2682
3306
4682
4339
4682
4338
4391
4510
4044
3632
2375
4591
3675
2517
3774
3697
4255
3154
2626
2578
4446
2995
2535
2287
2694
3727
4657
3712
4571
2182
4478
4478
4038
3707
3749
4615
3289
3372
2392
4480
3344
4515
2492
4710
4556
4369
3930
3892
3581
3471
4651
4131
2887
2977
4666
3247
3247
4488
3920
3398
4499
4566
4237
2457
2466
3418
3366
4518
3792
4368
4019
3196
4553
4435
4435
4484
4217
4350
4217
4541
2609
2645
3473
3521
4527
3479
3425
3479
2538
4641
4646
4731
4388
3821
4388
2781
3454
3220
3478
4202
4202
4436
4489
4469
4590
3919
4058
4496
4496
4408
4496
3607
4704
4626
4704
4463
2853
2790
2662
2662
2626
4431
4431
2475
3358
3358
3280
4142
4434
3943
2120
3399
2471
3425
3399
4038
3009
2958
1179
2213
4455
3423
3632
2438
2596
2559
2536
3851
3822
3851
3784
3784
3648
2884
4354
2510
4520
4520
4451
4622
4622
3161
3082
3082
3543
3817
3915
4564
1979
3618
4596
3569
3670
812
4128
4128
4579
4368
3813
4170
3487
3487
1759
4656
4656
3711
4335
4636
4712
4485
3753
3761
3510
3480
4399
4474
4474
4254
3966
3732
4694
4201
4612
4205
4130
4573
1794
4410
1340
4693
3449
3382
3276
4359
3137
4359
2999
3445
3283
3325
3271
3283
3202
4364
3876
3943
4733
4545
4012
3658
3628
3660
3854
4712
4232
2969
3880
3055
3617
3593
3579
4740
3449
3492
2675
3543
3396
3345
4284
3436
3436
4576
4577
3405
4686
3872
3872
3484
2438
3775
4193
3888
4193
4567
4284
3490
3582
4567
3402
2551
3996
4719
3949
4227
4505
2558
4677
2904
4677
4343
4440
3456
3352
4684
3395
3394
3394
3445
4575
3228
3277
3210
3918
3918
3476
4514
4628
4271
4422
2662
4454
3077
2994
2868
4243
3663
4562
4562
3195
3754
3424
3424
4474
3042
4491
4491
3353
4694
4461
4730
4670
4730
2880
3552
1918
4455
3587
3587
3244
2336
4531
2670
4727
2682
2847
2670
2656
2711
4129
3968
4506
4578
2795
3161
2086
4059
4557
4395
3311
4346
3830
4398
4093
3615
4013
4013
4686
4373
3637
3637
2704
2688
2723
2771
2747
2756
4540
4563
4422
2470
1086
2479
4436
4700
3790
4700
2057
3790
2733
4677
4652
4310
4334
2537
2551
2551
3205
3205
4739
4697
4740
4459
2883
4026
3554
3568
3899
4380
3853
4682
4433
4473
4465
3851
3817
4389
4389
3455
3725
3725
4378
2941
2767
4637
4649
4649
3737
4335
2058
3945
3612
4711
4581
4560
4555
3458
3839
4110
4576
4706
4706
4638
2559
2959
3220
3454
2745
4592
4503
3120
4543
4538
2671
2589
2569
4017
2608
2617
3356
4643
4630
3142
3149
3036
4597
3718
3464
4470
3808
4003
2775
2590
4541
2431
2431
4711
3635
4711
3686
4194
4125
4646
3653
3685
4716
4669
4716
2345
4500
4500
3189
3087
3165
4664
4604
4707
3765
4335
3765
4741
4395
4327
4543
4487
3972
4025
4114
3987
4114
3644
4382
2777
2750
3475
4423
3433
3517
3069
3039
4531
2416
4531
3651
3109
4356
4356
3786
2798
4112
4487
4487
4526
4080
4495
4717
3388
3804
3804
3795
4709
4709
4355
3965
3058
3058
3057
2707
2871
2843
2958
2839
3940
4719
3924
4736
4100
4658
4658
3032
3032
3255
3845
4380
2530
2568
4532
3523
3514
3588
3549
3276
2967
3246
4450
3836
3907
4604
2943
3248
3887
4339
2448
3517
1916
3840
3855
4664
2929
3630
4514
4535
4366
4525
4525
3282
3138
4137
4384
4617
3493
4187
4606
4614
3500
2619
2676
4699
4567
3541
4702
2563
3811
3905
3834
4645
2544
3953
4539
4305
3622
3602
4490
3766
3056
4722
4722
2428
2435
2435
2428
4433
3762
3047
4076
2670
2734
4539
4637
2243
3208
3815
4738
3815
3255
3810
3761
3810
2492
1233
4410
2480
4347
3372
3660
2249
4195
3028
4207
4646
4729
4625
4625
4729
2591
3236
3391
4371
2995
2479
4667
4047
4008
3958
4563
2820
2865
4109
3820
3592
3293
3592
4692
3910
3844
3967
4010
3886
4519
3885
4519
4406
4406
4374
3694
4374
3422
3535
3616
4284
4018
3588
4652
4652
4482
4265
4265
3167
4392
4392
4396
3599
4202
3769
2482
3843
3863
1929
3658
3772
4425
4441
3600
3909
3909
4432
3722
3722
4639
3393
4348
4050
3775
2925
4419
4419
3533
4648
3564
2538
4161
4366
3571
4407
4397
4407
2614
4532
2611
2745
3765
3933
3933
4621
3657
4606
4338
3445
1514
2607
2793
4695
2770
3889
3768
3806
4660
4705
2822
2732
4698
4348
4580
4245
3355
4245
4452
3625
2418
3854
3741
4279
4671
3948
4070
2827
2946
4694
3472
3436
4407
4565
4683
2815
4370
3565
3577
3151
2096
3866
4489
4471
2475
2457
3432
3095
4350
2474
3825
4079
4475
3564
4671
3763
2493
3837
3837
4601
3025
2926
4382
3981
4488
4343
4440
4685
4401
4497
4497
2424
4556
4580
3573
2796
2808
2826
4521
3213
2879
4191
3807
4449
3848
4622
4689
4067
3772
3063
3362
3318
3721
3736
3736
4086
4255
3960
4703
2978
2706
2973
4184
3557
1893
4518
3762
3798
4216
4497
4325
2957
2935
3545
3539
4527
4165
4467
4165
4381
3340
4478
3018
3038
3140
2750
3152
4390
4520
4569
3610
4200
4101
4193
4122
2476
4511
4720
4511
4597
3689
4665
3585
3581
4484
2648
4443
3915
2303
4042
2932
3302
2465
3825
4247
3866
3871
4380
2882
3738
3789
3889
4615
4617
2456
4741
3784
4653
4542
3331
3524
3260
3259
3127
4684
4045
4659
2954
2979
1584
3543
4620
3816
4708
4395
3274
3857
1548
4387
4387
2422
3517
4573
4452
3133
4383
3631
3092
3030
1553
4741
4546
3981
4074
4204
3641
3696
3744
3114
4708
3031
2593
4676
3302
3909
3680
4473
3738
4441
3680
4055
4695
2702
3108
4558
3157
2424
2423
2704
4727
4271
4709
4404
2647
3673
4030
4655
4655
3551
3932
4716
4700
4691
4690
3721
2052
3645
2881
2398
2881
4733
4383
3891
2251
4449
3825
4668
4725
3849
4607
3744
3788
4535
4653
4589
3496
4396
4091
4227
4697
2672
4569
2532
4571
3719
4536
4507
2635
4599
3466
4482
4742
4481
3955
3913
4015
3986
3986
4178
4662
3065
4674
3274
2427
4620
4620
3777
4063
4603
4572
4483
4312
4414
4561
3805
4561
4629
4636
4470
4466
4522
3136
4536
3755
3812
4724
3750
3900
3986
4498
2846
3675
3229
4637
4438
4717
3116
3150
2277
2448
4018
3536
3536
4629
4636
3389
4348
4569
4430
3556
4634
4634
4022
3773
4462
3412
4129
4023
3339
3369
4507
3179
3462
4735
4501
4214
4737
3844
4303
4303
4523
4573
4129
3501
4467
2819
3603
4644
4644
2170
4400
4707
2529
3215
3262
4341
4724
3868
4600
4549
4550
3709
3665
3549
4447
4447
3661
4571
2737
3992
3992
4247
3757
3797
4731
4565
3954
2644
4505
4505
4460
3037
3486
4359
4701
4734
4734
4738
3259
3212
3866
3888
3888
3774
3075
3877
3877
4350
4517
3267
3671
4279
2306
3472
4633
3817
4541
4613
4584
4613
3252
3299
3553
3373
3416
4200
4679
3179
3237
2898
2946
3159
4066
4484
3338
4494
4415
4650
4247
3934
3879
3916
3316
3117
3903
3545
4647
4647
4336
3737
3196
4427
4535
4582
4183
4387
3138
3173
3504
2798
4642
3379
2498
3371
3384
4606
4498
4650
2685
4448
2727
2832
4713
4361
3305
3494
3318
3314
2095
3160
3117
2460
2459
4402
4081
3977
3809
4703
4703
3270
3079
3460
4191
4459
3773
3304
4530
4701
4060
4192
4530
2558
3374
4176
3325
4718
2500
2995
3161
3699
4506
4176
4234
3850
4579
4409
4728
2725
2617
4401
3457
4718
3142
3551
3551
3653
4306
3926
3452
4440
2673
4733
2711
3696
3701
3701
3720
3721
2586
4377
3952
4377
3486
2403
2770
4599
3121
3202
3793
4425
4667
4728
4442
4595
4581
3330
3473
4139
4693
4665
3992
3459
3392
4063
4459
3728
4599
2770
3878
3123
4365
2992
4480
4659
4715
4702
4133
3746
4465
3692
4675
4675
3412
4575
4067
3758
4382
3599
4420
4280
4568
4568
3148
4417
4691
3978
4438
2814
2815
2501
3651
3596
4725
4512
4512
3019
3833
4663
4657
4456
4416
3693
3743
3667
3668
4521
4521
4232
4607
4608
3599
3580
4208
2343
3739
3739
4672
4672
4486
4583
4640
4600
4640
3009
4664
4718
3189
4565
3950
3144
3415
3085
3887
4608
3949
4028
4139
4564
2852
4647
4165
4624
2945
4367
2984
4367
4368
3714
2156
3098
4558
3572
3536
2501
4721
4721
2836
2876
3780
4409
3875
3224
3930
3442
3628
3848
3937
4000
4053
4007
2970
2929
4549
2905
3570
2744
4593
4424
4391
4643
4564
4167
4609
4413
2614
4306
4587
4588
4427
2332
3099
4453
4667
4516
3544
4369
3316
4522
4133
4507
4627
3841
4391
4552
3168
3168
4558
4488
3856
3867
3912
4676
4594
4503
3633
3635
4101
4432
4444
4084
4575
3537
4618
4618
4551
4024
4163
4325
4235
3813
3522
3113
2682
4687
2656
4574
4672
3896
4587
3193
4463
2938
3773
3965
3556
3332
3592
3759
3626
3462
4015
4052
3999
4502
4588
4502
4513
3394
3688
4416
2706
3024
3398
3962
2899
4444
4040
2865
4623
4623
4471
4500
4412
3706
2143
3900
3153
4673
4586
3462
4633
4634
4405
3108
4542
4293
4293
3354
3319
2205
4370
4533
4551
4463
4006
4361
4361
4346
4680
3852
3900
4595
4099
2655
3538
3948
3444
4713
3503
2683
2997
3993
3965
4627
4655
3637
4473
2940
4365
3478
3580
3427
4400
4376
3470
3604
4340
3961
3472
4628
4271
2813
4110
4410
2501
4692
4692
3931
4546
3780
4409
4594
3491
4434
4434
3011
4623
3415
3188
4390
4256
3147
4399
2585
2570
4509
3819
4628
3687
3758
3199
4615
3941
4450
2741
3942
3938
4472
3509
4661
3976
4546
3862
3874
3314
4315
2525
3798
3880
4383
3162
4714
4730
4422
4493
3250
2763
2755
2863
3590
4617
3368
4398
3713
4027
3508
3508
4090
2984
3313
4092
3967
4349
3508
4362
4693
4458
4626
4468
4680
4423
4423
3547
3593
4455
3491
4447
3140
3276
2859
4511
3312
3576
4570
4570
3657
4472
4621
3319
4604
3311
4674
4662
4046
4037
4726
4713
3246
2406
4715
4110
3774
4332
3985
4429
3828
3763
3763
4445
4221
4566
4659
4740
4610
4610
4044
4516
3052
4256
3574
4686
3882
3860
3068
3111
4332
4314
3741
4402
3929
4032
4046
3041
4354
4372
2447
3677
4739
2680
4603
4603
3460
3459
3459
4651
4008
4107
4250
4344
4394
4408
3229
4618
3269
4592
3640
3095
2955
4548
3814
4690
2490
2430
4590
4631
4492
4029
3789
3385
3419
4163
4179
4701
4056
4735
4419
4614
4658
2768
2817
3772
4669
2936
4554
3882
3959
4723
4280
4386
4525
3607
2987
4384
3140
4224
4014
4388
3949
4111
3205
4111
4539
3962
3985
4562
2666
4671
3400
3372
3098
2854
4461
4532
4069
4547
4547
3317
4331
3922
4552
3805
4062
2506
4619
4734
2642
2669
2976
4720
4715
2844
4354
4372
4352
4454
4297
4417
3760
3777
3861
4405
3503
3301
4738
3404
3975
3964
3130
3120
4270
3115
4214
4560
4369
4194
4641
2500
4602
4183
4732
3794
4067
3321
4644
3945
4444
4621
3465
2456
2410
2427
3180
4187
3437
3482
4665
4736
4608
3308
4723
4504
2446
3570
2633
4471
4596
4254
2875
4517
4533
2584
4684
4614
4187
3172
4344
4619
4438
4536
4625
4605
4728
3239
3764
3555
3239
4685
4712
4508
4705
4595
2486
4191
4654
4654
4688
3863
4629
4178
4055
4592
3975
4591
4426
4079
3768
4619
3827
2169
3877
4215
3424
4253
4472
4252
4171
4598
2710
4557
3117
4724
3738
3211
4674
4017
4651
4702
4280
3664
3213
4678
2557
3610
4138
4251
4418
4707
4690
4437
3913
3793
2761
3237
4523
4424
3487
4544
4630
4544
4688
4616
4714
4116
4102
4466
4357
4181
4681
4315
4314
3646
4725
4038
2700
3744
4171
4627
4527
3841
4493
4708
4197
4197
3810
4069
4475
2962
4722
4358
4653
4360
4548
3041
4371
4631
4631
4467
3422
3601
4190
4559
3558
4680
4611
3850
2585
4243
4635
4645
4563
4516
4656
4688
3832
3908
4519
4464
4587
3494
4661
4554
4424
4251
4559
3860
3239
3530
3787
3227
4650
4024
3314
2622
4687
4491
3343
2964
4506
4076
4648
3820
3833
4726
4727
4735
4495
3305
2521
4291
4649
4591
4138
4376
4394
3377
4593
4498
4681
4710
4710
4726
4375
4616
4616
4706
4460
4533
4439
4453
4417
4353
4353
4508
4228
4083
4518
4547
3310
3632
4632
4018
4066
4194
4100
4699
4385
3263
4635
4256
3078
4612
4612
2642
4681
4224
3998
4030
4585
3448
4293
3716
2914
3232
3212
3248
4047
4021
2456
3316
4683
4543
4538
4640
3306
2444
4494
4721
3530
4265
4601
3549
4663
4045
3834
3577
4441
4255
4435
4418
3230
4418
4685
4737
4522
4579
4331
3706
4481
4377
4638
4483
4551
4457
3293
4397
4374
3051
4485
4489
4196
3600
4034
3752
3232
4109
4548
4537
2460
3889
4366
4657
4185
4162
4648
4400
3410
3764
4063
4508
3564
4439
4344
4458
3509
3408
4661
4055
3779
4696
4544
4492
3399
3989
4601
4638
3529
4632
4632
4479
3440
4729
3007
3306
4586
4234
4458
4691
3863
3764
4470
3612
4349
4279
2548
4402
4389
4517
4574
4479
4259
4196
4044
4723
2986
4327
4719
2435
4399
4181
4666
3163
4613
4446
4609
4610
2555
4177
2581
2632
4609
4413
4676
4113
4479
4428
4642
4642
3588
2771
4683
4699
4720
4714
4454
3590
4705
3203
4572
4645
4340
4596
4593
4555
4241
3191
4561
4554
3281
4737
4697
4689
4689
3745
4736
4581
4039
4047
4207
4153
4174
4107
4120
4136
4178
4696
4286
4246
4180
4278
4226
4207
4155
4189
4159
4159
4268
4281
4262
4270
4192
4286
4251
4258
4274
4258
4337
4229
4268
4292
4304
4273
4292
4295
4243
4283
4270
4299
4337
4318
4309
4324
4326
4326
4742
4323
4742
4334
4334
4333
4328
