75 100 121 130 163 
37 39 111 147 208 
44 124 136 142 164 
34 69 119 191 197 
13 65 70 138 160 
33 34 161 193 214 
39 57 88 120 181 
72 74 132 146 154 
14 53 58 190 203 
123 134 143 183 194 
77 87 139 156 157 
90 101 141 169 186 
5 27 65 138 189 
9 83 112 137 190 
44 46 171 175 186 
33 81 96 113 193 
38 66 148 173 209 
22 45 150 170 182 
21 24 31 108 131 
63 65 89 106 201 
19 31 158 159 206 
18 45 129 176 215 
49 56 125 151 195 
19 131 139 157 185 
50 107 119 191 194 
25 50 91 191 197 
13 65 97 189 201 
43 54 84 98 99 
34 96 112 149 193 
109 122 166 213 214 
19 21 158 168 185 
71 92 114 115 135 
6 16 109 113 193 
6 29 69 161 193 
47 49 85 167 187 
42 86 100 101 210 
2 39 59 152 179 
17 60 148 173 192 
2 7 37 147 181 
59 68 108 188 200 
60 109 113 192 213 
75 101 118 169 198 
87 98 99 139 185 
15 133 136 171 175 
18 22 111 165 208 
134 142 143 175 186 
35 85 136 167 187 
63 78 84 89 127 
23 35 85 124 195 
25 26 93 191 211 
62 79 88 151 181 
103 129 135 162 176 
9 81 149 154 203 
28 82 99 174 196 
59 68 91 179 202 
23 95 125 151 195 
7 88 95 120 207 
9 106 144 203 212 
37 40 55 68 200 
38 41 113 173 192 
110 133 177 199 210 
51 79 93 179 181 
20 89 106 145 212 
97 116 180 189 206 
5 13 27 70 160 
17 73 138 155 209 
48 78 82 90 141 
40 55 59 184 202 
4 34 161 197 205 
5 65 74 94 160 
32 75 114 118 130 
8 132 146 154 203 
66 122 155 180 209 
70 94 132 146 160 
42 71 100 118 130 
79 107 142 164 211 
11 87 135 153 162 
48 67 134 145 204 
51 76 151 164 211 
57 95 120 182 207 
16 53 96 149 154 
54 67 84 90 196 
14 112 123 137 183 
28 48 54 89 127 
35 47 49 124 136 
36 100 163 199 210 
11 43 104 139 153 
7 51 57 120 181 
20 48 63 127 201 
12 67 82 169 196 
26 55 93 179 202 
32 52 114 115 135 
26 50 62 91 211 
70 74 144 146 160 
56 57 80 88 125 
16 29 81 149 193 
27 64 102 189 201 
28 43 99 168 185 
28 43 54 87 174 
1 36 75 130 163 
12 36 42 169 171 
27 97 127 168 201 
52 92 115 129 215 
87 118 153 174 198 
128 166 184 188 205 
20 58 63 144 160 
25 50 76 142 211 
19 40 131 159 200 
6 30 33 213 214 
61 167 177 199 210 
2 147 150 170 208 
14 29 83 149 190 
16 33 41 60 192 
32 71 104 135 153 
32 52 92 103 121 
122 159 166 180 206 
140 152 165 172 208 
42 71 75 104 198 
4 25 183 191 194 
7 57 147 150 207 
1 32 92 115 130 
30 73 116 166 180 
83 134 137 183 204 
3 85 164 178 195 
23 56 95 151 195 
105 184 197 202 205 
48 84 89 102 201 
105 161 166 205 214 
22 52 103 176 215 
1 71 75 100 121 
19 24 108 157 200 
8 72 74 94 146 
44 61 171 177 187 
10 78 123 141 143 
32 52 77 92 153 
3 44 85 133 187 
14 123 145 204 212 
5 13 66 155 189 
11 24 43 87 185 
156 162 165 172 176 
67 78 90 134 186 
3 46 107 143 175 
10 46 134 142 194 
58 70 94 106 160 
63 78 137 204 212 
8 72 74 94 132 
2 39 111 120 150 
17 38 173 192 209 
29 53 81 96 190 
111 120 147 170 207 
51 56 79 178 195 
37 117 131 172 200 
77 87 104 114 135 
53 72 81 149 203 
13 66 73 138 189 
11 140 157 162 172 
11 24 131 156 172 
21 31 97 168 206 
21 108 116 166 206 
20 65 70 106 144 
6 34 69 128 214 
52 135 140 156 176 
1 36 86 100 130 
3 76 79 124 178 
45 117 140 172 208 
105 116 128 159 188 
47 61 110 177 187 
31 98 102 158 185 
12 42 90 101 196 
18 111 150 182 207 
15 44 101 133 210 
117 152 156 157 165 
17 38 60 148 192 
54 87 99 104 198 
15 44 46 142 186 
22 52 129 140 162 
61 110 133 167 187 
79 124 151 164 195 
37 39 55 91 181 
64 73 116 122 206 
7 39 62 88 179 
18 80 150 170 207 
10 83 119 123 194 
68 105 126 188 202 
24 31 43 98 139 
12 15 46 141 175 
47 133 136 167 177 
40 68 105 166 184 
13 27 64 97 155 
9 14 53 112 149 
25 26 50 119 197 
38 41 60 113 173 
6 29 33 34 96 
10 25 119 143 183 
23 49 124 151 178 
54 82 90 169 198 
26 69 126 191 205 
104 118 169 174 196 
61 86 110 177 210 
40 59 108 131 152 
20 27 89 97 102 
55 68 91 126 184 
9 53 58 72 154 
78 123 134 137 145 
105 126 128 161 197 
21 64 116 158 159 
57 80 120 150 182 
2 45 111 117 165 
17 66 73 148 173 
36 61 86 171 199 
50 76 79 93 107 
14 58 63 137 145 
30 33 41 109 113 
6 30 109 128 161 
22 52 103 129 176 
