-102.452003 -511.360992 -103.888000
182.019989 -340.811005 61.125999
-103.509003 -323.078003 142.759003
-15.101000 -26.898001 170.690994
-56.998001 164.357010 -106.467003
87.939003 86.015999 165.787994
110.387001 -393.714996 131.248001
-71.028000 266.750000 6.250000
-144.203003 100.207001 69.395996
-129.270996 -143.160004 137.613998
79.540001 -288.441010 -128.138000
-187.364990 -275.602020 -7.646000
-8.581000 131.154007 -108.693001
-114.675995 36.924999 109.769005
-178.363998 -313.704010 60.789001
30.480000 166.607010 91.096001
122.402000 240.960999 -71.427002
174.970993 -519.713013 9.356999
132.373001 -130.591003 -65.886993
-100.100006 25.037001 -71.443001
109.344002 -66.710999 -63.901001
161.072006 -485.528992 -67.259995
7.736000 -516.468994 166.681000
110.375000 -195.951004 -94.171997
-36.388000 -154.727997 167.733994
43.558998 -144.288010 151.041992
-15.713000 48.948002 -99.803001
-62.167000 -152.677002 -122.917000
-16.934000 79.294006 165.804001
153.477997 67.286995 56.951000
79.122002 -112.431000 -108.094002
-11.688000 -468.627991 -124.516998
82.772003 147.489990 114.835999
46.236000 38.382000 171.060989
-116.089005 -530.775024 169.882996
-179.100006 -422.351990 0.458000
170.062012 -291.260986 67.643997
90.590996 282.231995 -34.895000
134.575989 -341.920990 100.374001
181.501999 -134.520996 28.372999
154.049988 190.477005 53.061001
-167.720001 -352.614990 -67.818001
12.124001 -204.703995 -116.067001
-125.276001 -336.963013 91.899002
183.259995 -454.468018 0.985000
-130.276001 -230.182999 79.147003
-130.233002 -492.518982 129.412994
-137.192001 -86.227997 -61.987003
-45.198002 -512.871033 156.889008
9.926000 -185.596008 161.871994
59.921997 -366.286011 135.897995
81.339996 -453.860992 -134.718994
-112.278999 147.236008 91.395996
-96.148994 -199.936996 -110.483994
133.936996 -207.003998 100.349998
35.041000 -475.992004 133.481003
115.514000 -446.817993 155.353989
-170.788010 79.020996 10.894000
169.384995 -203.773010 53.814999
92.439003 244.598007 24.458000
-190.901001 -465.642975 74.651001
75.588005 -289.947998 156.097992
-132.313995 -1.156000 -36.912003
89.804001 39.633999 -75.965004
-75.239998 108.033997 -103.384003
96.187004 179.744003 -100.881004
-176.493011 -157.408005 -22.849998
150.503998 -153.240997 76.195999
43.695000 -14.054001 165.565002
-118.230003 173.295013 -86.586998
-81.834000 -404.755005 -129.124008
-114.217995 252.034012 45.956001
152.609009 130.550003 -69.046997
-122.263000 235.369995 -68.297997
-123.552002 -409.476013 -97.264999
-23.948999 -290.300018 159.798996
53.486000 -341.975006 -138.763992
-169.438004 -103.070999 10.612000
13.532000 -328.084991 144.363007
104.702003 -532.103027 143.085007
-44.502998 167.468994 89.201004
-153.862000 -180.411987 -73.841995
-99.277000 -8.077999 144.509003
-97.308998 -114.837997 -86.534004
-105.362000 -444.860992 159.850998
-179.860992 -510.352020 25.478001
3.188000 -281.339996 -121.565002
106.429001 -401.174988 183.112991
-105.410004 -34.853001 -72.389000
-176.166992 -220.746994 -44.140999
106.109001 -187.278000 170.140991
34.919003 -473.796997 -145.223999
61.028999 -240.388000 140.791000
-177.119003 207.363998 -55.640999
84.764000 -489.196014 195.628006
-10.177999 135.429001 123.514000
26.559000 9.479000 -84.530006
5.460000 -154.135010 -107.046997
-36.242001 -211.313995 -132.425995
-174.201996 -461.726990 -57.804001
-189.003998 -328.500977 -18.411999
-17.495001 -43.706001 -85.313995
82.321007 -540.638000 -140.290009
-64.125000 -307.868988 -135.378998
139.606003 -44.454002 97.308998
-140.210999 64.347000 -49.903999
-55.291000 -223.395996 135.584991
160.677002 -126.340004 -17.490000
133.123001 112.937004 107.867004
-193.681000 -527.352966 80.931999
204.136993 -418.759003 48.202999
-61.301998 56.150002 161.975998
106.448997 205.463013 59.307999
-28.807999 -394.537994 -129.879990
23.878000 -533.947021 -151.419006
143.389008 27.739000 -7.835000
182.288010 -345.108978 -14.630000
-107.068001 -352.872009 -113.375999
-55.077999 -84.239998 156.102997
120.806000 -440.764984 101.921997
-65.750000 -548.425964 -121.535004
173.649002 91.365005 -6.394000
-125.485001 -69.135002 97.783997
-66.106995 -405.515991 126.469002
52.215000 -531.005981 138.866013
117.862999 -97.667999 159.941010
-72.912003 -67.455002 -97.153999
133.599991 9.979000 117.983994
102.394997 -496.798981 -99.071007
-110.573997 -461.600983 -102.206001
165.949997 -202.727997 -50.859001
-91.319000 280.313995 -40.835999
-148.436996 -412.250000 80.840996
-140.959991 -143.115997 67.760994
47.586998 -408.342987 -147.375000
-136.589005 -400.186005 133.875992
-129.954987 -20.276001 65.672005
41.349003 162.643997 -104.659996
57.443001 -232.584000 -119.677002
149.636002 -398.729004 -83.148003
-193.664993 -188.644012 26.569000
-105.963997 -249.185989 142.617004
-139.030991 -191.134003 119.488998
-174.998993 135.781006 -37.039001
-148.746002 -18.940001 16.023001
-144.282990 278.033997 -15.416000
167.352997 -397.493011 82.126999
173.993011 246.809998 -46.654999
-76.089005 125.254005 129.981995
166.802002 -458.662018 81.407005
19.645000 -409.456024 144.875000
197.837997 -267.423004 0.284000
-1.577000 -348.615997 -125.790001
-89.838997 191.720001 74.932999
79.644997 124.482994 -104.000000
125.228004 -340.829987 -98.467003
137.194000 -252.130005 -88.046997
71.257004 -57.235001 -97.354004
140.419998 -42.148998 -23.941000
-135.925995 114.297005 -71.601006
104.218994 26.694000 162.501999
88.737007 -395.105011 -112.922997
-173.201996 -515.651001 -53.752998
-38.245998 -337.972992 151.210999
176.765991 -394.652985 -19.526999
159.016998 -13.663000 43.317001
-95.990005 -533.171021 79.425995
25.921000 -97.102005 -101.070999
-169.411011 -288.585999 -60.988003
193.467010 -505.055023 58.250000
-204.010986 -360.087006 58.188999
169.430008 -316.072998 -54.459000
144.710007 277.065979 -12.096000
-71.703003 -251.843002 -128.792999
-123.591995 -285.721985 88.815002
130.455002 -449.953003 -96.182007
-149.712997 -495.126984 80.150002
-21.510000 -397.563019 173.443008
121.707001 -252.043015 123.262001
134.848999 65.024002 -55.220001
115.448997 -326.792999 164.397995
153.110992 -539.053040 57.834000
-107.525002 -77.073997 148.573990
135.237000 -102.232002 100.805000
55.578999 -170.022003 -111.034996
-182.689987 -240.995010 52.062000
-96.910004 -457.092987 101.706993
160.304001 -79.695000 54.264999
33.794003 60.813999 -98.522995
-109.647995 82.209000 135.996994
3.953000 -109.681999 171.673004
140.065994 241.890991 41.018002
37.865002 98.261002 161.204987
-81.097000 -129.798996 141.100006
-27.143000 -455.759003 179.792999
-142.039001 -230.418991 -91.715004
55.368999 -86.445000 157.664001
-108.451004 -295.610016 -113.886993
-234.791992 -508.382019 32.709000
190.491013 -210.860992 3.076000
-40.952999 1.225000 -84.404999
124.742996 -144.942001 124.735001
-151.913010 152.695999 51.162998
-155.410004 -65.042000 48.613998
117.161995 -45.543999 158.623001
106.641998 -11.488000 -54.084000
120.700996 -495.597992 96.009003
221.494003 -375.725006 16.108000
185.624008 201.483994 -66.271996
-222.714005 -441.080017 37.239998
-1.380000 -243.806000 156.763000
-153.660995 29.063000 31.475000
156.846008 141.013000 67.446999
136.701996 61.319000 127.617996
138.205002 -531.127991 -91.221001
