-0.619375 0.012621 -0.784994
0.605732 0.058166 0.793540
0.460647 0.097789 0.882180
-0.042744 0.020380 0.998878
-0.023137 0.077477 -0.996726
0.271244 0.373498 0.887089
0.999025 -0.033526 0.028734
0.447269 0.655423 0.608581
-0.868945 0.026735 0.494186
-0.771748 0.058383 0.633243
0.765261 0.250725 -0.592885
-0.960333 0.040614 -0.275883
-0.009955 0.153067 -0.988166
-0.843662 -0.236446 0.482005
-0.280612 0.086858 0.955883
-0.138131 0.752286 0.644194
0.396001 0.484366 -0.780111
0.118215 -0.699428 -0.704859
0.768731 0.258744 -0.584897
-0.522120 -0.183625 -0.832870
0.491131 0.232458 -0.839496
0.937883 0.009498 -0.346820
0.895263 0.029894 0.444534
0.231957 0.142998 -0.962158
-0.330316 -0.093881 0.939190
0.166591 -0.116837 0.979079
-0.048932 -0.220257 -0.974214
-0.226845 0.258021 -0.939131
-0.059704 0.149080 0.987021
0.962176 -0.076280 0.261531
0.809240 0.047949 -0.585518
0.088181 0.007602 -0.996075
0.103743 0.682104 0.723859
-0.007640 -0.040635 0.999145
0.007132 0.134204 0.990928
-0.983916 -0.162820 0.073476
0.668038 0.056569 0.741974
0.079428 0.979529 -0.184969
0.558253 -0.033270 0.829003
0.964042 0.259825 0.055804
0.434661 0.430934 0.790801
-0.752219 0.040657 -0.657658
-0.135417 0.174081 -0.975376
-0.694740 -0.040973 0.718093
0.416396 -0.065413 -0.906827
-0.773078 -0.024153 0.633851
-0.609836 0.043425 -0.791337
-0.807276 0.190256 -0.558666
-0.967845 0.061057 0.244026
0.353951 -0.144924 0.923967
-0.665200 0.045791 0.745260
0.986258 0.005275 -0.165131
-0.543159 0.384810 0.746257
-0.313986 0.210706 -0.925752
0.835416 -0.028139 0.548897
0.189763 0.040373 0.980999
0.983972 0.007743 -0.178156
-0.992181 -0.018031 0.123502
0.567456 0.068551 0.820545
-0.065841 0.659298 0.748994
-0.196276 0.089406 0.976464
-0.842776 0.047440 0.536169
-0.914162 0.070939 -0.399093
0.405574 -0.338360 -0.849130
-0.224801 -0.147953 -0.963107
0.267090 0.089935 -0.959466
-0.967664 0.195428 -0.159483
0.917607 0.060564 0.392847
0.139821 -0.102625 0.984844
-0.455507 0.071256 -0.887376
-0.431686 -0.027475 -0.901606
0.259572 0.339636 0.904030
0.649452 -0.222768 -0.727039
-0.477764 0.289334 -0.829474
-0.605127 -0.052120 -0.794421
-0.192770 -0.011348 0.981178
-0.926763 0.061353 -0.370603
-0.966518 0.238470 -0.094735
0.597984 0.043703 0.800316
0.931116 -0.271996 -0.242985
0.093052 0.732532 0.674343
-0.734483 0.123024 -0.667383
-0.589442 0.159238 0.791961
-0.259201 0.199069 -0.945085
0.363181 0.098455 0.926502
0.061429 -0.168456 -0.983793
-0.080708 0.057534 -0.995076
0.571239 0.068897 0.817887
-0.430460 0.172044 -0.886061
-0.915859 0.083595 -0.392700
0.387860 -0.006487 0.921696
-0.855486 0.180533 -0.485337
-0.584353 -0.104207 0.804781
-0.158765 0.009533 -0.987270
-0.411644 0.101081 0.905722
-0.008410 0.748944 0.662580
0.195246 -0.184195 -0.963302
-0.276221 0.175371 -0.944959
0.501738 0.179414 -0.846209
-0.744917 -0.014339 -0.667004
-0.999308 0.007660 -0.036401
0.150766 0.004627 -0.988559
0.996865 0.004213 -0.079011
-0.314762 0.001194 -0.949170
0.911231 -0.002891 0.411885
-0.695991 -0.290693 -0.656577
-0.577398 -0.082605 0.812273
0.977150 0.185922 -0.103012
0.817979 0.361532 0.447443
-0.068996 0.093359 0.993239
0.856791 -0.004762 0.515642
-0.212996 -0.116508 0.970082
0.049556 0.687597 0.724399
0.181748 -0.029040 -0.982916
-0.729899 0.178619 -0.659805
0.900615 -0.186129 -0.392744
0.892745 -0.036814 -0.449055
-0.582892 -0.049859 -0.811019
-0.595743 -0.043018 0.802022
0.656014 -0.097974 0.748363
-0.072641 -0.081422 -0.994029
0.892200 -0.418939 -0.168729
-0.989118 0.034564 -0.143005
-0.047080 0.081772 0.995538
-0.350364 0.076576 0.933478
0.820320 0.001477 0.571903
-0.314372 0.172496 -0.933496
0.910111 -0.036330 0.412768
0.443569 -0.057263 -0.894409
-0.651726 -0.068924 -0.755317
0.879393 0.127590 -0.458682
-0.208162 0.906985 -0.366125
-0.388776 -0.005583 0.921316
-0.745163 0.065242 0.663684
-0.910623 0.128252 -0.392831
-0.929293 -0.059762 -0.364476
-0.899737 -0.007867 0.436361
-0.109552 0.155880 -0.981682
0.073268 0.200387 -0.976973
0.744838 0.004499 -0.667230
-0.991804 0.125534 0.023777
0.273221 0.000475 0.961951
-0.995472 0.020649 -0.092781
0.392980 -0.122680 -0.911326
-0.991763 0.117448 -0.051106
-0.345445 0.850795 -0.395999
0.572039 0.001567 0.820225
0.116993 0.628048 -0.769330
-0.203804 0.678061 0.706185
0.455974 -0.024510 0.889656
0.727183 0.016918 0.686235
0.603025 0.084408 -0.793244
0.005068 0.056810 -0.998372
0.000991 0.590576 0.806981
0.220656 -0.083675 -0.971756
0.328204 -0.008372 -0.944570
0.655746 0.087683 -0.749872
0.328730 0.316499 -0.889812
0.799068 0.221993 -0.558757
-0.576529 -0.134273 -0.805968
0.576538 0.053353 0.815326
0.797779 -0.020622 -0.602598
-0.811218 -0.111816 -0.573954
-0.740206 0.053332 0.670262
0.934677 -0.096097 -0.342263
0.986961 0.141866 0.076038
-0.754381 -0.365972 0.544954
-0.166308 0.166243 -0.971959
-0.813129 0.062546 -0.578714
0.742541 -0.088748 0.663895
-0.575413 0.091904 0.812683
0.901355 0.019980 -0.432620
0.241229 0.948845 -0.203721
-0.509391 0.050385 -0.859059
-0.756324 0.065074 0.650952
0.257176 -0.002470 -0.966361
-0.231584 -0.007359 0.972787
-0.213501 0.145086 0.966110
0.978533 -0.083580 0.188383
0.658490 -0.392661 -0.642035
0.937494 -0.011509 0.347812
-0.156784 -0.949920 -0.270316
-0.338907 0.069698 0.938235
0.878509 -0.040567 0.476000
0.208076 0.032895 -0.977559
-0.333159 0.145838 0.931524
-0.987148 -0.149122 -0.057464
0.854050 -0.008602 0.520120
0.173471 -0.282870 -0.943341
-0.725219 0.128117 0.676493
0.112144 -0.051064 0.992379
-0.100508 0.343478 0.933767
-0.090443 0.527668 0.844622
-0.013976 -0.130666 0.991328
-0.394525 0.120020 0.911014
-0.637939 0.056852 -0.767986
-0.184836 -0.108409 0.976772
-0.467797 -0.002095 -0.883834
-0.847534 0.068372 0.526318
0.736151 0.161205 -0.657339
-0.093499 -0.053987 -0.994155
0.984681 -0.014581 0.173755
-0.795112 0.102959 0.597659
-0.794623 0.235557 0.559543
0.772939 0.011242 0.634381
0.546783 0.044811 -0.836074
0.542181 -0.006898 0.840233
0.958484 -0.042269 -0.281997
0.122397 0.018201 -0.992314
-0.932345 -0.027090 0.360554
0.304223 -0.095633 0.947788
-0.890144 -0.342176 0.300931
0.737872 -0.006192 0.674912
0.907830 -0.058710 0.415208
0.345266 -0.080883 -0.935013
