1 100 121 130 163 
1 32 121 130 163 
1 100 121 130 163 
2 37 39 147 208 
2 37 111 147 208 
2 37 39 147 208 
3 124 136 142 164 
3 44 136 142 175 
3 44 124 136 142 
4 34 69 119 191 
4 69 83 112 119 
4 69 83 119 183 
5 13 65 70 138 
6 34 161 193 214 
6 34 161 193 214 
6 34 161 193 214 
7 39 57 88 120 
7 39 88 120 147 
7 39 88 147 181 
8 72 132 146 154 
9 53 58 190 203 
9 53 149 190 203 
9 53 149 190 203 
10 134 143 183 194 
10 123 143 183 194 
10 123 134 143 194 
11 77 87 139 157 
11 43 77 87 139 
11 24 87 139 157 
12 90 101 169 186 
12 15 101 169 186 
12 90 101 141 186 
5 13 27 65 138 
5 13 65 138 189 
5 13 65 138 189 
9 14 83 137 190 
14 83 112 137 190 
14 83 112 137 190 
14 83 123 137 190 
14 83 137 190 212 
15 44 171 175 186 
15 44 171 175 186 
15 44 171 175 186 
16 33 81 96 113 
16 33 81 96 193 
16 33 96 113 193 
17 38 66 148 173 
17 38 148 173 209 
17 66 148 173 209 
18 22 45 170 182 
18 22 45 170 182 
18 22 45 170 182 
19 21 24 31 108 
19 21 108 131 159 
19 21 24 108 131 
20 63 89 106 201 
20 27 63 89 201 
20 63 89 127 201 
19 21 158 159 206 
21 31 158 159 206 
21 31 158 159 206 
22 45 129 176 215 
22 45 140 176 215 
18 22 45 176 215 
22 45 140 165 176 
22 129 140 165 176 
23 49 56 125 195 
23 49 56 125 195 
23 49 56 125 195 
24 131 139 157 185 
24 43 139 157 185 
19 24 31 139 185 
25 50 119 191 194 
25 50 119 191 194 
25 50 107 119 194 
26 50 91 191 197 
25 26 50 91 191 
26 50 91 93 191 
25 26 50 191 211 
25 26 50 191 211 
27 65 97 189 201 
13 27 97 189 201 
27 97 102 189 201 
28 54 84 98 99 
28 43 54 98 99 
28 54 84 99 174 
7 39 120 147 181 
2 7 39 147 181 
7 39 88 147 181 
29 34 96 112 193 
29 96 112 149 193 
29 112 149 190 193 
30 109 122 166 214 
30 109 128 166 214 
30 116 122 166 214 
21 31 158 168 185 
19 24 31 158 185 
31 98 158 168 185 
32 92 114 115 135 
32 92 114 115 135 
32 92 114 115 121 
16 33 96 109 193 
6 16 33 109 193 
16 33 109 113 213 
6 34 69 161 193 
29 34 69 161 193 
4 29 34 69 161 
4 29 34 69 193 
29 34 69 112 193 
35 47 49 85 167 
35 47 49 85 187 
35 47 85 167 187 
33 41 109 113 213 
33 41 109 113 213 
36 42 86 100 210 
36 86 100 163 210 
36 86 100 163 210 
2 37 39 147 208 
2 37 39 59 152 
2 37 39 147 179 
17 38 60 148 173 
17 38 60 148 173 
17 38 60 148 173 
2 7 37 39 147 
7 37 39 179 181 
7 39 120 147 150 
2 7 39 120 147 
40 59 68 108 188 
40 59 68 108 200 
40 59 108 131 200 
5 13 27 65 70 
5 13 65 70 160 
5 13 65 70 138 
41 60 113 192 213 
41 109 113 192 213 
29 34 69 112 193 
29 34 96 112 193 
42 75 101 118 169 
12 36 42 101 169 
42 101 118 169 198 
42 101 118 169 198 
43 98 99 139 185 
28 43 98 99 185 
43 98 99 139 185 
15 44 133 136 175 
15 44 133 171 175 
15 44 133 171 175 
19 40 108 188 200 
40 108 131 188 200 
19 40 108 131 200 
9 53 58 154 203 
19 24 31 98 185 
19 24 31 98 185 
17 66 73 148 209 
17 66 148 173 209 
17 66 73 148 209 
17 38 148 173 209 
18 22 45 165 208 
18 22 45 165 170 
18 22 45 165 170 
46 134 143 175 186 
46 134 143 175 186 
46 134 143 175 186 
35 47 85 167 187 
35 47 85 167 187 
35 47 85 167 187 
48 78 84 89 127 
48 63 84 89 127 
48 82 84 89 127 
45 111 150 170 208 
18 45 111 150 170 
45 111 150 170 208 
23 49 56 178 195 
23 35 49 85 195 
23 35 49 85 195 
17 38 66 148 173 
17 38 66 148 209 
25 26 50 191 211 
25 26 50 191 211 
25 26 50 107 211 
51 56 79 88 151 
51 62 79 88 151 
51 56 79 151 178 
4 83 119 183 191 
4 69 119 191 197 
15 44 46 175 186 
15 44 46 175 186 
15 44 46 175 186 
52 103 129 162 176 
52 129 135 162 176 
52 129 135 162 176 
9 53 149 154 203 
9 53 149 154 203 
9 53 149 190 203 
28 54 99 174 196 
28 54 99 174 196 
54 82 174 196 198 
55 59 68 179 202 
55 68 91 179 202 
55 59 91 179 202 
5 13 65 70 160 
23 56 125 151 195 
23 56 95 125 151 
23 56 95 125 151 
7 57 88 95 120 
7 57 88 95 120 
7 57 88 95 120 
9 58 106 203 212 
9 58 145 203 212 
9 58 106 203 212 
40 55 59 68 200 
40 55 59 68 179 
37 55 59 68 179 
38 60 113 173 192 
38 60 113 173 192 
38 60 113 173 192 
61 110 133 177 210 
61 110 177 199 210 
61 110 177 199 210 
51 62 79 93 181 
51 62 79 93 181 
51 62 93 179 181 
51 62 79 93 181 
51 62 79 93 181 
20 63 89 106 145 
20 63 89 106 145 
20 63 106 145 212 
64 97 180 189 206 
64 97 180 189 206 
64 97 155 180 189 
5 13 65 70 160 
5 13 65 70 160 
5 13 27 65 70 
17 66 73 138 155 
13 17 66 138 155 
17 66 73 138 155 
67 78 82 90 141 
67 78 82 90 141 
67 78 82 90 141 
35 47 85 136 187 
35 47 85 124 136 
35 47 85 136 187 
55 59 68 184 202 
55 59 68 184 202 
40 55 59 68 202 
55 59 68 91 202 
55 68 91 184 202 
15 44 46 171 175 
4 34 69 161 197 
4 34 69 161 197 
4 34 69 161 197 
25 50 107 194 211 
25 50 107 194 211 
25 50 107 194 211 
17 38 60 148 173 
17 38 66 148 173 
5 65 70 74 160 
5 70 74 94 160 
5 70 74 94 160 
71 75 114 118 130 
32 71 75 114 130 
32 71 75 114 130 
8 72 132 146 154 
8 53 72 154 203 
8 72 132 146 154 
64 97 180 189 206 
21 64 97 158 206 
64 97 158 189 206 
66 73 122 180 209 
66 73 122 180 209 
73 116 122 180 209 
5 13 27 65 138 
5 13 27 65 189 
5 13 27 65 189 
70 74 94 132 146 
70 74 94 132 146 
70 74 94 132 146 
42 71 75 118 130 
71 75 100 118 130 
71 75 100 118 130 
76 79 107 164 211 
76 79 107 164 211 
76 79 107 164 211 
76 79 93 164 211 
76 79 93 164 211 
35 47 49 85 195 
35 47 49 85 124 
35 47 49 85 124 
7 51 88 151 181 
51 62 88 151 181 
51 56 88 151 181 
7 51 62 88 181 
13 27 65 97 189 
13 27 97 155 189 
36 86 171 199 210 
36 61 86 199 210 
36 61 86 199 210 
11 77 87 135 153 
11 77 87 135 153 
11 77 87 135 153 
7 57 88 120 181 
7 57 88 120 147 
2 7 39 120 147 
2 39 111 147 208 
2 37 39 111 147 
43 98 99 139 185 
48 67 78 145 204 
48 67 78 145 204 
48 67 78 141 204 
32 71 92 114 130 
1 32 92 114 121 
51 76 79 151 164 
51 62 76 79 151 
51 76 79 164 211 
57 80 95 120 207 
57 80 120 182 207 
57 80 95 120 207 
70 74 94 132 146 
70 74 94 132 146 
70 74 94 132 146 
53 81 96 149 154 
54 67 82 90 196 
67 82 90 141 196 
48 67 82 90 196 
14 83 112 123 183 
14 83 123 137 183 
14 83 119 123 183 
14 83 123 137 183 
14 83 123 137 183 
28 43 54 98 99 
28 48 54 84 127 
28 48 82 84 127 
48 82 84 89 127 
28 48 54 84 127 
28 48 84 89 127 
35 47 85 124 136 
47 85 124 136 187 
35 47 85 136 187 
6 109 128 161 214 
6 109 161 193 214 
36 86 163 199 210 
11 87 104 139 153 
11 43 87 139 153 
11 77 87 139 153 
7 57 88 120 181 
7 57 88 120 181 
7 51 57 88 181 
20 48 63 89 127 
20 48 63 89 127 
20 48 63 89 127 
43 87 99 104 139 
43 87 99 104 174 
43 87 99 139 174 
67 82 90 169 196 
67 82 90 141 196 
67 82 90 169 196 
70 74 94 132 146 
70 74 94 144 160 
26 50 91 93 197 
26 50 91 191 197 
26 55 91 93 202 
55 91 93 179 202 
26 55 91 126 202 
29 34 96 112 193 
29 96 112 149 193 
19 24 31 139 185 
19 24 31 131 185 
7 57 120 147 150 
7 57 88 120 207 
7 57 120 150 207 
17 38 66 148 173 
15 44 133 136 175 
32 52 92 115 135 
32 52 92 115 135 
32 52 92 115 135 
26 62 91 93 179 
26 91 93 179 202 
26 50 62 91 93 
50 62 91 93 211 
26 50 62 91 93 
26 50 91 93 211 
70 74 94 144 146 
56 57 80 95 125 
57 80 88 95 125 
57 80 88 95 125 
16 29 81 96 149 
16 29 81 96 149 
16 33 81 96 193 
27 64 97 189 206 
27 64 97 102 189 
27 64 97 189 201 
26 91 126 191 197 
26 50 126 191 197 
54 67 82 90 196 
28 43 98 168 185 
31 43 98 168 185 
31 43 98 168 185 
20 48 63 89 145 
20 48 63 89 145 
28 43 98 99 174 
28 43 54 99 174 
48 67 78 84 89 
48 67 78 82 84 
48 67 78 82 84 
36 75 100 130 163 
1 75 100 130 163 
1 75 100 130 163 
12 42 101 169 171 
12 42 101 169 171 
12 42 101 169 171 
5 20 65 106 160 
5 13 65 70 160 
97 102 127 168 201 
89 102 127 168 201 
89 97 102 127 201 
52 92 103 115 129 
52 103 129 176 215 
87 104 118 174 198 
104 118 153 174 198 
87 104 118 174 198 
7 39 57 88 181 
7 39 57 88 181 
48 67 78 82 90 
48 67 78 82 141 
48 67 78 82 84 
105 128 184 188 205 
105 128 166 184 205 
105 126 128 184 205 
51 62 79 151 181 
51 62 79 93 151 
51 62 79 151 181 
20 63 65 106 160 
20 58 63 106 145 
20 58 63 106 160 
20 63 89 106 201 
25 76 107 142 211 
25 50 76 107 211 
25 50 107 142 211 
25 50 76 107 211 
50 76 107 142 211 
19 40 108 131 200 
19 40 108 131 200 
19 21 40 108 159 
30 33 109 213 214 
30 33 109 213 214 
6 33 109 213 214 
30 116 128 166 214 
6 33 109 213 214 
6 33 109 161 214 
6 33 109 161 214 
61 110 177 199 210 
22 129 140 176 215 
28 54 84 99 174 
13 27 65 189 201 
13 27 65 189 201 
13 27 65 189 201 
18 22 45 165 182 
18 22 45 170 182 
18 22 45 165 176 
8 72 132 146 154 
8 72 132 146 154 
26 50 93 191 211 
2 111 147 150 208 
45 111 147 165 208 
2 111 147 165 208 
11 77 87 139 153 
23 49 56 178 195 
23 49 56 125 195 
19 24 131 157 185 
24 131 139 157 185 
87 104 118 174 198 
104 118 174 196 198 
30 109 122 213 214 
30 109 128 213 214 
30 109 122 213 214 
14 29 83 112 190 
29 112 149 190 193 
14 29 112 149 190 
5 20 27 65 160 
20 27 65 160 201 
20 27 65 106 160 
41 60 113 192 213 
33 41 60 113 192 
33 41 60 113 192 
41 60 113 173 192 
71 104 114 118 153 
32 71 114 135 153 
32 71 114 118 153 
32 71 114 135 153 
71 77 114 135 153 
27 64 97 155 189 
27 64 97 155 189 
32 92 103 115 121 
32 52 92 103 115 
32 92 103 115 121 
70 74 94 144 160 
70 74 94 144 160 
70 74 94 144 146 
61 110 177 199 210 
61 110 177 199 210 
12 67 90 141 186 
12 67 90 141 186 
12 67 82 90 141 
116 122 159 166 180 
30 116 122 159 166 
116 159 166 180 206 
43 87 98 139 185 
43 87 98 99 139 
36 75 86 100 163 
36 75 100 130 163 
36 100 101 171 210 
36 86 100 199 210 
117 152 165 172 208 
117 152 165 172 208 
117 152 165 172 208 
71 75 114 118 130 
42 71 75 118 130 
62 76 79 93 211 
62 76 79 93 211 
62 76 79 93 211 
71 75 104 118 198 
71 75 104 118 198 
71 75 104 118 198 
20 63 89 106 201 
30 109 116 122 213 
4 119 183 191 194 
25 119 183 191 194 
4 119 183 191 194 
11 77 135 153 162 
11 77 114 135 153 
7 57 120 150 207 
7 57 120 150 207 
11 77 139 156 157 
11 77 139 156 157 
1 32 115 121 130 
1 32 115 121 130 
1 32 115 121 130 
2 111 120 147 150 
2 111 147 150 208 
2 111 147 150 208 
29 34 96 112 193 
23 49 85 178 195 
49 85 124 178 195 
23 35 49 85 195 
5 70 74 94 160 
64 97 158 189 206 
9 14 58 203 212 
9 14 58 137 212 
9 14 58 190 212 
2 37 39 179 181 
43 54 87 99 174 
43 87 99 139 174 
30 73 116 122 180 
30 73 116 122 180 
30 73 116 122 180 
53 81 96 149 154 
53 81 96 149 154 
53 81 96 149 154 
70 74 94 144 160 
5 70 74 94 160 
55 68 184 188 202 
2 37 117 152 208 
2 37 111 117 208 
123 134 137 183 204 
10 123 134 183 204 
10 83 123 137 183 
87 104 114 118 153 
71 104 114 118 153 
85 124 164 178 195 
85 124 164 178 195 
3 124 164 178 195 
18 22 45 170 182 
18 22 45 170 182 
53 81 149 154 203 
53 81 149 154 203 
8 72 132 146 154 
8 72 81 132 154 
11 77 139 156 157 
11 77 156 157 162 
11 77 139 156 162 
87 104 153 174 198 
23 56 95 125 195 
23 56 95 125 195 
23 56 95 125 151 
87 99 104 153 174 
87 104 153 174 198 
1 100 121 130 163 
1 100 121 130 163 
1 100 121 130 163 
126 184 197 202 205 
105 126 184 202 205 
126 184 197 202 205 
84 89 102 127 201 
84 89 102 127 201 
28 84 89 102 127 
105 128 161 205 214 
30 105 128 161 214 
30 105 128 161 214 
77 87 114 135 153 
77 87 114 135 153 
77 87 114 135 153 
8 72 132 146 154 
8 72 132 146 154 
8 72 132 146 154 
30 73 116 122 180 
52 103 129 176 215 
22 52 129 176 215 
22 52 129 176 215 
1 71 75 121 130 
1 75 100 130 163 
1 71 75 100 130 
111 120 147 150 207 
111 120 147 150 170 
30 109 128 213 214 
30 109 128 213 214 
19 24 131 157 200 
19 24 131 157 200 
19 24 108 131 200 
8 72 74 132 146 
8 72 74 132 146 
8 74 94 132 146 
19 21 40 108 159 
19 21 108 159 206 
19 21 40 108 159 
3 44 136 142 175 
3 44 136 142 175 
44 61 133 177 187 
44 61 133 136 187 
44 133 136 171 187 
27 64 97 189 201 
52 103 129 176 215 
52 103 129 176 215 
52 103 129 176 215 
18 22 129 176 215 
22 45 129 176 215 
10 123 134 141 143 
78 123 134 141 204 
46 78 134 141 143 
52 77 92 135 153 
77 92 114 135 153 
77 92 114 135 153 
12 15 101 169 171 
12 15 36 101 171 
36 86 100 199 210 
36 86 100 163 210 
48 84 89 127 201 
20 48 89 127 201 
84 89 102 127 201 
9 53 58 203 212 
4 34 69 161 205 
6 34 69 161 193 
4 34 69 161 197 
6 34 69 161 193 
57 80 88 95 207 
57 80 95 125 207 
51 56 88 95 151 
56 88 95 125 151 
3 44 85 136 187 
47 85 124 136 187 
3 44 85 124 136 
14 123 137 145 204 
14 83 123 137 204 
123 137 145 204 212 
36 42 75 100 130 
36 42 75 100 130 
5 13 66 138 155 
13 66 138 155 189 
13 66 138 155 189 
24 43 98 139 185 
24 43 98 139 185 
11 24 43 139 185 
4 83 112 119 183 
4 14 83 112 183 
34 69 161 197 205 
28 48 84 89 127 
85 124 164 178 195 
85 124 164 178 195 
49 85 124 178 195 
105 128 161 166 214 
105 128 161 205 214 
105 128 166 188 214 
36 75 86 100 163 
36 42 100 101 163 
8 74 94 132 146 
8 72 74 132 146 
140 156 162 165 176 
22 140 162 165 176 
22 140 156 162 176 
105 128 161 205 214 
27 97 102 189 201 
12 15 101 171 186 
12 15 101 169 171 
36 42 101 171 210 
3 76 107 142 164 
3 44 107 142 175 
3 107 142 164 175 
67 78 90 141 186 
67 90 134 141 186 
56 57 80 95 125 
56 57 80 95 125 
3 46 107 142 143 
3 76 107 142 143 
10 46 107 142 143 
10 46 134 142 143 
10 46 134 142 143 
10 46 107 142 143 
70 94 106 144 160 
70 94 106 144 160 
58 70 106 144 160 
62 91 93 179 211 
24 131 152 157 200 
24 131 152 157 200 
16 81 96 149 154 
117 140 156 165 176 
22 129 140 162 176 
22 45 140 165 176 
63 137 145 204 212 
63 137 145 204 212 
58 63 137 145 212 
23 49 56 125 195 
23 56 125 151 195 
11 77 87 139 153 
11 43 77 87 139 
71 104 114 118 198 
71 75 104 118 198 
77 92 114 135 153 
1 32 115 121 130 
1 32 71 121 130 
8 74 94 132 146 
8 72 74 132 146 
8 72 74 132 146 
72 74 94 132 146 
117 140 165 172 208 
117 140 165 172 208 
117 140 165 172 208 
28 43 54 99 174 
6 30 109 213 214 
6 109 128 161 214 
23 49 56 125 195 
25 119 183 191 194 
25 119 183 191 194 
32 92 114 115 135 
68 105 184 188 202 
68 126 184 188 202 
40 68 184 188 202 
14 123 137 145 212 
7 111 120 147 150 
2 39 111 147 150 
7 39 120 147 150 
17 38 148 173 209 
17 38 148 173 209 
8 74 94 132 146 
72 74 94 132 146 
8 74 94 132 146 
19 40 108 131 200 
77 87 104 153 174 
51 62 79 93 181 
62 79 93 181 211 
4 83 119 183 194 
23 56 95 125 151 
23 56 95 125 151 
53 81 96 149 190 
29 81 96 149 190 
29 53 81 96 149 
53 81 96 149 190 
53 81 96 149 154 
19 24 31 108 131 
19 24 108 131 157 
33 41 113 192 213 
41 60 113 192 213 
41 60 113 192 213 
48 63 84 89 127 
36 86 163 199 210 
36 86 163 199 210 
36 86 163 199 210 
20 27 65 189 201 
20 27 97 189 201 
20 27 65 97 201 
12 90 101 169 196 
12 42 90 101 169 
26 55 91 126 202 
26 91 126 184 202 
26 91 126 197 202 
8 72 74 132 146 
32 52 92 115 135 
111 120 150 170 207 
120 147 150 170 207 
111 120 150 170 207 
3 47 85 124 136 
35 47 85 124 136 
85 124 136 178 195 
35 49 85 124 136 
20 63 89 127 201 
20 89 102 127 201 
3 76 124 142 164 
3 85 124 136 164 
3 76 124 164 178 
46 67 134 141 186 
12 46 134 141 186 
55 62 91 93 179 
55 91 93 179 202 
11 24 43 139 157 
11 43 87 139 185 
32 92 103 115 121 
32 92 103 115 121 
32 92 115 121 135 
21 31 158 168 185 
21 31 158 168 185 
31 98 102 158 168 
51 56 79 151 178 
51 56 151 178 195 
51 56 79 151 178 
37 55 59 179 202 
37 55 59 68 179 
7 39 57 88 181 
8 72 146 154 203 
32 71 92 114 135 
32 71 114 135 153 
32 92 114 135 153 
87 99 104 153 174 
1 75 100 130 163 
37 117 152 172 200 
117 131 152 172 200 
59 131 152 172 200 
57 120 147 150 207 
7 120 147 150 207 
57 80 120 150 207 
71 77 104 114 153 
77 87 104 114 153 
71 104 114 118 153 
19 24 31 131 185 
24 31 43 139 185 
44 133 136 171 187 
15 44 133 136 171 
4 29 34 69 112 
4 29 34 69 112 
4 29 34 69 112 
53 72 81 154 203 
53 72 81 154 203 
53 72 81 154 203 
5 65 70 74 160 
3 76 107 142 143 
3 76 107 142 164 
3 76 107 142 211 
51 56 151 178 195 
23 56 151 178 195 
23 56 151 178 195 
66 73 138 155 189 
13 66 73 138 155 
66 73 138 155 180 
9 14 53 190 203 
32 77 114 135 153 
7 57 80 120 207 
57 80 95 120 207 
7 57 80 120 207 
10 107 142 143 194 
10 46 142 143 194 
2 37 39 147 208 
28 43 54 98 99 
70 74 94 144 160 
70 74 94 144 160 
6 34 69 161 193 
6 29 34 161 193 
6 29 34 161 193 
3 85 124 136 164 
3 44 124 136 175 
3 44 85 124 136 
58 106 144 160 212 
58 63 106 145 212 
9 58 106 145 212 
58 106 144 160 212 
58 63 106 144 160 
24 31 43 139 185 
17 38 148 173 209 
10 25 143 183 194 
10 25 119 183 194 
10 119 143 183 194 
12 42 90 101 169 
12 42 90 101 169 
17 38 66 148 173 
7 57 88 95 120 
11 140 156 162 172 
11 156 157 162 172 
140 156 157 162 172 
32 92 114 115 135 
32 92 103 115 135 
14 83 112 137 190 
14 83 123 137 183 
51 62 79 151 164 
55 68 91 179 202 
55 68 91 179 202 
51 56 151 178 195 
51 56 151 178 195 
30 116 122 166 180 
20 27 65 106 201 
20 27 65 106 201 
11 24 131 157 172 
24 131 157 172 200 
24 131 156 157 172 
32 92 114 135 153 
32 92 114 135 153 
38 60 113 173 192 
9 53 149 190 203 
17 38 66 138 155 
17 38 66 138 148 
21 31 158 168 206 
21 31 158 168 206 
52 92 135 162 176 
52 77 92 135 162 
52 77 135 156 162 
11 24 131 139 157 
53 72 81 154 203 
8 53 72 81 154 
117 140 156 162 172 
140 156 162 172 176 
17 66 138 155 209 
17 66 73 148 209 
17 66 73 155 209 
21 116 159 166 206 
21 116 159 166 206 
21 116 159 166 206 
111 120 147 150 170 
18 111 147 150 170 
111 147 150 170 208 
26 91 126 191 197 
26 126 191 197 205 
70 94 106 144 160 
65 70 106 144 160 
8 72 74 132 146 
8 72 74 132 146 
17 38 148 173 209 
17 38 148 173 209 
17 38 148 173 209 
11 43 87 99 139 
6 34 128 161 214 
6 34 161 193 214 
6 34 128 161 214 
6 34 69 128 161 
2 37 59 152 200 
37 59 117 152 200 
2 37 59 152 200 
52 140 156 162 176 
52 140 156 162 176 
52 140 156 162 176 
13 27 65 138 189 
25 50 76 107 211 
1 36 86 100 163 
1 75 100 130 163 
1 86 100 130 163 
25 26 50 107 191 
25 26 50 191 211 
76 79 124 164 178 
3 76 124 164 178 
3 76 124 164 178 
3 76 124 142 164 
40 59 68 108 188 
40 68 108 184 188 
40 59 68 184 188 
21 64 97 158 206 
70 74 94 132 146 
70 74 94 132 146 
57 80 95 125 207 
2 37 117 152 208 
2 117 152 172 200 
25 50 76 107 211 
45 117 165 172 208 
45 117 140 165 208 
8 72 74 132 146 
8 72 74 132 146 
105 116 159 166 188 
30 105 116 159 166 
30 105 116 128 166 
12 67 90 141 186 
54 82 174 196 198 
54 169 174 196 198 
51 79 151 164 178 
51 79 151 178 195 
51 79 151 164 178 
35 47 49 85 167 
28 43 98 168 185 
28 43 98 99 185 
40 105 166 184 188 
105 159 166 184 188 
105 128 166 184 188 
30 109 128 161 214 
19 21 108 159 206 
19 21 108 159 206 
66 73 155 180 209 
17 66 73 155 209 
17 66 73 148 209 
47 110 167 177 187 
47 110 167 177 187 
32 52 92 115 135 
32 52 92 103 115 
41 60 113 192 213 
14 29 83 112 190 
14 83 112 149 190 
14 29 83 112 190 
87 104 114 153 174 
77 87 104 114 153 
87 104 114 118 153 
15 46 143 175 186 
46 141 143 175 186 
15 46 141 175 186 
1 71 75 114 130 
1 32 71 75 130 
1 71 75 100 130 
35 47 85 136 187 
35 47 85 136 187 
4 34 69 191 197 
4 34 69 191 197 
8 53 72 81 154 
52 135 156 162 176 
52 129 140 162 176 
32 92 114 135 153 
36 75 100 130 163 
36 75 100 130 163 
117 140 156 165 172 
117 140 156 165 172 
117 140 156 165 172 
3 124 136 142 164 
19 40 68 108 188 
3 107 142 143 175 
17 38 148 173 192 
8 72 132 146 154 
8 53 72 154 203 
1 32 71 75 130 
28 98 102 127 168 
28 84 98 99 127 
28 84 98 127 168 
10 25 119 183 194 
10 119 123 183 194 
10 119 143 183 194 
31 98 102 168 185 
31 98 102 158 168 
31 43 98 168 185 
27 97 102 189 201 
27 97 102 189 201 
5 70 74 94 132 
5 70 74 94 132 
15 44 61 133 171 
44 61 133 171 210 
15 44 61 133 171 
8 72 132 146 154 
8 72 74 132 146 
52 140 156 162 176 
52 140 156 162 176 
67 78 134 141 204 
67 78 134 141 204 
8 72 74 132 146 
8 74 94 132 146 
8 74 94 132 146 
12 90 101 169 186 
12 42 90 101 169 
12 90 101 169 196 
12 90 169 196 198 
10 83 123 183 194 
83 119 123 137 183 
8 72 132 146 154 
8 72 132 146 154 
18 150 170 182 207 
111 150 170 182 207 
18 150 170 182 207 
1 100 121 130 163 
76 79 107 164 211 
76 79 164 178 211 
15 44 133 171 210 
15 101 133 171 210 
15 61 133 171 210 
66 73 155 180 209 
66 73 138 155 209 
66 73 138 155 180 
4 69 119 191 197 
120 147 150 170 207 
117 152 156 157 172 
117 152 157 165 172 
117 140 156 165 172 
117 152 157 172 200 
117 152 156 157 172 
117 131 152 157 172 
6 33 34 161 193 
6 29 33 34 193 
28 98 102 127 168 
98 102 127 158 168 
98 102 127 158 168 
17 38 60 148 173 
17 38 148 173 192 
30 33 109 213 214 
30 41 109 213 214 
12 15 36 101 171 
12 15 36 101 171 
9 53 58 154 203 
9 53 58 154 203 
12 15 101 171 186 
12 15 46 175 186 
54 99 104 174 198 
54 99 104 174 198 
54 87 99 104 174 
1 75 100 130 163 
1 75 100 130 163 
71 75 114 118 153 
71 75 104 114 118 
6 34 128 161 214 
3 76 79 164 178 
76 79 107 164 211 
3 76 107 142 164 
38 60 148 173 192 
38 60 148 173 192 
17 38 60 148 173 
6 109 128 161 214 
12 82 90 169 196 
12 82 90 169 196 
11 77 135 156 162 
11 77 140 156 162 
52 77 135 156 162 
15 44 46 142 175 
15 44 46 175 186 
51 56 88 95 151 
51 56 88 95 151 
15 36 101 171 210 
36 42 101 171 210 
36 42 101 171 210 
1 32 71 121 130 
1 32 71 114 130 
51 56 79 88 151 
51 56 88 151 178 
53 81 96 149 154 
16 29 81 96 149 
67 78 82 90 141 
67 78 82 90 141 
17 66 73 148 209 
17 66 73 138 155 
42 104 118 169 198 
42 75 104 118 198 
42 75 118 169 198 
42 104 118 169 198 
16 29 96 149 193 
6 29 34 96 193 
16 29 33 96 193 
1 32 92 115 121 
1 32 92 115 121 
1 32 92 115 121 
22 52 129 162 176 
22 129 140 162 176 
22 129 140 176 215 
61 110 167 177 187 
61 110 167 177 187 
61 110 167 177 187 
97 102 158 168 206 
21 97 102 158 206 
97 102 158 168 201 
8 72 74 132 146 
38 60 148 173 192 
15 44 133 171 175 
15 44 133 171 175 
15 44 133 171 175 
116 159 166 180 206 
52 92 103 115 129 
52 92 103 115 129 
52 92 103 115 129 
52 92 103 115 129 
52 92 103 115 129 
36 42 75 100 101 
36 42 75 100 101 
36 42 75 100 101 
11 77 87 139 156 
11 77 87 139 153 
124 151 164 178 195 
124 151 164 178 195 
124 151 164 178 195 
1 75 100 130 163 
42 71 75 118 198 
42 71 75 118 198 
42 71 75 118 130 
42 71 75 104 118 
42 71 75 118 198 
35 47 85 136 187 
61 110 133 177 187 
61 133 167 177 187 
14 137 145 204 212 
2 37 39 179 181 
7 39 62 179 181 
25 119 183 191 194 
10 25 119 183 194 
10 78 123 134 204 
78 123 134 137 204 
78 123 134 137 204 
78 123 134 141 204 
8 74 94 132 146 
11 24 139 157 185 
11 24 139 157 185 
11 24 139 157 185 
11 77 153 156 162 
11 77 87 135 153 
11 77 87 139 153 
24 43 98 139 185 
17 66 73 155 209 
17 66 73 138 155 
37 39 55 59 179 
37 55 91 179 181 
37 39 55 179 181 
120 150 170 182 207 
64 73 116 180 206 
64 73 116 180 206 
64 73 116 122 180 
61 110 167 177 199 
61 110 133 167 177 
28 84 98 99 127 
28 54 84 98 99 
71 104 118 174 198 
19 21 31 108 159 
7 39 62 179 181 
7 39 62 179 181 
7 39 62 88 181 
18 150 170 182 207 
80 150 170 182 207 
111 120 147 150 170 
21 64 116 159 206 
21 116 158 159 206 
42 75 100 118 130 
70 74 94 132 146 
61 110 167 177 199 
77 87 114 135 153 
51 56 151 178 195 
4 29 34 69 112 
4 29 34 112 193 
28 48 82 84 127 
48 54 67 82 84 
28 48 54 82 84 
19 24 40 108 131 
30 109 128 161 214 
16 81 96 149 154 
126 184 197 202 205 
68 126 184 202 205 
105 126 184 202 205 
71 75 114 118 130 
44 47 133 136 187 
44 85 133 136 187 
30 105 116 159 166 
30 116 122 159 166 
77 87 104 114 153 
11 77 87 104 153 
4 83 112 119 183 
4 29 83 112 119 
4 83 112 119 183 
12 42 101 169 198 
42 101 118 169 198 
37 40 59 152 200 
40 59 131 152 200 
40 59 68 152 200 
52 129 140 162 176 
11 140 156 162 172 
52 140 156 162 176 
23 56 95 125 151 
51 56 95 125 151 
23 56 95 125 151 
29 81 96 149 193 
16 33 81 96 193 
16 29 81 96 193 
62 91 93 179 181 
83 119 123 183 194 
83 119 123 183 194 
83 119 123 137 183 
35 47 167 177 187 
105 126 184 188 202 
105 126 184 202 205 
68 105 126 184 202 
10 119 123 183 194 
10 123 134 183 194 
32 77 92 114 135 
32 52 77 92 135 
32 52 92 114 135 
2 7 39 120 147 
19 21 158 159 206 
3 85 124 136 178 
3 85 124 136 178 
52 77 92 135 162 
52 77 92 135 162 
11 131 156 157 172 
117 140 156 157 172 
11 140 156 157 172 
55 68 91 179 202 
55 91 93 179 202 
55 91 93 179 181 
42 71 75 118 130 
53 81 149 154 203 
9 53 72 154 203 
9 53 149 154 203 
53 72 81 154 203 
10 123 134 143 183 
10 123 134 143 183 
24 43 98 139 185 
31 43 98 168 185 
24 31 98 139 185 
35 47 167 177 187 
19 21 31 158 206 
19 21 31 158 206 
19 21 24 31 158 
14 83 123 137 212 
14 83 123 137 183 
15 46 141 175 186 
15 46 141 175 186 
15 46 141 175 186 
28 43 98 99 168 
47 133 136 177 187 
47 85 133 136 187 
47 133 136 177 187 
52 129 140 162 176 
52 129 140 162 176 
52 103 129 162 176 
52 129 140 162 176 
68 105 166 184 188 
40 105 166 184 188 
57 80 120 150 207 
12 15 46 141 186 
12 15 90 141 186 
12 15 46 141 186 
11 77 135 153 162 
11 77 135 156 162 
4 69 119 191 197 
26 126 191 197 205 
36 42 100 101 171 
12 36 42 101 171 
67 78 134 141 204 
67 78 134 141 204 
67 78 134 141 186 
48 63 67 78 89 
10 46 142 143 175 
13 27 64 97 189 
27 64 97 155 189 
3 44 85 124 136 
3 85 124 136 164 
10 123 134 143 194 
10 46 134 143 194 
10 46 134 143 194 
61 133 136 177 187 
44 133 136 177 187 
14 53 112 149 190 
9 14 112 149 190 
14 29 112 149 190 
27 97 102 189 201 
46 134 141 143 186 
10 46 134 141 143 
10 46 134 141 143 
25 26 50 119 191 
25 26 50 191 197 
25 26 119 191 197 
66 73 122 180 209 
66 73 122 148 209 
40 105 159 166 188 
41 60 113 173 192 
41 60 113 173 192 
54 67 82 84 196 
54 67 82 84 196 
18 22 45 170 182 
51 56 79 151 178 
40 59 68 184 188 
40 68 184 188 202 
105 128 184 188 205 
105 126 184 188 205 
19 40 108 131 200 
37 59 131 152 200 
64 116 122 180 206 
64 116 122 180 206 
64 73 116 122 180 
47 61 167 177 187 
35 47 167 177 187 
35 47 167 177 187 
35 47 167 177 187 
35 47 167 177 187 
16 33 81 96 149 
28 54 82 84 99 
28 54 82 84 196 
28 48 54 82 84 
10 123 134 143 204 
41 60 113 192 213 
41 109 113 192 213 
5 13 27 65 189 
11 77 135 156 162 
28 54 82 84 99 
28 54 82 84 196 
50 62 76 93 211 
62 76 79 93 211 
7 51 62 88 181 
7 51 62 88 181 
29 96 112 149 190 
14 29 112 149 190 
5 65 70 144 160 
5 65 70 106 160 
5 65 70 144 160 
10 123 134 183 204 
123 134 137 183 204 
87 99 104 174 198 
43 87 99 104 174 
87 99 104 174 198 
52 92 129 135 162 
22 129 140 176 215 
67 78 123 134 204 
25 26 50 191 197 
4 26 69 191 197 
6 109 128 161 214 
6 33 109 161 214 
76 79 164 178 211 
76 79 151 164 178 
76 79 151 164 178 
76 79 151 164 178 
76 79 164 178 211 
5 13 65 70 160 
35 49 85 124 195 
35 47 49 85 124 
35 47 49 85 124 
4 83 119 123 183 
8 72 74 132 146 
6 29 34 69 193 
6 29 34 96 193 
48 63 84 89 127 
28 48 84 89 127 
117 152 157 172 200 
117 152 172 200 208 
48 63 89 127 145 
29 96 112 149 190 
11 77 135 156 162 
11 77 140 156 162 
1 32 115 121 130 
31 43 98 168 185 
28 54 82 174 196 
54 82 90 169 196 
54 67 82 90 196 
71 104 114 118 153 
40 59 131 152 200 
40 59 108 131 200 
40 59 68 108 200 
116 159 166 180 206 
64 116 122 180 206 
51 79 151 164 178 
6 29 34 96 193 
6 29 34 96 193 
52 77 92 135 162 
8 53 72 81 154 
34 69 128 161 205 
34 69 161 197 205 
31 98 158 168 185 
31 98 158 168 185 
41 60 113 173 192 
108 131 152 157 200 
76 79 151 164 178 
76 79 151 164 178 
2 117 152 172 208 
2 37 117 152 208 
64 66 73 155 180 
64 73 122 155 180 
64 73 122 155 180 
28 43 54 99 174 
1 36 86 100 163 
77 114 135 153 162 
111 147 150 170 208 
37 39 55 59 179 
29 53 112 149 190 
9 14 53 149 190 
21 31 102 158 168 
21 97 102 158 168 
26 126 184 197 205 
126 184 197 202 205 
71 104 114 118 153 
35 47 49 85 195 
10 25 119 183 194 
20 63 65 106 160 
20 27 65 106 201 
70 74 94 144 146 
3 44 46 142 175 
3 44 46 142 175 
3 44 46 142 175 
63 78 145 204 212 
48 63 89 145 204 
48 63 78 89 145 
12 90 101 169 196 
12 90 141 169 196 
36 42 75 101 169 
42 75 101 118 169 
12 15 44 171 186 
12 15 101 171 186 
15 44 133 171 175 
12 15 44 171 186 
12 15 101 171 186 
6 34 69 161 205 
34 69 128 161 205 
7 51 57 88 95 
51 57 88 95 151 
51 56 57 88 95 
37 55 59 68 179 
37 55 59 68 179 
42 169 174 196 198 
42 101 169 196 198 
3 76 124 164 178 
3 85 124 164 178 
49 124 151 178 195 
23 49 151 178 195 
23 56 151 178 195 
15 44 46 175 186 
3 44 133 136 175 
44 85 133 136 187 
3 44 133 136 175 
4 34 69 197 205 
105 128 161 205 214 
10 123 134 143 183 
48 84 89 102 127 
23 56 125 151 195 
23 56 125 151 195 
40 108 159 166 188 
40 108 159 166 188 
40 108 159 166 188 
36 42 75 100 163 
7 51 57 88 95 
7 57 80 88 95 
54 82 90 169 196 
54 82 90 169 196 
1 75 100 130 163 
30 109 128 166 214 
12 15 101 141 186 
51 79 151 164 178 
67 78 82 90 141 
67 82 90 141 196 
78 123 137 145 204 
123 137 145 204 212 
78 123 137 145 204 
51 62 79 88 181 
51 62 79 88 181 
51 62 76 79 93 
97 102 127 168 201 
97 102 127 168 201 
40 59 131 152 200 
24 43 139 157 185 
70 74 94 132 146 
9 14 137 190 212 
9 14 137 145 212 
9 14 137 190 212 
58 63 106 145 212 
7 51 57 88 181 
7 51 62 88 181 
18 45 111 165 208 
18 45 111 165 208 
18 45 111 165 208 
51 62 76 79 93 
11 43 87 99 139 
52 140 156 162 176 
1 71 75 100 130 
47 133 167 177 187 
47 133 167 177 187 
47 61 167 177 187 
27 97 102 127 201 
27 97 102 189 201 
30 116 128 166 214 
30 105 116 128 166 
76 107 142 164 211 
9 58 106 144 212 
105 116 159 166 188 
105 116 128 166 188 
2 37 39 59 152 
2 37 39 152 208 
42 71 75 100 130 
13 66 138 155 189 
13 66 138 155 189 
13 66 138 155 189 
13 66 138 155 189 
52 92 103 129 135 
52 92 103 115 135 
52 92 103 115 129 
26 69 126 191 197 
69 126 191 197 205 
123 134 137 183 204 
63 137 145 204 212 
48 63 84 89 127 
76 79 93 107 211 
18 22 45 165 176 
18 22 45 140 165 
68 105 184 188 202 
76 79 124 164 178 
79 151 164 178 195 
104 118 174 196 198 
104 118 174 196 198 
37 55 59 152 200 
2 37 55 59 179 
30 116 122 166 180 
31 98 102 158 168 
31 98 102 158 168 
31 97 102 158 168 
45 111 150 170 208 
61 133 171 177 210 
61 133 171 199 210 
61 133 171 177 210 
64 66 73 155 180 
64 66 138 155 189 
43 87 98 99 174 
11 139 156 157 172 
11 156 157 162 172 
47 110 167 177 187 
120 150 170 182 207 
80 150 170 182 207 
11 77 87 135 153 
28 43 54 99 174 
28 54 99 174 196 
19 21 24 31 185 
19 21 24 31 185 
64 73 155 180 189 
4 69 119 191 197 
35 47 49 85 195 
105 116 159 166 188 
64 97 102 158 189 
51 56 88 95 151 
7 39 62 88 181 
7 39 62 88 181 
6 33 109 213 214 
6 16 33 109 193 
6 33 109 193 214 
49 124 151 178 195 
49 124 151 178 195 
49 124 151 178 195 
52 92 129 135 162 
67 78 134 141 204 
64 116 180 189 206 
64 116 159 180 206 
64 116 159 180 206 
36 86 100 163 199 
37 55 59 91 179 
28 48 54 84 127 
26 91 126 197 202 
26 50 91 93 202 
37 39 55 179 181 
7 39 62 179 181 
22 52 129 176 215 
22 103 129 176 215 
52 103 129 162 176 
52 92 103 129 176 
52 92 103 115 129 
52 92 103 115 129 
20 63 89 145 212 
20 48 63 89 145 
15 44 133 171 175 
15 44 133 171 175 
8 70 74 132 146 
8 72 74 132 146 
18 45 111 165 208 
18 45 111 150 170 
18 45 111 165 170 
80 120 150 182 207 
57 80 120 150 207 
20 27 89 102 201 
20 89 102 127 201 
20 89 102 127 201 
9 14 53 149 190 
105 126 184 202 205 
69 105 126 197 205 
3 76 107 142 211 
30 109 122 213 214 
47 85 124 136 187 
61 86 110 199 210 
61 86 110 199 210 
39 55 62 179 181 
7 39 62 179 181 
55 62 91 179 181 
55 62 91 179 181 
19 40 108 159 188 
28 84 102 127 168 
28 98 102 127 168 
7 51 62 88 181 
7 51 62 88 181 
55 68 91 126 202 
68 91 126 184 202 
41 60 113 173 192 
20 27 65 106 201 
6 16 33 96 193 
64 155 180 189 206 
64 116 180 189 206 
10 46 134 142 143 
10 46 134 142 143 
10 46 134 143 186 
26 50 91 93 211 
26 50 91 93 211 
47 85 133 136 187 
47 85 133 136 187 
11 77 140 156 162 
11 77 139 156 162 
6 33 109 213 214 
105 126 128 184 205 
32 92 114 115 135 
46 134 141 143 186 
46 67 134 141 186 
46 134 141 143 186 
5 13 20 27 65 
4 83 119 183 194 
36 86 100 163 199 
36 86 100 163 210 
54 104 174 196 198 
54 99 174 196 198 
54 99 104 174 198 
117 152 165 172 208 
34 128 161 205 214 
34 69 128 161 205 
55 59 68 152 200 
37 55 59 68 200 
19 24 108 131 157 
19 40 108 131 200 
76 107 142 164 211 
76 107 142 164 211 
76 107 142 164 211 
56 57 88 95 125 
35 47 85 136 187 
55 91 93 179 202 
12 36 42 101 169 
12 36 42 101 171 
9 14 83 190 212 
2 111 147 150 208 
70 74 94 132 146 
70 74 94 132 146 
8 72 74 132 146 
8 72 74 132 146 
18 45 111 150 170 
18 111 150 170 182 
7 51 57 88 181 
7 51 62 88 181 
64 97 155 180 189 
14 29 83 112 190 
35 47 85 124 136 
35 47 49 85 124 
20 89 102 127 201 
20 89 102 127 201 
21 40 108 159 188 
19 21 40 108 159 
21 108 159 166 206 
48 63 78 145 204 
48 67 78 145 204 
48 67 78 145 204 
33 41 109 113 213 
33 41 109 113 213 
3 46 142 143 175 
3 44 46 142 175 
12 36 42 101 169 
12 42 101 118 169 
77 92 114 135 153 
40 108 159 166 188 
19 40 108 159 188 
49 85 124 178 195 
49 85 124 178 195 
23 56 151 178 195 
36 75 86 100 163 
36 86 100 130 163 
10 107 142 143 194 
10 107 142 143 194 
18 45 111 170 182 
18 45 111 150 170 
18 45 150 170 182 
124 151 164 178 195 
56 124 151 178 195 
25 26 50 191 197 
40 108 131 152 200 
40 59 131 152 200 
45 117 140 165 176 
48 63 84 89 127 
12 82 90 169 196 
12 82 90 169 196 
18 150 170 182 207 
20 65 106 144 160 
20 65 106 144 160 
25 26 50 191 197 
25 26 50 191 197 
9 14 53 149 190 
9 14 53 190 212 
20 27 97 102 201 
20 27 97 102 201 
3 46 142 143 175 
28 54 84 99 127 
45 111 150 170 208 
15 44 133 171 175 
15 44 171 175 186 
10 83 119 183 194 
10 119 123 183 194 
11 77 87 139 153 
123 137 145 204 212 
14 137 145 204 212 
66 73 122 155 180 
120 147 150 170 207 
25 26 50 119 191 
10 25 119 183 194 
19 24 40 108 131 
54 67 82 90 196 
62 76 79 93 211 
20 63 89 106 145 
3 44 124 136 175 
26 50 76 93 211 
19 24 131 157 200 
19 24 108 131 157 
2 37 55 59 179 
87 99 104 153 174 
25 50 107 194 211 
4 29 83 112 190 
4 14 29 83 112 
105 128 166 184 188 
14 83 112 183 190 
4 14 83 112 190 
4 14 83 112 190 
28 54 84 98 127 
37 39 55 59 179 
2 37 39 55 179 
2 37 39 55 179 
10 107 142 143 194 
10 25 107 143 194 
57 80 95 120 207 
68 91 126 184 202 
30 105 128 166 214 
8 72 132 146 154 
97 102 158 168 201 
97 102 158 168 201 
36 86 101 171 210 
36 61 86 171 210 
36 61 101 171 210 
46 78 134 141 143 
28 84 98 102 127 
38 60 148 173 192 
38 60 113 173 192 
2 39 111 147 208 
2 7 39 147 181 
3 46 142 143 175 
46 142 143 175 186 
20 65 106 144 160 
140 156 162 165 176 
140 156 162 172 176 
140 156 162 172 176 
16 33 81 96 149 
23 35 49 85 195 
23 35 49 85 195 
31 98 158 168 185 
12 67 82 90 141 
9 53 58 154 203 
9 53 72 154 203 
17 38 60 173 192 
50 76 79 93 211 
78 123 137 145 204 
48 78 137 145 204 
78 123 137 145 204 
19 24 31 131 185 
22 45 140 165 176 
22 45 117 140 165 
20 48 63 89 145 
48 63 78 89 145 
46 142 143 175 186 
131 152 157 172 200 
11 140 156 162 172 
28 54 82 84 196 
36 86 100 163 210 
1 75 100 121 130 
15 36 101 171 210 
21 64 97 158 206 
21 64 158 159 206 
21 64 158 159 206 
17 38 148 173 209 
12 15 101 171 186 
12 67 90 141 169 
1 32 92 115 121 
52 92 103 115 129 
52 92 103 115 129 
40 108 131 152 200 
40 59 108 131 200 
40 108 131 152 200 
46 141 143 175 186 
36 61 86 199 210 
32 52 92 103 115 
32 52 92 103 115 
69 126 191 197 205 
69 126 191 197 205 
51 62 93 179 181 
7 39 88 147 181 
19 21 24 31 185 
19 21 24 31 185 
2 37 39 179 181 
37 39 55 179 181 
21 31 158 159 206 
2 39 111 147 208 
2 111 117 147 208 
47 85 133 136 187 
34 128 161 205 214 
41 60 113 173 192 
8 72 74 132 146 
61 110 133 177 210 
16 33 96 109 113 
42 118 169 196 198 
104 169 174 196 198 
140 156 162 165 172 
48 63 78 145 204 
26 50 91 93 211 
35 47 49 85 195 
35 47 49 85 195 
35 47 167 177 187 
51 62 93 179 181 
51 62 93 179 181 
4 29 34 83 112 
10 46 142 143 175 
3 47 85 124 136 
4 29 34 112 193 
4 29 34 83 112 
1 75 100 130 163 
1 100 121 130 163 
1 100 121 130 163 
78 123 137 145 204 
22 45 140 165 176 
18 22 45 165 176 
61 133 177 199 210 
9 14 53 149 190 
19 21 31 108 159 
3 44 136 142 175 
51 62 79 93 181 
21 64 97 158 206 
57 80 95 125 207 
105 128 166 184 188 
57 80 95 120 207 
57 80 95 120 207 
57 80 88 95 120 
57 80 88 95 120 
61 110 177 199 210 
61 110 177 199 210 
61 110 177 199 210 
23 49 56 178 195 
18 45 111 165 170 
15 46 143 175 186 
71 104 118 174 198 
5 13 27 65 189 
117 140 156 157 172 
19 40 108 131 200 
19 40 108 131 200 
84 102 127 168 201 
35 47 85 136 187 
51 62 79 151 178 
17 66 73 138 155 
40 55 59 68 202 
64 73 122 155 180 
64 73 116 122 180 
10 107 143 183 194 
10 119 143 183 194 
56 57 88 95 125 
30 73 116 122 180 
36 42 100 101 171 
22 103 129 176 215 
17 73 148 173 209 
105 126 128 161 205 
105 126 184 202 205 
5 13 65 138 155 
5 13 65 138 155 
30 116 159 166 206 
9 14 83 112 190 
38 60 113 173 192 
38 60 113 173 192 
21 64 116 159 206 
21 64 158 159 206 
1 32 75 121 130 
97 102 158 168 201 
1 32 115 121 130 
26 91 126 197 202 
15 44 133 171 210 
15 44 133 171 175 
61 133 171 177 210 
19 21 40 108 159 
15 46 134 141 186 
55 68 126 184 202 
68 105 126 184 202 
24 43 98 139 185 
47 136 167 177 187 
47 85 136 167 187 
4 83 119 183 194 
43 87 98 99 139 
23 35 49 85 195 
48 67 78 145 204 
18 150 170 182 207 
1 32 75 121 130 
18 22 45 165 208 
23 56 125 151 195 
23 56 125 151 195 
41 60 113 192 213 
67 78 134 141 186 
67 78 134 141 204 
56 57 88 95 125 
42 71 75 100 118 
1 36 86 100 163 
48 67 82 84 90 
48 67 78 82 84 
57 80 120 150 207 
57 80 120 150 207 
57 80 120 150 207 
25 26 50 93 211 
38 60 148 173 192 
38 60 148 173 192 
38 60 148 173 192 
40 68 108 184 188 
10 46 107 142 143 
55 59 68 179 202 
11 24 156 157 172 
77 87 104 114 153 
56 57 88 95 125 
7 56 57 88 95 
61 133 171 199 210 
61 110 133 199 210 
18 22 45 170 182 
10 107 142 143 194 
76 107 142 143 211 
53 81 149 154 190 
9 53 149 154 190 
50 76 107 142 211 
32 71 92 114 135 
11 52 77 135 162 
52 77 92 135 162 
6 16 33 96 193 
6 16 33 96 193 
28 43 98 168 185 
10 46 142 143 175 
46 107 142 143 175 
19 21 158 159 206 
34 69 161 197 205 
69 126 161 197 205 
10 25 119 183 194 
42 75 101 118 169 
29 81 96 149 193 
29 96 112 149 193 
29 96 112 149 190 
45 111 117 165 208 
45 111 117 165 208 
2 111 117 165 208 
45 111 117 165 208 
70 74 94 144 160 
7 39 57 88 181 
82 90 169 196 198 
20 58 63 106 212 
11 77 140 156 162 
62 79 93 179 181 
37 59 131 152 200 
23 56 151 178 195 
23 49 151 178 195 
61 86 110 199 210 
32 71 92 114 130 
11 77 139 156 162 
61 110 167 177 187 
131 152 156 157 172 
2 37 39 147 179 
47 133 167 177 187 
2 7 37 39 147 
14 83 137 145 212 
11 24 131 139 157 
3 44 136 142 175 
69 126 128 161 205 
3 85 124 164 178 
3 85 124 136 164 
3 85 124 136 164 
76 79 93 164 211 
48 67 78 82 90 
19 21 31 158 168 
10 107 142 143 194 
25 107 142 194 211 
55 62 91 93 179 
6 33 109 193 214 
6 33 109 193 214 
18 22 45 176 215 
40 108 159 166 188 
71 75 104 114 118 
117 140 156 165 172 
19 21 31 158 168 
31 97 102 158 168 
53 81 96 149 154 
46 134 141 143 186 
131 152 157 172 200 
9 14 53 149 190 
61 110 177 199 210 
2 37 59 152 200 
10 123 134 183 194 
17 66 73 148 209 
17 66 73 148 209 
61 110 167 177 187 
22 45 129 176 215 
4 26 69 191 197 
6 109 128 161 214 
6 128 161 205 214 
10 25 107 119 194 
52 129 140 162 176 
117 152 157 165 172 
117 152 165 172 208 
19 21 31 108 158 
36 42 75 100 130 
105 116 128 166 188 
13 27 138 155 189 
117 152 165 172 208 
2 111 117 152 208 
2 111 117 165 208 
61 86 110 199 210 
36 61 171 199 210 
18 150 170 182 207 
18 150 170 182 207 
18 150 170 182 207 
124 151 164 178 195 
44 61 133 177 187 
23 56 80 95 125 
61 133 177 187 210 
131 152 157 172 200 
131 152 157 172 200 
3 44 46 142 175 
3 15 44 46 175 
3 15 44 136 175 
23 49 56 125 195 
12 15 101 171 210 
62 91 93 179 181 
54 104 174 196 198 
54 99 174 196 198 
2 37 59 152 200 
25 26 50 191 197 
15 61 133 171 210 
18 45 150 170 182 
18 45 150 170 182 
7 57 120 147 150 
40 55 59 68 188 
53 72 146 154 203 
21 64 116 159 206 
1 32 115 121 130 
1 32 71 121 130 
1 32 71 121 130 
2 111 117 165 208 
2 111 147 165 208 
21 31 97 158 206 
16 33 41 113 192 
16 33 41 113 192 
16 33 41 109 113 
79 151 164 178 195 
67 78 134 141 186 
32 71 75 114 130 
22 103 129 176 215 
26 50 93 107 211 
50 76 93 107 211 
25 26 50 93 211 
12 90 141 169 186 
62 76 79 93 211 
33 41 109 113 213 
52 103 129 176 215 
15 61 133 171 210 
63 137 145 204 212 
13 20 27 65 201 
50 76 93 107 211 
36 61 86 199 210 
36 61 86 199 210 
36 61 86 199 210 
35 49 85 124 195 
49 85 124 178 195 
52 92 103 115 135 
52 92 103 115 135 
25 26 119 191 194 
18 45 111 170 182 
78 123 134 137 204 
105 116 128 166 188 
22 103 129 176 215 
25 26 50 93 211 
45 111 117 165 208 
45 111 117 165 208 
58 63 137 145 212 
2 111 147 165 208 
45 111 117 165 208 
44 47 133 136 187 
4 25 119 191 197 
4 26 119 191 197 
6 16 33 96 193 
6 16 33 96 193 
105 126 128 161 205 
105 126 128 161 205 
69 105 128 161 205 
28 54 84 99 174 
28 54 99 174 196 
53 72 81 149 154 
12 42 90 101 169 
12 90 101 169 196 
36 61 133 171 210 
30 33 41 109 213 
51 62 88 179 181 
10 46 123 134 143 
10 46 123 134 143 
16 33 96 113 193 
10 25 107 142 194 
4 25 119 191 194 
2 7 37 39 147 
61 110 167 177 187 
76 79 107 164 211 
26 69 126 197 205 
40 55 59 68 200 
40 105 159 166 188 
61 133 167 177 187 
61 133 177 187 210 
17 66 73 148 209 
17 66 73 148 209 
36 61 133 171 210 
36 61 171 199 210 
36 61 171 199 210 
36 61 171 199 210 
23 49 124 178 195 
62 91 93 179 181 
6 16 33 96 193 
6 29 33 96 193 
63 78 137 145 204 
26 91 126 197 205 
40 68 108 184 188 
40 68 105 184 188 
54 169 174 196 198 
57 80 120 182 207 
80 120 150 182 207 
25 50 93 107 211 
64 73 116 122 180 
9 53 81 149 190 
17 38 60 148 173 
11 24 139 157 185 
11 24 139 156 157 
12 15 46 175 186 
23 49 56 125 195 
3 44 85 136 187 
58 106 144 160 212 
46 134 141 143 186 
36 61 133 171 210 
15 61 133 171 210 
48 63 78 145 204 
51 62 79 88 181 
57 80 95 182 207 
57 80 95 120 207 
5 13 66 138 155 
61 110 133 177 187 
57 80 95 120 207 
57 80 95 120 207 
12 15 46 141 186 
23 56 125 151 195 
26 50 91 93 211 
51 62 88 93 181 
3 15 44 136 175 
105 128 161 205 214 
83 123 137 183 204 
10 123 134 183 194 
30 105 128 166 214 
36 61 86 199 210 
36 61 86 199 210 
17 38 148 173 192 
68 105 184 188 202 
30 116 122 166 180 
30 116 122 166 180 
30 73 116 122 180 
3 44 133 136 175 
33 41 109 113 213 
38 60 113 173 192 
47 133 167 177 187 
9 14 137 145 212 
9 58 137 145 212 
19 21 31 158 168 
116 159 166 188 206 
4 83 119 183 191 
12 90 101 141 169 
31 98 158 168 185 
22 45 140 165 176 
131 152 157 172 200 
131 152 157 172 200 
40 55 59 68 200 
15 44 46 175 186 
4 69 119 191 197 
4 25 119 191 194 
4 26 69 191 197 
70 74 94 144 160 
80 150 170 182 207 
3 79 124 164 178 
7 51 57 88 181 
10 123 143 183 194 
3 76 107 142 164 
1 32 92 115 121 
35 49 85 124 195 
35 49 85 124 195 
32 52 92 103 115 
64 97 155 180 189 
36 42 75 101 169 
26 91 126 197 202 
23 56 151 178 195 
3 76 124 142 164 
83 123 137 183 204 
7 39 57 120 147 
17 38 60 173 192 
35 47 85 167 187 
131 152 157 172 200 
57 80 95 120 207 
2 39 111 147 208 
14 83 123 137 183 
12 90 101 141 169 
2 111 147 150 208 
6 109 128 161 214 
41 60 113 173 192 
3 85 124 136 164 
3 76 107 142 164 
12 36 42 101 169 
18 150 170 182 207 
80 150 170 182 207 
8 53 72 81 154 
19 24 40 108 131 
64 73 116 122 180 
45 117 165 172 208 
64 116 159 180 206 
54 169 174 196 198 
8 53 72 81 154 
6 29 33 34 193 
34 69 161 197 205 
51 62 76 79 211 
10 107 142 143 194 
28 43 98 99 168 
18 45 111 150 170 
117 152 156 157 172 
52 77 135 153 162 
32 92 103 115 121 
117 152 165 172 208 
42 118 169 196 198 
55 68 126 184 202 
44 85 133 136 187 
21 108 159 166 188 
35 49 85 124 195 
11 24 131 156 157 
11 24 139 156 157 
11 24 131 139 157 
73 116 122 180 209 
40 55 59 68 200 
29 96 112 149 190 
4 26 69 191 197 
33 41 109 113 213 
39 62 93 179 181 
50 62 91 93 211 
62 76 79 93 211 
71 104 114 118 153 
32 71 114 130 153 
45 111 117 165 208 
124 151 164 178 195 
11 24 139 156 157 
25 50 119 191 194 
11 139 156 157 172 
53 81 149 154 203 
54 82 84 90 196 
50 62 91 93 211 
52 77 92 135 162 
49 85 124 178 195 
73 116 122 180 209 
35 47 85 167 187 
35 47 85 167 187 
17 38 60 148 173 
61 110 177 199 210 
17 38 66 148 173 
8 72 74 132 146 
56 57 80 95 125 
8 72 74 132 146 
67 78 134 145 204 
23 56 57 95 125 
48 63 78 84 89 
61 110 177 199 210 
9 53 72 154 203 
5 13 65 70 138 
5 13 138 155 189 
9 53 72 154 203 
5 13 66 138 155 
80 150 170 182 207 
70 74 94 144 160 
13 27 138 155 189 
5 13 138 155 189 
13 27 138 155 189 
64 66 73 155 180 
13 27 138 155 189 
73 116 122 180 209 
64 73 155 180 189 
13 64 138 155 189 
13 27 138 155 189 
11 43 87 139 185 
14 29 112 149 190 
30 116 122 166 180 
20 58 106 144 160 
14 83 112 149 190 
18 150 170 182 207 
27 97 102 127 201 
27 97 102 127 201 
20 63 106 145 212 
20 63 106 145 212 
52 92 103 115 129 
58 63 137 145 212 
56 57 80 95 125 
50 76 79 107 211 
105 116 159 166 188 
1 32 115 121 130 
1 32 92 115 121 
28 84 89 102 127 
36 42 75 100 101 
78 123 134 145 204 
28 84 98 127 168 
80 150 170 182 207 
12 67 82 90 141 
50 76 93 107 211 
50 76 93 107 211 
3 44 133 136 175 
51 56 57 88 95 
1 32 115 121 130 
36 86 163 199 210 
36 61 86 199 210 
23 56 95 125 151 
32 52 92 103 115 
32 52 92 103 115 
32 52 92 103 115 
32 52 92 103 115 
32 52 92 103 115 
61 110 167 177 187 
32 92 103 115 121 
32 52 92 103 115 
32 52 92 103 115 
23 56 95 125 195 
32 52 92 103 115 
32 52 92 103 115 
23 56 95 125 151 
32 52 92 103 115 
32 52 92 103 115 
32 52 92 103 115 
32 52 92 103 115 
23 35 49 85 195 
32 52 92 103 115 
32 52 92 103 115 
23 35 49 85 195 
35 47 167 177 187 
32 52 92 103 115 
22 103 129 176 215 
1 32 92 115 121 
32 52 92 103 115 
1 32 92 115 121 
1 32 92 115 121 
23 35 49 85 195 
23 35 49 85 195 
32 52 92 103 115 
32 52 92 103 115 
32 52 92 103 115 
32 52 92 103 115 
32 52 92 103 115 
52 103 129 176 215 
32 52 92 103 115 
23 35 49 85 195 
32 52 92 103 115 
1 32 92 115 121 
32 92 103 115 121 
52 92 103 115 129 
32 52 92 103 115 
32 52 92 103 115 
32 92 103 115 121 
1 32 92 115 121 
52 92 103 115 129 
1 32 92 115 121 
32 92 103 115 121 
32 92 103 115 121 
32 92 103 115 121 
32 92 103 115 121 
