108.721939 106.918182 59.625847 58.428188 95.672501 
52.597195 69.422890 83.170502 66.865929 80.804489 
107.835205 94.932526 99.015747 84.083580 90.821960 
95.457848 61.888748 77.891411 89.425934 97.395004 
64.944946 59.795395 66.441353 103.532906 115.032127 
81.546951 64.315132 62.120148 54.015877 73.465637 
73.240051 65.370728 59.702869 65.317352 80.984161 
71.964821 128.816925 59.544697 93.182732 107.668617 
86.131393 66.264809 74.600883 86.046135 56.343697 
93.102226 78.877266 54.202187 77.798660 54.451218 
75.338242 83.478905 67.862915 87.514847 86.458405 
73.696098 57.855560 102.393105 63.392082 91.695190 
64.944946 92.413651 77.738266 59.596931 84.157333 
86.131401 60.790092 86.284431 79.378845 53.628258 
72.196808 104.507423 58.322258 77.494164 74.907364 
60.949947 99.212349 65.625916 91.954247 107.267288 
69.122993 79.816048 57.904228 78.662476 89.503624 
89.115784 75.483261 136.858093 76.350166 66.054977 
77.695251 82.430450 83.736572 62.293190 89.289230 
62.675369 98.510834 65.375755 61.309158 70.264450 
77.695251 78.443710 57.988548 56.500328 56.500313 
89.115784 82.222694 83.590126 63.642483 62.621208 
85.521896 61.041798 69.900299 116.442566 79.734528 
82.430450 81.308754 75.587471 69.610123 63.437050 
56.564964 85.620712 80.631096 65.822014 66.086212 
92.786896 56.296478 88.109215 62.009254 64.790070 
92.413643 90.515030 66.973434 51.948296 63.393639 
92.262207 66.346474 68.749199 77.243011 70.363670 
77.174973 72.885376 50.281620 84.365471 61.604279 
80.641296 74.350426 83.734253 84.946632 82.372955 
83.736565 78.443710 58.107601 67.520775 76.553429 
99.637657 59.727127 78.947006 92.783821 96.614609 
81.546951 60.949944 69.961082 90.489357 86.343536 
64.315132 77.174973 60.835484 60.404640 62.786003 
76.830269 104.192162 89.537918 133.753036 134.861328 
105.161583 96.109123 76.564034 106.709175 98.997841 
52.597195 70.490913 93.115929 91.110092 94.929558 
69.122986 78.740059 103.990700 65.572098 108.808205 
69.422890 73.240051 70.490913 70.848450 80.690720 
88.880402 72.586891 58.183537 71.966774 89.587891 
96.572830 105.994865 55.215370 60.725029 57.537579 
84.159538 60.357224 84.700577 64.492752 99.480911 
84.757545 53.046402 58.204803 60.507473 66.122276 
72.196808 83.516571 88.855629 95.824715 55.182800 
75.483253 82.222694 98.068710 72.385803 91.631447 
93.829010 94.122917 63.981529 63.976727 66.380096 
76.830261 84.491814 101.436943 88.998268 58.031052 
95.890221 86.916824 62.931625 61.469757 85.762428 
85.521896 104.192162 112.887100 126.621284 67.629227 
56.564964 56.296474 85.001564 82.830490 64.375717 
88.839722 72.584305 84.367126 65.758492 99.902351 
89.071075 67.355019 90.494171 68.957573 78.987724 
66.264809 76.218979 59.425743 60.065948 60.605034 
66.346474 75.911530 68.454071 60.504997 65.217361 
66.653702 67.656273 82.611862 53.376610 67.492088 
61.041798 95.214355 61.625656 75.607285 94.088608 
65.370720 60.294895 77.044189 64.155609 84.039032 
74.600876 77.680267 104.922302 98.008598 59.981934 
93.115936 88.880409 66.653709 64.887955 83.990005 
78.740067 96.572830 61.455811 84.424118 56.339226 
67.532478 74.606873 60.624783 81.366165 60.283157 
88.839722 91.989799 60.571320 102.754715 71.423111 
62.675369 61.986244 67.973526 60.126518 87.048309 
70.995132 89.351334 60.863556 69.252029 64.823395 
59.795395 77.738258 90.515038 89.134125 76.305061 
79.816055 86.241898 64.768890 60.450317 101.088882 
101.380951 68.393005 67.137566 72.154297 72.917870 
72.586891 67.656273 64.887955 64.316872 60.972042 
61.888741 60.835484 81.591797 76.807564 88.173424 
66.441353 89.134125 71.117043 81.947136 65.856400 
99.637650 58.412445 59.148674 65.606888 79.515320 
71.964821 102.898346 93.418404 74.843773 118.130768 
86.241898 84.385742 90.420578 69.389351 84.168541 
71.117043 69.711288 69.272232 77.974533 126.794586 
84.159538 58.412445 91.765579 63.049255 58.192146 
59.714127 80.139526 107.253082 56.801010 59.405243 
75.338242 90.009171 75.247589 61.570831 108.066963 
86.916817 68.392998 90.399719 87.135864 61.405525 
72.584297 59.714127 88.683968 70.210648 87.427132 
88.661392 95.036835 110.944603 113.378494 68.141037 
99.212341 76.218979 64.162399 67.988968 54.653946 
75.911530 67.137573 93.851410 61.587677 61.894997 
60.790092 82.161232 86.402641 89.671356 73.897842 
68.749199 62.931625 89.086975 89.611290 56.589626 
89.537910 84.491814 112.887108 72.613472 68.778946 
96.109116 120.353043 103.010017 80.761322 102.152046 
83.478905 84.757538 77.803452 81.930206 69.569702 
59.702869 84.367126 60.294891 102.624229 87.734535 
65.375755 61.469757 61.986244 58.774338 83.193283 
73.696098 72.154297 61.587677 70.279823 63.238289 
88.109215 82.611870 79.409454 90.672737 66.409966 
59.727127 98.399597 115.996552 63.757248 69.357407 
98.572678 85.001556 60.571316 79.409454 70.126831 
81.947136 69.711296 81.306137 92.018738 117.341827 
95.214355 77.044189 95.036835 105.441063 84.644814 
65.625916 72.885376 64.162399 72.763489 78.050797 
66.973434 70.995132 70.706131 56.039970 79.480469 
77.243011 53.046402 87.087822 67.919823 53.736206 
70.363678 58.204803 68.454071 85.009605 57.880531 
106.918198 76.564034 91.765579 86.780190 60.791779 
57.855560 106.709175 60.357224 62.673607 97.522308 
96.242996 70.706131 61.547504 79.113678 55.537075 
89.071083 119.004936 96.573723 66.507423 121.003693 
77.803444 73.299515 79.001137 62.111633 57.388264 
58.760899 73.634369 63.934486 67.006226 65.437508 
61.309158 77.680267 67.973526 83.577866 66.652527 
85.620712 86.236839 80.139526 63.358730 72.350464 
62.293190 58.183533 90.272102 95.745934 93.545204 
83.479477 80.641296 69.961082 56.240623 61.270752 
67.532471 113.208664 61.158138 85.169899 109.674210 
83.170502 61.002617 68.242508 97.965073 62.734993 
86.284431 50.281620 82.161232 89.876556 71.496696 
91.954247 90.489365 55.215370 61.455807 59.598808 
78.947006 59.148670 101.369781 97.147339 60.144669 
92.783806 126.711258 63.757244 96.573723 107.611816 
75.019455 72.707352 74.431534 67.090210 78.689240 
106.547028 84.690765 50.293938 57.822731 65.467407 
84.700577 65.606888 63.049255 73.299522 65.089890 
77.891411 80.631096 62.495338 70.316681 61.101791 
65.317352 64.155609 70.903351 58.417618 60.655678 
59.625843 106.054207 136.289795 107.611809 103.656151 
74.350426 84.385742 75.019455 125.732437 69.777618 
86.402641 85.981277 67.082695 60.119370 68.473213 
94.932526 72.613480 83.272949 68.909897 88.833206 
69.900299 61.625656 84.644806 137.232941 133.436218 
94.723305 62.375778 79.951508 66.587128 59.850033 
85.762428 56.589626 58.774338 61.547504 84.574570 
58.760895 56.114944 82.546616 71.385445 53.405800 
83.590126 67.355019 66.507423 60.967583 57.585243 
58.428192 79.515320 58.192150 86.780190 103.656151 
89.289238 81.308754 90.272095 71.308716 64.690964 
59.544693 102.898346 69.272232 130.708969 64.355858 
83.516571 74.606865 88.536194 83.025078 82.711815 
78.877258 90.399712 85.981277 87.639648 78.148972 
96.614609 90.494171 75.247581 69.357407 94.730927 
99.015747 88.855637 68.778946 99.021866 82.911926 
79.378845 67.082703 57.545025 60.969780 70.362968 
103.532898 59.596928 64.768890 60.415276 112.252869 
67.862923 75.587471 60.507473 81.930206 63.204773 
69.369659 73.913132 70.872505 90.942970 64.038254 
72.917862 95.800491 81.191772 87.639648 71.176155 
84.083572 94.122925 63.358727 77.702805 104.668358 
54.202183 63.981529 78.148972 77.702805 102.136581 
104.922295 93.448036 81.306137 83.577858 62.420391 
60.126518 87.135864 57.545025 59.066765 51.587326 
93.182732 93.418396 77.974533 92.018738 64.355865 
66.865929 70.848450 61.002617 70.903351 69.016068 
57.904228 103.990715 57.098961 123.942429 56.767349 
84.365479 59.425747 67.988968 72.763489 58.906544 
68.242508 58.417618 69.016068 64.585968 61.922390 
65.758492 75.607285 88.683960 56.650814 82.810326 
91.110100 84.690750 96.448059 86.561386 58.943497 
61.570835 69.569702 79.001137 60.144669 94.730927 
60.065948 74.843773 54.653946 96.219421 80.327682 
96.274399 60.450317 90.420578 60.415276 84.937080 
87.514854 69.369659 90.371552 69.198639 77.291557 
86.458405 69.610130 71.308716 90.371552 85.607239 
57.988548 58.107605 88.893532 70.477409 79.649094 
56.500328 95.745941 72.707352 76.080276 62.573959 
101.325409 76.305054 65.856392 66.652527 62.420391 
62.120148 60.404640 81.591797 56.114944 59.582191 
68.957573 104.883873 73.913132 69.198639 77.189484 
95.672516 120.716309 103.010017 60.791779 105.230301 
90.821953 56.801010 70.210648 83.272942 69.493912 
72.385811 50.293938 70.872505 90.765999 64.657051 
73.634369 74.431541 82.546616 76.080276 77.292381 
88.998276 124.300522 113.208664 70.211220 90.733719 
67.520775 67.919823 79.113678 70.477409 90.076347 
63.392082 64.492752 70.279823 62.673607 75.462082 
76.350166 97.965073 64.585968 59.257683 89.599121 
58.322258 95.824715 97.522308 88.536194 93.994370 
57.822731 86.561378 77.291557 85.607231 90.765999 
78.662476 65.572098 84.424126 57.098961 72.277145 
60.505005 95.282234 57.880527 62.111633 64.749687 
77.494164 55.182804 63.976730 104.668365 85.906967 
63.642487 78.987717 60.967587 64.038254 77.189491 
60.624779 61.158142 83.025078 70.211220 81.654160 
89.847496 68.909897 56.650818 69.493912 60.762875 
94.929565 100.556129 53.376610 90.672737 93.874649 
60.863556 69.389351 67.090202 69.777618 91.186241 
80.984161 80.690720 71.423111 87.734535 93.874649 
66.054977 113.378479 106.761574 59.257683 89.576645 
77.798660 73.897842 62.495338 60.119366 63.220215 
64.316864 63.934494 62.375778 64.503464 55.019234 
63.437042 76.553429 66.122276 53.736206 63.204773 
91.695190 74.907364 66.380096 71.176155 85.906967 
58.031052 82.711807 82.911926 90.733719 81.654160 
71.966774 88.081833 67.006226 77.292381 64.503464 
84.157333 51.948296 69.252029 56.039970 84.937073 
86.046135 53.628258 86.058678 71.496696 58.906548 
65.822014 62.009258 82.830490 70.316681 59.079155 
108.808197 60.725029 56.339222 59.598804 72.277145 
54.015877 61.604286 86.343536 62.786007 78.050797 
54.451221 66.086212 61.101791 102.136581 63.220215 
79.734528 67.629227 88.833206 82.810326 60.762871 
65.217361 61.894997 63.238289 75.462082 77.494659 
64.790070 76.807564 79.951500 59.079155 86.254471 
57.388260 65.089882 86.069450 64.749687 77.494659 
81.366165 80.761314 85.169907 113.444290 70.493439 
89.587891 83.989998 93.545212 64.690964 58.943497 
70.264450 63.393639 83.193283 79.480469 55.537071 
67.492081 60.972042 66.409966 66.587128 55.019238 
56.343697 60.605034 98.008598 118.130768 80.327682 
61.405525 68.473213 95.598801 60.969784 59.066765 
65.437508 59.850029 71.385445 82.163452 86.254478 
56.500313 64.823395 78.689240 79.649094 62.573959 
84.039032 68.141037 60.655678 61.922390 89.576645 
80.804489 91.631447 62.734989 65.467415 64.657051 
89.503616 101.088898 84.168549 56.767349 113.797668 
98.997833 60.283154 102.152046 93.994370 70.493446 
64.375725 59.405247 87.427132 70.126823 72.350464 
87.959641 59.981934 87.048309 70.362968 51.587326 
84.946640 94.463257 57.537579 56.240623 95.134071 
73.465637 82.372955 61.270752 53.405804 59.582191 
62.621212 124.191383 121.003693 57.585236 82.092079 
