0
3
6
9
12
13
16
19
20
23
26
29
34
35
40
43
46
49
52
55
58
61
66
69
72
75
80
83
89
92
95
98
102
104
109
114
118
120
123
127
133
137
141
144
157
160
164
166
173
177
181
188
191
194
197
201
204
207
210
213
216
219
225
227
230
233
236
242
248
257
259
262
268
274
277
280
297
306
313
314
320
321
324
330
335
340
341
346
348
353
360
372
378
381
382
386
389
394
400
404
408
412
415
417
425
433
435
440
443
450
462
475
483
486
492
503
512
521
525
530
534
552
563
568
582
589
592
595
605
610
615
619
626
635
638
657
662
665
670
685
697
700
703
706
716
728
747
750
764
785
810
821
828
838
847
881
896
906
918
927
936
941
948
951
966
969
990
1034
1053
1060
1066
1074
1086
1095
1116
1143
1146
1168
1199
1204
1213
1214
1260
1266
1291
1301
1304
1312
1328
1338
1346
1350
1435
1465
1496
1514
1567
1578
1655
1755
1768
1807
1832
1902
1942
1950
1984
2023
2070
2089
2139
2155
2172
2285
2420
