1
2
3
4
5
6
7
8
9
17
18
19
41
42
43
50
51
52
62
63
64
65
66
67
68
69
87
88
89
99
100
101
110
111
112
115
116
117
118
119
120
124
125
126
127
138
139
140
141
145
146
147
158
159
160
164
165
166
170
171
172
173
174
175
181
182
183
186
189
190
191
202
203
204
205
206
207
217
218
219
220
221
222
223
224
240
241
242
248
260
261
262
278
279
280
281
282
283
284
285
286
287
288
289
290
291
292
295
296
297
298
299
300
301
302
303
304
305
310
311
312
313
314
315
316
317
336
337
338
341
345
346
347
368
369
370
372
373
374
375
383
384
385
405
406
407
408
409
410
416
417
419
420
421
422
429
430
431
451
452
457
458
459
463
464
465
467
468
486
487
488
489
490
493
494
495
499
500
509
510
511
512
513
514
515
516
517
520
521
522
523
529
530
531
532
535
536
537
538
539
540
542
543
544
550
562
563
567
568
569
570
571
572
573
579
580
582
583
584
587
588
589
599
600
601
606
607
608
609
610
611
612
613
625
626
627
628
629
631
632
633
634
635
639
640
641
642
643
644
645
654
655
656
657
658
659
660
664
665
676
677
678
682
683
686
687
688
691
692
693
694
695
696
699
700
714
715
716
720
721
724
725
726
727
728
733
734
735
739
742
747
748
749
757
760
761
773
774
775
785
786
787
788
789
790
791
792
795
796
797
804
805
806
810
811
812
815
817
818
819
821
825
826
827
828
829
830
833
834
843
845
846
847
852
853
854
855
858
865
866
867
878
879
881
882
883
884
885
886
889
892
893
900
901
908
909
910
914
915
922
923
924
942
943
944
947
948
949
952
953
954
955
962
963
966
967
976
977
978
979
991
992
993
994
999
1000
1001
1005
1006
1007
1008
1009
1013
1014
1015
1016
1017
1018
1019
1020
1021
1027
1041
1042
1043
1046
1047
1053
1061
1062
1063
1064
1065
1066
1067
1068
1069
1074
1075
1076
1077
1079
1090
1091
1094
1099
1100
1101
1102
1104
1105
1106
1113
1114
1115
1117
1118
1119
1120
1121
1122
1123
1124
1125
1126
1133
1134
1135
1136
1140
1141
1142
1143
1144
1145
1146
1147
1148
1154
1155
1156
1158
1159
1160
1161
1162
1163
1164
1165
1168
1169
1170
1171
1172
1173
1174
1175
1176
1177
1178
1179
1181
1182
1193
1194
1195
1202
1206
1207
1210
1212
1213
1214
1215
1216
1217
1220
1222
1223
1224
1236
1237
1238
1241
1242
1246
1247
1251
1252
1253
1254
1255
1256
1264
1270
1271
1272
1273
1275
1276
1277
1278
1280
1281
1285
1295
1305
1306
1307
1308
1309
1310
1311
1314
1318
1319
1322
1323
1331
1332
1336
1337
1355
1356
1366
1367
1368
1369
1370
1379
1384
1385
1396
1397
1403
1404
1405
1406
1407
1409
1410
1411
1422
1423
1424
1429
1435
1438
1446
1447
1448
1449
1454
1455
1456
1464
1465
1470
1472
1478
1479
1480
1481
1482
1483
1484
1487
1488
1489
1494
1495
1496
1497
1498
1500
1501
1502
1507
1508
1512
1513
1514
1517
1520
1526
1527
1528
1538
1539
1540
1541
1542
1543
1545
1546
1547
1548
1549
1558
1559
1560
1565
1566
1567
1574
1575
1577
1578
1587
1588
1589
1590
1595
1596
1597
1598
1599
1606
1609
1610
1611
1615
1616
1617
1618
1623
1628
1629
1630
1631
1632
1633
1634
1635
1638
1639
1642
1643
1644
1645
1646
1655
1656
1657
1658
1659
1665
1666
1679
1680
1681
1682
1685
1691
1692
1696
1705
1706
1707
1709
1710
1712
1717
1718
1719
1720
1723
1724
1736
1737
1738
1739
1742
1743
1744
1745
1746
1749
1750
1751
1752
1753
1757
1761
1772
1773
1774
1781
1786
1788
1803
1804
1807
1813
1814
1815
1820
1821
1825
1826
1827
1829
1830
1841
1842
1847
1849
1850
1851
1856
1858
1859
1860
1865
1866
1867
1870
1871
1874
1877
1878
1879
1883
1887
1890
1891
1892
1893
1894
1897
1900
1901
1902
1904
1905
1906
1909
1910
1912
1914
1915
1916
1917
1918
1919
1920
1921
1922
1924
1926
1930
1931
1938
1940
1941
1953
1955
1957
1958
1959
1965
1966
1969
1971
1972
1973
1974
1975
1979
1980
1981
1984
1985
1986
1995
1996
1997
1998
1999
2000
2006
2007
2008
2018
2022
2023
2024
2025
2027
2030
2031
2033
2034
2035
2036
2037
2038
2040
2041
2042
2045
2047
2048
2049
2050
2058
2060
2061
2068
2073
2074
2079
2080
2081
2083
2086
2087
2088
2089
2090
2091
2092
2093
2094
2095
2096
2097
2100
2101
2102
2103
2104
2110
2111
2112
2113
2117
2118
2119
2120
2121
2126
2128
2129
2134
2136
2137
2141
2142
2143
2144
2145
2146
2147
2149
2152
2154
2155
2157
2158
2159
2170
2172
2174
2180
2181
2182
2186
2187
2190
2191
2192
2193
2194
2203
2204
2212
2213
2216
2217
2219
2220
2221
2223
2224
2225
2227
2229
2230
2235
2236
2242
2245
2253
2257
2262
2263
2264
2266
2267
2268
2269
2270
2272
2274
2275
2277
2279
2281
2282
2285
2288
2289
2290
2291
2292
2296
2302
2305
2307
2308
2309
2310
2312
2314
2323
2325
2326
2327
2328
2329
2336
2337
2339
2340
2342
2345
2348
2350
2356
2372
2377
2379
2382
2383
2385
2388
2392
2393
2394
2395
2396
2397
2398
2399
2400
2401
2402
2403
2404
2405
2406
2407
2408
2409
2410
2411
2412
2413
2414
2415
2416
2417
2418
2419
2420
2421
2422
2423
2424
2425
2426
2427
2428
2429
2430
2431
2432
2433
2434
2435
2436
2437
2438
2439
2440
2441
2442
2443
2444
2445
2446
2447
2448
2449
