-0.102452 -0.511361 -0.103888
-0.096082 -0.530396 -0.110161
-0.111338 -0.528038 -0.102005
0.182020 -0.340811 0.061126
0.197398 -0.351745 0.052537
0.196887 -0.328408 0.049907
-0.103509 -0.323078 0.142759
-0.122641 -0.317327 0.148061
-0.117281 -0.335799 0.149780
0.110387 -0.393715 0.131248
0.118081 -0.389582 0.108674
0.111975 -0.378377 0.121985
-0.178364 -0.313704 0.060789
-0.162881 -0.302184 0.067916
-0.180102 -0.294157 0.058567
0.174971 -0.519713 0.009357
0.188935 -0.522901 0.016970
0.171342 -0.534536 0.025722
0.161072 -0.485529 -0.067260
0.159822 -0.464892 -0.070833
0.165855 -0.473024 -0.050591
0.165153 -0.449291 -0.054082
0.158725 -0.447399 -0.074756
0.007736 -0.516469 0.166681
0.013622 -0.524693 0.153319
0.010669 -0.504953 0.154346
0.118611 -0.371527 0.109114
0.119320 -0.353264 0.109785
0.112546 -0.362598 0.123795
-0.011688 -0.468628 -0.124517
0.008194 -0.481296 -0.124991
-0.011899 -0.489127 -0.124068
-0.116089 -0.530775 0.169883
-0.119084 -0.506528 0.167767
-0.138989 -0.529549 0.161674
-0.179100 -0.422352 0.000458
-0.179920 -0.439283 -0.008804
-0.173266 -0.446739 0.005334
0.179538 -0.312534 0.061022
0.170062 -0.291261 0.067644
0.161116 -0.308896 0.077255
0.134576 -0.341921 0.100374
0.119724 -0.335339 0.110531
0.129651 -0.394528 0.099732
0.128112 -0.378876 0.101840
-0.167720 -0.352615 -0.067818
-0.178045 -0.343800 -0.053045
-0.167747 -0.331271 -0.066633
-0.154308 -0.339736 -0.080649
-0.125276 -0.336963 0.091899
-0.138156 -0.330923 0.087938
-0.137149 -0.348479 0.088107
0.183260 -0.454468 0.000985
0.194327 -0.471561 0.002522
0.176480 -0.471462 -0.001531
-0.137089 -0.506895 0.136558
-0.130233 -0.492519 0.129413
-0.126904 -0.510647 0.127276
0.209108 -0.452522 0.030953
0.214978 -0.469675 0.024349
0.224546 -0.452904 0.020010
-0.039525 -0.510032 0.181438
-0.045198 -0.512871 0.156889
-0.045521 -0.519252 0.168258
0.064158 -0.387344 0.141453
0.059922 -0.366286 0.135898
0.043201 -0.381793 0.129238
-0.150778 -0.287770 0.078266
0.081340 -0.453861 -0.134719
0.079991 -0.434763 -0.144605
0.082141 -0.429328 -0.129672
0.035041 -0.475992 0.133481
0.047854 -0.487979 0.134293
0.059245 -0.468533 0.138626
0.115514 -0.446818 0.155354
0.115522 -0.424431 0.158257
0.113999 -0.439845 0.178164
-0.190901 -0.465643 0.074651
-0.207164 -0.488727 0.072376
-0.184732 -0.488877 0.077079
0.075588 -0.289948 0.156098
0.076244 -0.305966 0.160241
0.085676 -0.293704 0.171200
0.066703 -0.301934 0.142379
0.068738 -0.318914 0.147923
-0.135151 -0.495867 0.161122
-0.117092 -0.482422 0.165417
-0.131635 -0.470895 0.161212
-0.129792 -0.317117 0.090139
-0.081834 -0.404755 -0.129124
-0.062498 -0.416255 -0.133897
-0.078925 -0.430208 -0.129470
-0.123552 -0.409476 -0.097265
-0.110852 -0.425380 -0.105168
-0.128421 -0.430930 -0.091766
-0.023949 -0.290300 0.159799
-0.009233 -0.276373 0.157748
-0.029448 -0.271553 0.158190
0.010709 -0.281361 0.148087
-0.004536 -0.296326 0.155358
-0.097886 -0.530423 0.145383
-0.102075 -0.513059 0.163361
-0.102200 -0.533161 0.164318
0.075119 -0.380488 0.171681
0.070221 -0.373083 0.154578
0.071030 -0.390750 0.157840
0.076444 -0.357426 0.170153
-0.194931 -0.428520 0.022893
-0.199935 -0.450784 0.021708
-0.211599 -0.438565 0.017481
0.053486 -0.341975 -0.138764
0.039012 -0.342700 -0.125098
0.045525 -0.325599 -0.125184
0.114762 -0.403379 0.152522
0.109101 -0.416178 0.134700
0.160376 -0.376057 0.085298
0.175149 -0.379431 0.070771
0.169930 -0.357110 0.073157
-0.026817 -0.453174 -0.127323
-0.035785 -0.475813 -0.128631
0.021551 -0.349791 0.138618
0.032188 -0.330824 0.131928
0.013532 -0.328085 0.144363
0.104702 -0.532103 0.143085
0.100769 -0.518513 0.119101
0.105549 -0.508410 0.139355
-0.105362 -0.444861 0.159851
-0.121865 -0.427854 0.160463
-0.127092 -0.449190 0.161928
-0.179861 -0.510352 0.025478
0.116001 -0.408543 0.169213
0.115521 -0.392095 0.170097
0.106429 -0.401175 0.183113
0.110852 -0.429713 0.113628
0.109282 -0.436245 0.136550
0.107676 -0.446907 0.116512
-0.122918 -0.356902 0.091800
0.034919 -0.473797 -0.145224
0.040856 -0.452612 -0.149207
0.042918 -0.461033 -0.160249
0.084764 -0.489196 0.195628
0.102211 -0.500640 0.196772
0.101745 -0.477186 0.194941
-0.174202 -0.461727 -0.057804
-0.162180 -0.468015 -0.067331
-0.169819 -0.480975 -0.060554
-0.189118 -0.318857 0.000145
-0.189004 -0.328501 -0.018412
-0.188271 -0.341630 -0.002009
0.082321 -0.540638 -0.140290
0.083408 -0.528174 -0.121514
-0.069711 -0.328156 -0.132416
-0.079922 -0.310244 -0.128003
0.112860 -0.354672 0.141474
0.111421 -0.373025 0.137563
0.062445 -0.346012 0.137848
0.050279 -0.333285 0.128883
0.049110 -0.351560 0.129591
-0.193681 -0.527353 0.080932
0.151081 -0.477515 -0.086405
0.168643 -0.487534 -0.008811
0.169410 -0.505985 -0.024319
0.166156 -0.482448 -0.029786
0.204137 -0.418759 0.048203
0.209330 -0.418563 0.025308
0.207970 -0.400931 0.038108
-0.033940 -0.488107 0.182408
-0.022457 -0.501298 0.186237
-0.048861 -0.387968 -0.133663
-0.028808 -0.394538 -0.129880
-0.045542 -0.405857 -0.132852
-0.011204 -0.400787 -0.126216
-0.011124 -0.381835 -0.127345
0.023878 -0.533947 -0.151419
0.034899 -0.545727 -0.166478
0.017850 -0.559611 -0.148950
-0.214284 -0.509118 0.041810
-0.210878 -0.524067 0.042743
-0.184050 -0.453666 -0.042346
-0.174736 -0.441426 -0.055844
-0.184440 -0.413451 0.018976
-0.181977 -0.435818 0.020648
0.182288 -0.345109 -0.014630
0.180841 -0.321585 -0.018278
0.190329 -0.325569 -0.001698
-0.096991 -0.417848 -0.117267
-0.109476 -0.408630 -0.107112
0.053630 -0.279847 0.133057
-0.094040 -0.345176 -0.122324
-0.107068 -0.352872 -0.113376
-0.104180 -0.333049 -0.116524
0.052521 -0.357952 -0.148645
0.048089 -0.359295 -0.131925
0.120806 -0.440765 0.101922
0.115310 -0.460061 0.104085
-0.065750 -0.548426 -0.121535
-0.081923 -0.534480 -0.118758
-0.065842 -0.526748 -0.125344
0.172683 -0.418184 0.077152
0.188320 -0.419097 0.062396
0.180660 -0.399828 0.066769
-0.044434 -0.492722 0.163678
-0.046286 -0.477682 0.145596
-0.048138 -0.499018 0.142099
0.133408 -0.321247 0.101341
0.209914 -0.319563 0.033348
0.208901 -0.343905 0.038269
-0.049973 -0.327508 -0.137824
-0.058164 -0.346620 -0.135667
-0.066107 -0.405516 0.126469
-0.047568 -0.408097 0.139983
-0.053259 -0.384487 0.130028
0.189344 -0.509667 0.001898
0.173006 -0.506530 -0.000197
0.094618 -0.318607 -0.107474
0.082280 -0.312288 -0.119550
0.033889 -0.521927 0.136906
0.052215 -0.531006 0.138866
0.053368 -0.507420 0.136548
-0.119523 -0.509012 -0.090737
-0.128186 -0.526803 -0.089274
-0.137844 -0.506936 -0.081849
0.008699 -0.366166 -0.126517
0.032519 -0.359685 -0.125123
0.027693 -0.374547 -0.124933
0.102395 -0.496799 -0.099071
0.100477 -0.475873 -0.101282
0.118075 -0.483153 -0.095190
-0.103150 -0.475895 -0.107986
-0.118814 -0.473555 -0.094902
-0.110574 -0.461601 -0.102206
0.159427 -0.437423 0.084245
0.179381 -0.440546 0.070640
-0.139381 -0.316536 0.135402
-0.133737 -0.331416 0.148159
-0.148437 -0.412250 0.080841
-0.124434 -0.406868 0.087175
-0.138955 -0.389663 0.086075
0.081940 -0.503623 -0.124127
0.085811 -0.492192 -0.112455
0.089147 -0.511388 -0.107955
0.163651 -0.506437 -0.063442
0.153870 -0.498566 -0.082012
0.047587 -0.408343 -0.147375
0.039798 -0.403807 -0.130947
0.046050 -0.390625 -0.136209
-0.199639 -0.318560 0.014615
-0.199465 -0.335430 0.016083
-0.184103 -0.458718 0.022403
-0.170421 -0.471797 0.006836
0.113509 -0.493443 0.184110
0.111074 -0.515926 0.184150
0.066623 -0.446632 0.149460
0.069976 -0.467465 0.162128
-0.136589 -0.400186 0.133876
-0.135814 -0.413404 0.153781
-0.132558 -0.392751 0.155555
-0.174198 -0.419465 -0.057458
-0.162523 -0.431951 -0.068012
-0.055226 -0.424794 0.131545
-0.074288 -0.420964 0.131113
-0.067491 -0.436884 0.130243
-0.184778 -0.445760 -0.023584
-0.185838 -0.424822 -0.020326
0.149636 -0.398729 -0.083148
0.154049 -0.414263 -0.078303
0.137773 -0.409883 -0.093576
-0.209976 -0.288055 0.035371
-0.199798 -0.301662 0.012891
-0.182518 -0.398875 0.003955
-0.095671 -0.290369 0.134812
-0.115985 -0.283129 0.145245
-0.108673 -0.302947 0.143556
0.072642 -0.516341 0.184642
0.085916 -0.512779 0.198477
0.159943 -0.398376 -0.069440
0.145973 -0.434308 -0.086581
0.161455 -0.430850 -0.068270
0.005833 -0.495153 0.170782
0.010328 -0.483172 0.154888
-0.077854 -0.346616 -0.128917
-0.091001 -0.361742 -0.124114
0.022810 -0.389333 -0.124727
-0.047640 -0.496705 -0.129437
-0.052899 -0.482819 -0.131534
0.175863 -0.353075 -0.034715
0.179257 -0.369232 -0.019261
0.173050 -0.375932 -0.040062
-0.006442 -0.508083 0.182013
0.028519 -0.456297 -0.130372
0.151976 -0.416664 0.086024
0.167353 -0.397493 0.082127
0.146862 -0.395942 0.090079
0.066399 -0.284862 0.141392
0.065578 -0.499729 0.147172
0.061614 -0.487655 0.139638
-0.196731 -0.491777 0.021244
-0.183978 -0.476745 0.023249
-0.171340 -0.491880 0.020651
0.050450 -0.454417 -0.169751
0.166802 -0.458662 0.081407
0.152875 -0.474798 0.084634
0.170949 -0.480568 0.076621
-0.103426 -0.422077 0.155452
-0.093302 -0.433933 0.149625
-0.088715 -0.419439 0.142856
-0.092294 -0.451314 0.150970
-0.087104 -0.332258 0.131970
-0.085834 -0.352498 0.131915
-0.069956 -0.344367 0.123433
0.024597 -0.513662 -0.145303
0.008334 -0.524661 -0.133444
0.008613 -0.502522 -0.127088
0.026761 -0.390540 0.134904
0.019645 -0.409456 0.144875
0.037723 -0.411996 0.129370
0.116850 -0.364859 0.156173
-0.015695 -0.435875 -0.125833
-0.026166 -0.415998 -0.128741
0.000975 -0.417838 -0.124643
-0.150705 -0.485162 -0.074791
0.130098 -0.455465 0.093536
0.138786 -0.436483 0.090302
0.124614 -0.474181 0.094787
-0.014829 -0.361458 -0.126635
-0.001577 -0.348616 -0.125790
-0.031430 -0.374706 -0.130810
-0.119851 -0.383489 0.090056
-0.136119 -0.368977 0.088060
-0.080556 -0.277011 0.126916
0.011207 -0.426954 0.154599
0.004107 -0.447888 0.166894
0.017284 -0.445343 0.145714
0.008760 -0.391737 -0.125365
0.107849 -0.455150 0.136110
0.113769 -0.467581 0.151023
0.106325 -0.472622 0.134547
0.165863 -0.332731 0.075015
-0.111231 -0.354191 0.150817
-0.132008 -0.348748 0.151651
-0.124083 -0.370063 0.155210
-0.188643 -0.310505 -0.016343
-0.187346 -0.315256 -0.033600
0.110438 -0.420463 0.181048
0.125228 -0.340830 -0.098467
0.126852 -0.320479 -0.098084
0.137208 -0.332029 -0.091956
0.023294 -0.473485 -0.130308
0.027697 -0.491591 -0.140539
0.038095 -0.350038 0.131031
0.025410 -0.424563 0.138036
0.032861 -0.431886 0.132134
0.005837 -0.441983 -0.124354
0.022667 -0.428319 -0.125162
0.080109 -0.416845 -0.144577
0.077646 -0.408421 -0.158667
0.079970 -0.397408 -0.147360
0.140317 -0.349307 -0.090940
0.127046 -0.360780 -0.097646
0.192533 -0.451710 0.062736
0.196668 -0.467827 0.056773
0.201837 -0.452219 0.047585
0.088737 -0.395105 -0.112923
0.098166 -0.373283 -0.104804
0.106183 -0.392575 -0.100972
-0.178463 -0.495043 -0.049582
-0.164729 -0.500945 -0.064203
-0.173202 -0.515651 -0.053753
-0.038246 -0.337973 0.151211
-0.050632 -0.334590 0.131810
-0.044336 -0.352558 0.143460
-0.091054 -0.311346 0.132411
0.106136 -0.535245 0.189138
0.212014 -0.293401 0.025252
0.183726 -0.381594 -0.004433
0.176766 -0.394653 -0.019527
-0.000582 -0.374356 0.162159
0.013489 -0.394407 0.151467
0.015608 -0.371332 0.144924
-0.131265 -0.533883 0.165756
-0.095990 -0.533171 0.079426
-0.109052 -0.531911 0.072438
0.041060 -0.484791 -0.163098
0.035182 -0.506037 -0.160327
-0.036021 -0.317411 -0.132496
-0.021261 -0.321797 -0.125908
-0.035926 -0.334588 -0.132714
-0.096216 -0.439191 -0.116923
-0.098133 -0.458956 -0.114740
-0.111239 -0.445121 -0.103536
-0.140545 -0.479257 0.150765
-0.140030 -0.494569 0.142639
0.082255 -0.406906 -0.129654
0.087967 -0.419208 -0.113281
0.022660 -0.408731 -0.124961
-0.153143 -0.443340 -0.074392
-0.163627 -0.451063 -0.066971
0.153959 -0.358396 -0.074914
0.169104 -0.356804 -0.055222
0.165132 -0.379275 -0.062187
-0.099744 -0.342406 0.142418
-0.076609 -0.455810 -0.130291
-0.156439 -0.389802 0.076003
-0.169482 -0.406659 0.069366
-0.175409 -0.384405 0.066927
0.115467 -0.410956 -0.097524
0.099015 -0.409694 -0.103723
-0.188643 -0.296794 -0.004305
0.193467 -0.505055 0.058250
0.188351 -0.484307 0.065339
0.177741 -0.502721 0.071989
-0.105109 -0.542885 -0.111954
-0.034258 -0.303448 0.153002
-0.016718 -0.309379 0.160444
-0.204011 -0.360087 0.058189
-0.212176 -0.376324 0.055049
-0.195462 -0.379100 0.063044
0.147222 -0.454955 0.086341
0.169430 -0.316073 -0.054459
0.174974 -0.316035 -0.033703
0.172591 -0.335672 -0.046199
0.171263 -0.303709 -0.045840
-0.200606 -0.358205 0.018395
-0.213563 -0.335337 0.033145
-0.197875 -0.289360 0.054290
-0.136090 -0.467978 -0.085222
-0.129129 -0.489117 -0.087545
-0.063289 -0.399962 -0.134667
-0.074593 -0.385232 -0.131602
-0.043551 -0.317499 0.143851
-0.046049 -0.296277 0.139519
-0.055912 -0.309323 0.128249
0.081153 -0.363084 -0.138992
0.085563 -0.369839 -0.119164
0.081789 -0.384721 -0.133216
-0.123592 -0.285722 0.088815
0.061593 -0.425615 0.140154
0.071485 -0.426907 0.160128
-0.214724 -0.362508 0.038897
-0.187571 -0.394991 0.018065
-0.185299 -0.379049 0.009474
-0.058053 -0.468958 -0.133721
-0.048634 -0.453751 -0.132192
0.053713 -0.404811 0.132986
0.048557 -0.423678 0.130849
-0.137211 -0.324381 -0.093751
-0.120951 -0.339661 -0.103902
-0.137807 -0.349558 -0.091206
-0.116097 -0.317608 -0.108643
-0.012182 -0.512641 -0.124934
-0.007329 -0.535192 -0.126324
-0.025781 -0.528560 -0.122154
0.115931 -0.462952 -0.095964
0.130455 -0.449953 -0.096182
0.134105 -0.470103 -0.093979
-0.132328 -0.487371 0.082701
-0.149713 -0.495127 0.080150
-0.136955 -0.506774 0.082371
-0.161690 -0.369297 0.072719
-0.148625 -0.375224 0.081632
-0.149555 -0.357880 0.081058
0.078673 -0.519187 -0.164678
0.068928 -0.536265 -0.171495
0.066570 -0.518361 -0.172456
0.064089 -0.542394 -0.172424
0.071110 -0.552880 -0.170681
-0.186043 -0.406318 -0.040546
-0.188952 -0.386019 -0.030194
-0.181555 -0.383096 -0.050722
-0.040344 -0.408270 0.157427
-0.021510 -0.397563 0.173443
-0.036700 -0.383447 0.160344
-0.150945 -0.460332 -0.075014
-0.137058 -0.371121 -0.090157
-0.122950 -0.377845 -0.099161
-0.132221 -0.390830 -0.091788
-0.107170 -0.375105 -0.111684
-0.122128 -0.360831 -0.101031
-0.141157 -0.459321 0.147376
-0.149785 -0.478152 0.079690
-0.129368 -0.464318 0.084070
0.120169 -0.317458 0.111104
0.113365 -0.326337 0.128452
0.079198 -0.323775 -0.148060
0.053754 -0.325855 -0.144083
0.059901 -0.314784 -0.158876
0.156895 -0.500117 0.084784
-0.178749 -0.508704 0.078320
-0.165943 -0.492413 0.075026
-0.095797 -0.312509 -0.120808
0.116380 -0.317536 0.147681
0.115165 -0.306840 0.165112
0.115449 -0.326793 0.164398
0.153111 -0.539053 0.057834
0.138965 -0.543638 0.084906
0.181932 -0.463790 0.068918
-0.139436 -0.408966 -0.083392
-0.168644 -0.526854 0.078239
0.017910 -0.342316 -0.126568
0.005733 -0.409456 0.160898
-0.100495 -0.397071 -0.115621
-0.103331 -0.405593 0.102435
-0.113162 -0.390115 0.116446
-0.001807 -0.330108 -0.123919
0.016518 -0.320418 -0.126749
-0.168317 -0.310115 -0.064563
-0.155425 -0.317999 -0.079634
0.103390 -0.430331 -0.101418
0.108227 -0.352804 -0.101039
0.115397 -0.374754 -0.098835
0.068219 -0.478722 0.150338
0.050753 -0.443888 0.132378
0.043272 -0.460624 0.131772
-0.108040 -0.501745 0.119687
0.039897 -0.420196 -0.134193
0.045456 -0.431517 -0.155267
0.037715 -0.438213 -0.137191
0.141324 -0.376528 0.093320
-0.098943 -0.403914 0.149628
-0.083779 -0.403921 0.135599
0.077679 -0.426045 -0.159748
0.057815 -0.413004 -0.170138
0.156154 -0.313977 -0.070498
0.142764 -0.314791 -0.087611
-0.115932 -0.392939 -0.103261
-0.090834 -0.533635 0.092570
-0.096910 -0.457093 0.101707
-0.107607 -0.445983 0.117416
-0.100909 -0.440394 0.091831
0.087338 -0.443266 -0.113624
0.100343 -0.454129 -0.102176
0.086531 -0.467732 -0.113062
0.114292 -0.445284 -0.096887
0.104994 -0.464118 0.119651
0.053736 -0.341120 -0.153431
0.077855 -0.359072 -0.155200
-0.187318 -0.382971 -0.009984
-0.188982 -0.368034 -0.024673
-0.111103 -0.388082 0.154605
-0.103353 -0.371014 0.148524
-0.118853 -0.443012 0.085061
-0.108793 -0.423621 0.088725
0.184766 -0.489682 0.003164
0.040448 -0.396893 0.129126
-0.092633 -0.506076 0.093308
-0.093542 -0.508779 0.110232
-0.095220 -0.493650 0.111517
-0.092138 -0.523346 0.109751
-0.088582 -0.527085 0.100317
0.080457 -0.343408 -0.144471
0.088364 -0.366746 0.182592
0.088062 -0.352089 0.180515
0.079400 -0.446973 -0.155740
0.148324 -0.457090 -0.087093
-0.001376 -0.316818 0.154393
-0.012011 -0.329072 0.160568
0.000711 -0.334533 0.155865
-0.023629 -0.342467 0.163230
-0.029717 -0.323058 0.157212
-0.086598 -0.478181 0.145784
-0.101796 -0.490849 0.162069
-0.090876 -0.498029 0.150977
0.081241 -0.330264 -0.135013
0.082591 -0.344836 -0.125012
-0.050760 -0.563611 -0.122110
-0.034673 -0.354365 -0.132326
0.029859 -0.368156 0.132262
0.068741 -0.438153 -0.171669
-0.016292 -0.359756 0.168018
-0.006715 -0.348310 0.161858
0.200197 -0.307630 0.000428
0.213512 -0.311760 0.017263
-0.180815 -0.508139 -0.034628
0.051120 -0.374254 -0.144870
0.196712 -0.436222 0.055664
-0.066780 -0.365810 -0.133370
-0.084044 -0.513490 0.144527
-0.138059 -0.292313 0.124159
-0.122583 -0.286789 0.110201
-0.178673 -0.363675 -0.053897
-0.169428 -0.374125 -0.067901
-0.194393 -0.320710 0.059099
-0.209526 -0.325676 0.049827
-0.197375 -0.340713 0.059484
-0.192510 -0.304409 0.058585
-0.206618 -0.305996 0.050463
0.089901 -0.414893 0.188833
0.074182 -0.405645 0.171761
0.077170 -0.429178 0.180927
-0.052800 -0.359130 0.129785
-0.071104 -0.366621 0.123778
-0.031150 -0.441417 0.176067
-0.027143 -0.455759 0.179793
-0.014339 -0.441490 0.179332
-0.119223 -0.369249 0.118362
-0.127464 -0.386659 0.123566
-0.132676 -0.370443 0.126621
0.027828 -0.451744 0.135112
0.019655 -0.469488 0.141440
-0.185019 -0.431800 -0.040596
0.095542 -0.434357 0.191210
0.100988 -0.453755 0.193039
-0.139939 -0.447111 -0.082695
0.007828 -0.350976 0.152570
0.068936 -0.356235 0.150954
0.071169 -0.338224 0.156236
0.052297 -0.297275 0.130852
0.104766 -0.381579 0.182088
0.103421 -0.365884 0.181305
0.192587 -0.437011 0.002897
0.210152 -0.438728 0.000335
0.202526 -0.454816 0.000727
0.051262 -0.314873 0.129129
0.124220 -0.392221 -0.097284
-0.124041 -0.454166 -0.092636
-0.098724 -0.490393 0.087313
-0.112916 -0.478957 0.081839
-0.114218 -0.500459 0.081177
0.184914 -0.284405 0.055913
0.198863 -0.302074 0.046603
-0.146949 -0.428195 -0.078203
0.080067 -0.470517 -0.154972
0.069035 -0.477250 -0.170679
0.077516 -0.489985 -0.165431
0.168373 -0.471751 -0.017434
0.169862 -0.455879 -0.015180
-0.032906 -0.360395 0.159060
-0.018757 -0.378582 0.170550
0.207509 -0.435858 0.038554
-0.186615 -0.420919 0.067907
-0.203791 -0.432579 0.068445
-0.186800 -0.441777 0.071133
0.112189 -0.308185 -0.101565
-0.103167 -0.519079 0.083136
0.137935 -0.487048 0.088444
0.134869 -0.509741 0.089965
0.031599 -0.326748 -0.125743
-0.083228 -0.534054 0.143923
0.068382 -0.406950 0.149663
0.116515 -0.346146 0.160044
0.114450 -0.336335 0.144824
-0.044024 -0.433126 0.154109
-0.039658 -0.447762 0.167021
-0.038786 -0.431241 0.165505
0.072292 -0.458533 -0.168838
-0.168483 -0.494775 0.002922
0.119703 -0.291797 0.115804
0.115500 -0.306047 0.132110
0.137161 -0.490747 -0.093501
0.120914 -0.503759 -0.093866
0.081500 -0.481279 -0.133421
0.081269 -0.494286 -0.140130
0.080340 -0.484918 -0.156259
0.081929 -0.517722 -0.144014
-0.162084 -0.324797 0.069408
-0.179386 -0.334551 0.063350
0.218716 -0.456981 0.000694
0.229802 -0.468774 0.010822
0.211307 -0.470317 -0.001361
0.113944 -0.521964 0.102143
0.107394 -0.501225 0.107345
-0.140285 -0.434808 0.147968
-0.234792 -0.508382 0.032709
-0.230268 -0.508983 0.018630
0.118788 -0.282172 0.138307
0.117763 -0.299696 0.149674
0.104298 -0.336416 0.177673
0.087944 -0.337466 0.178592
-0.117856 -0.427900 0.122383
-0.128696 -0.441703 0.128264
0.094006 -0.337698 -0.108554
0.082449 -0.328537 -0.122363
0.007754 -0.462096 -0.123929
-0.172634 -0.500741 -0.016998
-0.174604 -0.479915 -0.012018
0.177078 -0.334408 -0.029856
-0.047579 -0.276140 0.137833
0.069712 -0.489330 0.165656
-0.122388 -0.462912 0.126283
-0.189029 -0.348727 -0.021453
-0.187185 -0.362663 -0.005248
0.197278 -0.401045 0.055114
0.204762 -0.469381 0.039850
0.200566 -0.486595 0.049190
0.114191 -0.374108 0.170824
0.111744 -0.356400 0.173456
-0.115655 -0.463188 0.163449
-0.096525 -0.471100 0.156528
-0.135998 -0.277403 0.136674
-0.187551 -0.335860 -0.036848
-0.178740 -0.323063 -0.051237
0.041514 -0.374711 -0.128334
-0.062431 -0.464275 0.131407
-0.049989 -0.443393 0.136982
0.010409 -0.463866 0.156013
-0.182955 -0.467070 -0.025575
-0.182411 -0.474638 -0.044838
0.204873 -0.508244 0.013118
0.207117 -0.487741 0.031428
0.204977 -0.506079 0.039306
-0.023621 -0.421182 0.175685
-0.001989 -0.425090 0.171694
0.169445 -0.401187 -0.047504
0.168509 -0.523081 0.078188
0.215541 -0.435831 0.024023
-0.149980 -0.337215 0.080816
-0.147444 -0.313703 0.081353
0.138215 -0.469044 0.087511
0.037819 -0.294435 0.130829
-0.139203 -0.360733 0.138389
0.157139 -0.287142 0.081183
0.141638 -0.285458 0.095444
0.110289 -0.487517 0.143712
-0.198531 -0.405056 0.022293
-0.211749 -0.416231 0.017968
-0.210843 -0.399805 0.018391
0.189846 -0.382890 0.058850
0.132346 -0.362323 0.100025
0.140642 -0.388290 -0.092494
0.130018 -0.377138 -0.096933
0.142455 -0.369252 -0.091013
-0.047426 -0.528328 0.146365
-0.055628 -0.519693 0.137681
0.167514 -0.425998 -0.048626
0.171867 -0.419264 -0.026788
0.110038 -0.329411 -0.101625
-0.177268 -0.458225 -0.009205
-0.110734 -0.492239 -0.098823
-0.201843 -0.381193 0.020715
-0.212044 -0.311978 0.033541
-0.027526 -0.496903 -0.125688
0.080425 -0.501741 -0.156655
0.071990 -0.504164 -0.168996
-0.198331 -0.471328 0.021498
0.046757 -0.506997 -0.172857
0.041631 -0.519469 -0.171332
0.083225 -0.279251 0.167639
0.112917 -0.344829 0.126025
0.130620 -0.301608 0.103151
0.197926 -0.369529 0.053554
0.208034 -0.365048 0.042333
-0.132452 -0.420627 0.131089
-0.168671 -0.472299 0.073507
0.152157 -0.382167 -0.079096
-0.068707 -0.520565 0.136810
-0.074346 -0.536719 0.139405
-0.111556 -0.522103 0.122489
0.087994 -0.308251 0.175058
0.097656 -0.296861 0.175887
-0.117734 -0.407232 0.158594
-0.152041 -0.507691 -0.073226
-0.145540 -0.525110 -0.077225
-0.159639 -0.521429 -0.066435
0.169514 -0.441498 -0.031565
0.167229 -0.462233 -0.033186
-0.205132 -0.450517 0.070619
-0.132135 -0.296697 0.144357
0.062915 -0.330087 0.137369
0.099855 -0.532035 0.198636
0.111513 -0.536942 0.164379
0.116304 -0.484660 0.165643
0.117031 -0.460864 0.172578
0.113460 -0.473700 0.184648
-0.197987 -0.507702 0.078004
-0.213195 -0.510700 0.061183
-0.206848 -0.525267 0.076600
-0.010184 -0.485131 0.183414
0.218996 -0.480615 -0.000892
-0.087019 -0.329533 -0.124988
0.149714 -0.334329 -0.081192
-0.134203 -0.478326 0.134370
0.045883 -0.366699 0.129529
0.084284 -0.467889 0.192894
-0.186950 -0.403560 -0.015303
0.105226 -0.516725 -0.096269
-0.094568 -0.493374 -0.114474
-0.047182 -0.537843 -0.122469
-0.182234 -0.359498 0.064217
-0.162292 -0.347563 0.070150
-0.167341 -0.428359 0.071614
-0.102868 -0.469045 0.115086
-0.115472 -0.483134 0.123074
-0.049084 -0.531160 0.144339
0.153671 -0.529770 0.038802
-0.084175 -0.513595 -0.120144
0.173208 -0.436760 -0.011163
0.018557 -0.515437 0.142590
0.029150 -0.497503 0.135657
0.073631 -0.479225 0.181440
-0.152050 -0.387392 -0.078854
-0.180711 -0.487936 -0.029577
0.111035 -0.480695 0.105533
0.120701 -0.495598 0.096009
0.102972 -0.491283 0.119398
-0.018690 -0.341803 -0.126474
0.073915 -0.461734 0.179671
0.080719 -0.448008 0.187532
-0.214590 -0.425234 0.059121
-0.215407 -0.443842 0.053886
0.202613 -0.489075 -0.000184
-0.008628 -0.452020 -0.123815
0.078779 -0.377977 -0.152515
0.072380 -0.392483 -0.166575
-0.154170 -0.362336 -0.080780
0.189431 -0.398755 0.002454
0.198871 -0.380855 0.003306
0.221494 -0.375725 0.016108
0.205454 -0.398600 0.002197
0.115708 -0.383862 0.152795
0.091588 -0.355343 -0.109710
0.074974 -0.273234 0.154053
-0.009995 -0.461699 0.181088
-0.023150 -0.470100 0.183598
-0.224154 -0.486361 0.038095
-0.037006 -0.435634 -0.130244
0.080624 -0.311799 -0.131129
-0.121425 -0.515334 0.080976
0.146329 -0.304936 0.092280
-0.095119 -0.473964 0.097124
0.151260 -0.353036 0.089003
-0.139361 -0.340423 0.136106
-0.077642 -0.386786 0.128378
-0.087830 -0.370440 0.135453
-0.093039 -0.386806 0.142911
0.011139 -0.304230 0.145906
0.165460 -0.494685 -0.046161
-0.087860 -0.381864 -0.125716
0.162240 -0.336151 -0.064825
-0.214337 -0.495193 0.050499
-0.161459 -0.510255 0.075958
0.156560 -0.520767 -0.078783
0.124420 -0.430165 -0.096898
0.177658 -0.302421 -0.023238
0.184558 -0.305385 -0.007538
-0.157610 -0.411210 -0.071058
0.205632 -0.329564 0.001213
0.213824 -0.336643 0.021976
0.213718 -0.351535 0.002474
-0.221646 -0.461036 0.038089
-0.222714 -0.441080 0.037240
0.182636 -0.523735 0.063322
0.172141 -0.539229 0.044044
0.196247 -0.524551 0.052366
-0.007511 -0.408588 0.172431
-0.131343 -0.427835 0.086577
0.077867 -0.525524 0.166071
-0.168168 -0.450398 0.072596
-0.127677 -0.307926 0.115768
-0.120270 -0.302316 0.091352
-0.118384 -0.321600 0.111489
-0.022978 -0.516318 0.187435
-0.211621 -0.343997 0.050092
-0.189440 -0.400318 0.065339
0.183213 -0.540051 0.029743
0.203840 -0.521402 0.030741
0.129741 -0.417519 0.097966
-0.062889 -0.504777 -0.129073
-0.073853 -0.489979 -0.127684
-0.085722 -0.474363 -0.123555
0.210909 -0.359081 0.023160
0.208615 -0.381084 0.031935
-0.003323 -0.393479 0.167015
-0.058547 -0.435473 -0.133698
0.123183 -0.524057 -0.092755
0.029812 -0.277509 0.136736
0.093374 -0.530756 -0.102862
-0.207320 -0.394431 0.061461
-0.211880 -0.459267 0.016662
-0.221280 -0.475647 0.016705
-0.224164 -0.450387 0.017076
-0.076351 -0.458179 0.135871
-0.078611 -0.434223 0.134652
0.059554 -0.491361 -0.174622
0.061490 -0.464670 -0.175214
0.212361 -0.491264 -0.002252
0.139511 -0.511519 -0.092435
0.179229 -0.417030 -0.003515
0.199395 -0.418305 0.002980
0.212937 -0.399350 0.022574
0.212925 -0.417764 0.001487
-0.104202 -0.424409 0.111014
-0.180355 -0.301821 -0.048252
-0.216277 -0.390618 0.040960
0.103691 -0.315978 0.176577
0.149608 -0.326733 0.089881
-0.157150 -0.530496 0.077557
-0.038201 -0.284337 0.150034
-0.136243 -0.445713 0.084536
-0.150081 -0.436816 0.079560
-0.221677 -0.408381 0.036263
-0.229254 -0.406862 0.022834
-0.230510 -0.425456 0.025832
-0.215978 -0.425705 0.044182
-0.041128 -0.469430 0.169421
0.100410 -0.537700 0.120287
0.102803 -0.542700 0.104126
0.020938 -0.539920 0.146500
-0.138700 -0.380041 0.138204
-0.215442 -0.409702 0.051406
-0.203967 -0.413883 0.065459
0.078174 -0.321964 0.166533
0.100127 -0.536247 0.134851
0.105923 -0.536130 0.149705
-0.150275 -0.457672 0.078645
0.110590 -0.520898 0.152661
0.115157 -0.508856 0.167822
0.019159 -0.492499 0.142033
0.087907 -0.322834 0.176802
-0.130690 -0.330947 0.120735
-0.212247 -0.492622 0.016966
-0.220075 -0.508655 0.015265
-0.131268 -0.353156 0.124368
-0.106332 -0.458687 0.084351
0.163529 -0.414182 -0.062635
-0.134506 -0.296238 0.086514
0.128769 -0.542052 0.088854
-0.044054 -0.371648 0.144804
0.088947 -0.390901 0.185690
-0.059667 -0.286803 0.126942
-0.029965 -0.511530 -0.125020
-0.078416 -0.495448 0.140231
-0.062952 -0.484269 0.132863
0.049901 -0.511207 -0.174349
-0.186814 -0.371537 -0.040553
0.004681 -0.472703 0.170967
-0.072105 -0.321676 0.123302
0.114386 -0.409845 0.111173
-0.141539 -0.514504 0.148589
0.112653 -0.501877 0.153726
0.184608 -0.363494 0.060263
0.203383 -0.383826 0.048325
-0.097001 -0.358235 0.141883
-0.076877 -0.299372 0.124771
-0.187550 -0.355546 -0.039603
0.160265 -0.544403 0.080629
0.149682 -0.524894 0.088025
0.186483 -0.364618 -0.002154
0.027430 -0.310526 0.135408
0.215791 -0.486303 0.023336
0.058274 -0.373784 -0.165965
0.004374 -0.545420 -0.138512
0.196268 -0.346827 0.001559
-0.143821 -0.304734 -0.089519
-0.118786 -0.407813 0.121147
-0.062942 -0.504229 0.134159
0.115644 -0.283862 0.163875
0.022369 -0.292799 0.139327
-0.052332 -0.368881 -0.134360
-0.045693 -0.421619 -0.132494
0.203584 -0.364233 0.002825
-0.044365 -0.391115 0.146482
0.050724 -0.391425 -0.155931
-0.044179 -0.455993 0.150449
-0.142358 -0.530034 0.153056
-0.137898 -0.529781 0.137217
-0.213979 -0.470284 0.057674
0.101230 -0.516618 0.197822
0.069277 -0.509790 0.167123
-0.212471 -0.526613 0.063600
0.116698 -0.540216 0.097037
0.163386 -0.541207 0.057791
0.080404 -0.536868 -0.160188
0.072895 -0.499524 0.184211
-0.052210 -0.517099 -0.126803
-0.037119 -0.520216 -0.125487
-0.172793 -0.396435 -0.063521
0.130067 -0.530036 0.089605
-0.119117 -0.344639 0.116275
0.072589 -0.446645 0.170203
-0.052688 -0.556320 -0.121808
-0.194664 -0.509215 0.023182
-0.203939 -0.510868 0.019341
0.062958 -0.520810 0.144125
0.044027 -0.511883 -0.167434
0.049329 -0.515760 -0.171412
0.045300 -0.510196 -0.171192
0.044472 -0.513486 -0.171354
0.042846 -0.513308 -0.169498
-0.142303 -0.530679 0.079648
-0.000878 -0.564056 -0.141700
0.037530 -0.519836 -0.165447
0.050600 -0.523872 -0.173423
0.058339 -0.533727 0.142009
0.042808 -0.523056 -0.166452
0.041676 -0.522300 -0.167739
0.066562 -0.526579 0.151495
0.041583 -0.518574 -0.169811
0.041534 -0.520654 -0.170537
0.040832 -0.518726 -0.169394
0.040914 -0.518934 -0.169526
-0.046895 -0.533068 0.151947
0.054214 -0.527390 -0.173706
0.045518 -0.526263 -0.169783
-0.058109 -0.538393 0.140302
-0.086902 -0.527806 0.106296
0.036287 -0.525832 -0.166858
0.138205 -0.531128 -0.091221
-0.028220 -0.527849 -0.120379
0.045466 -0.530611 -0.172090
-0.039937 -0.532217 -0.122747
-0.029640 -0.539241 -0.125391
-0.042785 -0.529531 0.147815
-0.041869 -0.531327 0.149122
0.051093 -0.530868 -0.170742
0.039743 -0.536679 -0.168266
0.041734 -0.530041 -0.170774
0.046764 -0.543711 -0.159383
0.051346 -0.536156 -0.172537
0.087451 -0.546355 -0.109497
0.043975 -0.531092 -0.170500
-0.047253 -0.538093 0.142749
0.041370 -0.537983 -0.169487
-0.039632 -0.547319 -0.123586
0.029148 -0.544883 -0.161966
0.057050 -0.545612 -0.170176
0.046524 -0.545218 -0.170855
0.046719 -0.548128 -0.167606
0.033466 -0.552098 -0.165129
-0.015167 -0.553292 -0.131439
0.053452 -0.553404 -0.169461
-0.037073 -0.559260 -0.124475
0.026218 -0.557221 -0.153640
0.030175 -0.557224 -0.162393
0.031252 -0.554695 -0.165138
0.040287 -0.551805 -0.166626