-102.452003 -511.360992 -103.888000
-96.082001 -530.395996 -110.160995
-111.337997 -528.038025 -102.004997
182.019989 -340.811005 61.125999
197.398010 -351.744995 52.537003
196.887009 -328.407990 49.906998
-103.509003 -323.078003 142.759003
-122.640999 -317.326996 148.061005
-117.280998 -335.799011 149.779999
-15.101000 -26.898001 170.690994
-31.369001 -10.419000 170.838989
-38.175999 -32.761002 169.574005
-56.998001 164.357010 -106.467003
87.939003 86.015999 165.787994
74.830002 70.139000 172.116989
94.494003 66.338005 168.290009
110.387001 -393.714996 131.248001
118.081001 -389.582001 108.673996
111.974998 -378.376984 121.985001
-71.028000 266.750000 6.250000
-144.203003 100.207001 69.395996
-133.081009 108.085999 90.208000
-138.190994 125.210999 77.191002
-129.270996 -143.160004 137.613998
-132.542999 -128.987991 129.731995
-137.256989 -142.787994 120.213997
79.540001 -288.441010 -128.138000
57.852001 -273.176025 -127.447990
78.886002 -266.173004 -121.575996
-187.364990 -275.602020 -7.646000
-197.724991 -279.980011 10.387000
-195.177002 -258.183990 8.323000
-31.659000 130.475006 -107.642998
-23.036999 149.028000 -105.277000
-8.581000 131.154007 -108.693001
-114.675995 36.924999 109.769005
-109.491997 22.098999 116.348000
-105.122002 37.946999 126.968994
-113.623001 4.420000 114.119003
-117.813995 18.996000 101.035995
-178.363998 -313.704010 60.789001
-162.880997 -302.183990 67.916000
-180.102005 -294.157013 58.566998
30.480000 166.607010 91.096001
26.868000 151.254990 107.428001
48.958000 161.339005 101.144997
122.402000 240.960999 -71.427002
139.327011 241.804001 -62.155003
134.862000 225.832993 -72.143005
174.970993 -519.713013 9.356999
188.934998 -522.901001 16.969999
171.341995 -534.536011 25.722000
132.373001 -130.591003 -65.886993
141.975998 -125.376999 -50.469002
138.970001 -145.206009 -59.291000
-100.100006 25.037001 -71.443001
-78.957001 23.205002 -82.047997
-84.847000 5.527000 -76.030998
109.344002 -66.710999 -63.901001
91.705002 -60.415001 -70.667000
108.531998 -48.572998 -58.931999
161.072006 -485.528992 -67.259995
159.822006 -464.891998 -70.833000
165.855011 -473.024017 -50.591000
165.153000 -449.290985 -54.081997
158.724991 -447.398987 -74.755997
7.736000 -516.468994 166.681000
13.622000 -524.692993 153.319000
10.669001 -504.953033 154.346008
110.375000 -195.951004 -94.171997
92.992996 -206.123001 -100.313004
90.962997 -187.009003 -97.006004
-36.388000 -154.727997 167.733994
-50.225002 -139.457001 158.832001
-52.202999 -161.458008 154.212997
43.558998 -144.288010 151.041992
32.945000 -163.692001 154.397003
49.842999 -168.213989 146.700989
23.594999 -178.126999 155.975006
14.945001 -163.940994 162.496002
-15.713000 48.948002 -99.803001
6.669000 59.119999 -101.290001
4.981000 36.440998 -95.981003
-62.167000 -152.677002 -122.917000
-46.176003 -166.593002 -120.638000
-66.628998 -174.529999 -125.497002
118.611000 -371.526978 109.113998
119.320000 -353.264008 109.784996
112.545998 -362.597992 123.795006
-16.934000 79.294006 165.804001
-28.285000 86.172997 163.496994
-44.395000 84.683998 163.783005
153.477997 67.286995 56.951000
150.138000 54.474998 71.082001
155.692993 48.772999 47.570000
79.122002 -112.431000 -108.094002
79.589005 -129.227005 -98.872002
77.900002 -127.848000 -116.927994
-11.688000 -468.627991 -124.516998
8.194000 -481.295990 -124.990997
-11.899000 -489.127014 -124.068001
67.039993 151.876007 109.879005
82.772003 147.489990 114.835999
93.719994 155.571991 106.022003
46.236000 38.382000 171.060989
27.960001 44.547001 170.953003
29.958000 20.399000 171.147003
13.707000 33.879997 169.916000
13.293000 50.466999 169.838989
-116.089005 -530.775024 169.882996
-119.084000 -506.528015 167.766998
-138.988998 -529.549011 161.673996
120.945000 147.876999 100.175003
116.724998 160.906998 92.339996
-179.100006 -422.351990 0.458000
-179.919998 -439.283020 -8.804000
-173.265991 -446.738983 5.334000
179.537994 -312.533997 61.021999
170.062012 -291.260986 67.643997
161.115997 -308.895996 77.255005
90.590996 282.231995 -34.895000
104.427002 278.276001 -40.715000
91.682999 274.005005 -53.601002
134.575989 -341.920990 100.374001
119.723999 -335.339020 110.531006
129.651001 -394.528015 99.731995
128.112000 -378.876007 101.839996
181.501999 -134.520996 28.372999
189.110992 -158.843994 27.577999
184.350998 -155.732010 10.085000
-52.623997 129.532990 -106.913002
-65.721001 145.532990 -106.784004
-44.000000 147.346008 -107.243004
154.049988 190.477005 53.061001
167.833008 177.332001 48.678001
4.088000 60.729000 168.822006
10.580000 74.124001 168.531006
-167.720001 -352.614990 -67.818001
-178.044998 -343.800018 -53.045002
-167.747009 -331.270996 -66.633003
-154.307999 -339.736023 -80.649002
12.124001 -204.703995 -116.067001
-8.112000 -191.222992 -111.915001
13.745000 -179.626007 -114.719002
-125.276001 -336.963013 91.899002
-138.155991 -330.923004 87.938004
-137.149002 -348.479004 88.106995
163.762009 -122.278000 -1.349000
173.059998 -137.410995 7.179000
164.413010 -139.856995 -9.759000
-162.238007 134.651001 39.781998
77.999001 -144.229996 -109.298996
85.268997 -153.141998 -90.823006
141.606003 209.321014 -73.480003
150.315994 227.569000 -65.805000
160.117004 213.427002 -69.372002
156.403000 242.819000 -52.588001
183.259995 -454.468018 0.985000
194.326996 -471.561005 2.522000
176.479996 -471.462006 -1.531000
-130.276001 -230.182999 79.147003
-130.119003 -208.577011 79.830002
-143.438995 -216.757004 71.808998
-137.089005 -506.895020 136.557999
-130.233002 -492.518982 129.412994
-126.903999 -510.647003 127.276001
-137.192001 -86.227997 -61.987003
-123.773003 -88.561996 -76.406006
-133.417999 -105.584000 -72.168999
209.108002 -452.522003 30.952999
214.977997 -469.675018 24.349001
224.546005 -452.903992 20.010000
-39.524998 -510.032013 181.438004
-45.198002 -512.871033 156.889008
-45.521000 -519.252014 168.257996
103.922005 246.134003 -77.366997
112.287003 227.876999 -82.741997
9.926000 -185.596008 161.871994
-4.619000 -176.128006 167.366989
-7.549000 -195.209991 165.040009
64.157997 -387.343994 141.453003
59.921997 -366.286011 135.897995
43.201000 -381.792999 129.237991
-42.635002 -53.879002 167.698990
-21.849998 -48.475002 171.623001
-150.778000 -287.769989 78.265999
-133.893997 -271.829987 82.796997
-153.449005 -264.752014 72.281998
81.339996 -453.860992 -134.718994
79.990997 -434.763000 -144.604996
82.140999 -429.328003 -129.672012
-112.278999 147.236008 91.395996
-129.742996 140.962006 81.600998
-124.475998 128.352997 92.432999
-96.148994 -199.936996 -110.483994
-88.099998 -221.035004 -117.348000
-107.977005 -222.613998 -109.973999
133.936996 -207.003998 100.349998
126.148003 -203.857010 120.055000
126.922997 -219.566010 112.265999
-78.598999 164.432999 -103.308998
35.041000 -475.992004 133.481003
47.854000 -487.979004 134.292999
59.245003 -468.533020 138.625992
115.514000 -446.817993 155.353989
115.521996 -424.431000 158.256989
113.999001 -439.845001 178.164001
-170.788010 79.020996 10.894000
-163.871002 68.048004 34.710999
-165.240997 87.205002 32.549999
169.384995 -203.773010 53.814999
156.416000 -197.302994 70.556000
160.445007 -219.412003 67.925995
92.439003 244.598007 24.458000
97.102997 259.324005 10.643000
79.933006 254.272018 16.379000
-190.901001 -465.642975 74.651001
-207.164001 -488.726990 72.375999
-184.732010 -488.876984 77.078995
75.588005 -289.947998 156.097992
76.243996 -305.966003 160.240997
85.676003 -293.704010 171.200012
66.703003 -301.933990 142.378998
68.737999 -318.914001 147.922989
-130.122009 18.305000 -40.522999
-132.313995 -1.156000 -36.912003
-135.631989 11.127000 -26.330999
89.804001 39.633999 -75.965004
70.111000 30.616001 -78.717003
73.792000 51.258999 -84.798004
-75.239998 108.033997 -103.384003
-72.554001 126.702995 -105.348000
-60.168003 114.630997 -107.332001
96.187004 179.744003 -100.881004
73.677002 177.769012 -104.751999
85.277000 195.959000 -100.323997
-176.493011 -157.408005 -22.849998
-177.373001 -156.707001 2.267000
-174.342010 -141.168991 -11.068001
-135.151001 -495.867004 161.121994
-117.091995 -482.421997 165.417007
-131.634995 -470.894989 161.211990
150.503998 -153.240997 76.195999
139.056992 -166.288010 94.778000
152.639999 -175.233002 74.114998
129.972992 -186.090012 107.750000
125.607002 -165.496002 116.414001
-129.792007 -317.117004 90.139000
43.695000 -14.054001 165.565002
27.200001 -14.619000 172.205002
34.616001 -26.049000 168.677002
-39.726997 -176.315994 163.975006
-41.306000 -195.886002 159.131012
-23.796000 -186.977005 165.657990
106.501999 267.752991 -52.445999
96.917000 260.574982 -67.042999
-101.130997 165.628998 -95.324997
-118.230003 173.295013 -86.586998
-109.497002 187.386002 -88.435005
-81.834000 -404.755005 -129.124008
-62.498001 -416.255005 -133.897003
-78.924995 -430.208008 -129.470001
-114.217995 252.034012 45.956001
-107.547997 231.406006 49.569000
-96.992996 249.372009 40.004997
89.417999 20.247999 -68.570999
90.687996 -1.300000 -65.917000
71.304001 8.846000 -73.279999
152.609009 130.550003 -69.046997
169.238998 141.523010 -56.625999
163.276993 118.773994 -53.918999
-21.582001 112.296997 -109.195000
-11.432000 94.966003 -108.735001
-31.666000 96.679001 -107.513000
-122.263000 235.369995 -68.297997
-108.248001 234.395996 -76.342003
-127.335999 221.112991 -70.674004
-123.552002 -409.476013 -97.264999
-110.852005 -425.380005 -105.167999
-128.420990 -430.929993 -91.765999
-23.948999 -290.300018 159.798996
-9.233000 -276.372986 157.748001
-29.448000 -271.553009 158.190002
10.709000 -281.361023 148.086990
-4.536000 -296.326019 155.358002
-97.886002 -530.422974 145.382996
-102.075005 -513.059021 163.360992
-102.200005 -533.161011 164.317993
75.119003 -380.488007 171.681000
70.221001 -373.083008 154.578003
71.029999 -390.750000 157.839996
76.444000 -357.425995 170.153000
-2.261000 78.755997 -106.072998
20.973001 76.844002 -104.454002
-194.931000 -428.519989 22.893000
-199.934998 -450.783997 21.708000
-211.599014 -438.564972 17.480999
53.486000 -341.975006 -138.763992
39.012001 -342.700012 -125.098007
45.524998 -325.599030 -125.183998
114.762001 -403.378998 152.522003
109.100998 -416.177979 134.699997
160.375992 -376.057007 85.298004
175.148987 -379.431000 70.771004
169.929993 -357.109985 73.156998
35.989998 -200.399994 -119.079002
-169.438004 -103.070999 10.612000
-166.764999 -102.587997 -16.000000
-170.619003 -122.615997 -11.648000
-26.816999 -453.173981 -127.322998
-35.785000 -475.812988 -128.630997
21.551001 -349.790985 138.618011
32.188000 -330.823975 131.927994
13.532000 -328.084991 144.363007
104.702003 -532.103027 143.085007
100.768997 -518.513000 119.101006
105.549004 -508.409973 139.355011
-134.334000 245.774002 -56.140999
-146.772995 243.341995 -49.326000
-143.106995 255.688995 -42.562000
-44.502998 167.468994 89.201004
-153.862000 -180.411987 -73.841995
-166.574005 -177.706009 -55.303997
-160.361008 -158.619003 -61.648998
-99.277000 -8.077999 144.509003
-108.953995 -28.677000 139.367996
-90.690002 -23.738001 150.641998
-122.004997 -41.544003 126.052010
-120.151993 -24.987999 123.007996
-47.731003 -188.811005 -127.459007
-97.308998 -114.837997 -86.534004
-110.421005 -128.889999 -89.589996
-115.831001 -108.626999 -85.832001
-80.755005 -118.479996 -97.777000
-84.652000 -98.268005 -90.953003
-105.362000 -444.860992 159.850998
-121.864998 -427.854004 160.463013
-127.092003 -449.190002 161.927994
114.184998 62.549004 156.636993
103.600998 80.036003 160.173996
-179.860992 -510.352020 25.478001
3.188000 -281.339996 -121.565002
20.556000 -275.582001 -125.816002
18.067001 -294.233002 -126.110001
116.000999 -408.542999 169.212997
115.520996 -392.095001 170.097000
106.429001 -401.174988 183.112991
-112.065002 -14.958000 -64.016998
-105.410004 -34.853001 -72.389000
-122.463005 -33.089001 -61.368999
-8.937000 -265.973999 -121.634995
-21.045000 -250.557007 -123.576996
-0.895000 -245.800003 -121.505997
-176.166992 -220.746994 -44.140999
-171.252991 -196.906998 -49.542000
-165.408997 -213.981995 -64.190002
-143.767990 227.815002 -60.556000
-132.625000 206.706009 -72.278999
68.664001 -174.772995 155.134003
63.473000 -153.220993 152.740997
106.109001 -187.278000 170.140991
118.516998 -194.929001 155.753998
117.861000 -173.876007 157.186996
-11.869000 87.647995 163.554001
-11.943001 102.022003 155.431000
88.446999 -169.545990 -93.833000
106.376999 -175.423996 -90.856003
110.852005 -429.713013 113.627998
109.282005 -436.244995 136.549988
107.676003 -446.907013 116.512001
84.312996 248.639008 -80.040001
-122.917999 -356.902008 91.799995
34.919003 -473.796997 -145.223999
40.855999 -452.612000 -149.207001
42.917999 -461.032990 -160.248993
87.211998 -222.466003 168.437012
88.078003 -200.634003 169.929001
77.186005 -209.872009 160.367004
61.028999 -240.388000 140.791000
71.774002 -222.837997 152.119995
55.337002 -213.917007 141.037003
-177.119003 207.363998 -55.640999
84.764000 -489.196014 195.628006
102.210999 -500.639984 196.771988
101.745003 -477.186005 194.940994
-18.378000 149.917007 108.112999
-10.177999 135.429001 123.514000
2.129000 146.740005 108.712997
47.906002 16.471001 -81.054001
26.559000 9.479000 -84.530006
26.153000 27.357000 -89.611000
74.278000 -139.250992 165.310989
58.648998 -129.837006 153.889008
-163.487000 -194.755997 -64.562996
5.460000 -154.135010 -107.046997
15.277000 -137.041000 -108.287994
31.376999 -158.858994 -113.011002
-127.826004 -15.829000 -50.631001
-132.962997 -32.028999 -47.832001
-27.910999 -200.535004 -116.818001
-36.242001 -211.313995 -132.425995
-144.548004 -103.778000 -53.943001
-153.904999 -121.412003 -49.807999
-155.882996 -102.202995 -35.910000
-174.201996 -461.726990 -57.804001
-162.180008 -468.014984 -67.331001
-169.819000 -480.975006 -60.554001
-189.117996 -318.857025 0.145000
-189.003998 -328.500977 -18.411999
-188.270996 -341.630005 -2.009000
-93.847000 100.525002 -95.888000
-92.229004 122.704994 -101.709000
-17.495001 -43.706001 -85.313995
-38.227001 -53.066998 -90.992004
-32.823997 -35.000999 -93.340004
82.321007 -540.638000 -140.290009
83.407997 -528.174011 -121.514000
-64.125000 -307.868988 -135.378998
-69.710999 -328.156006 -132.416000
-79.921997 -310.243988 -128.003006
112.860001 -354.672028 141.473999
111.420998 -373.024994 137.563004
-163.257004 -139.347000 -47.055000
-172.183014 -139.156998 -28.924999
-165.717010 -120.405998 -32.760002
139.606003 -44.454002 97.308998
136.886002 -28.733000 104.996002
132.173004 -45.963001 113.949997
62.445000 -346.011993 137.848007
50.278999 -333.285004 128.883011
49.110001 -351.559998 129.591003
-118.593002 48.197002 -65.210999
-135.069992 40.614002 -45.160000
-140.210999 64.347000 -49.903999
-117.875999 23.669998 -56.818001
-55.291000 -223.395996 135.584991
-40.209000 -216.994003 154.393005
-52.096001 -202.212997 142.681000
-34.099998 -234.626999 157.097000
-46.365002 -238.634003 146.250000
160.677002 -126.340004 -17.490000
163.891006 -138.501999 -28.416000
158.556992 -118.987000 -37.422001
133.123001 112.937004 107.867004
136.649994 123.475998 89.028999
126.069992 131.457993 106.140999
151.659988 33.766003 67.622002
129.282990 100.397995 124.122002
116.283997 102.162003 138.435013
125.981003 89.073006 136.610001
-193.681000 -527.352966 80.931999
151.080994 -477.515015 -86.404999
-76.109001 -164.792007 -109.544998
-17.422001 68.931000 -102.926003
-35.730000 61.551003 -100.028000
-36.598999 79.939003 -104.206001
168.643005 -487.533997 -8.811000
169.410004 -505.985016 -24.319000
166.155991 -482.447998 -29.785999
-90.274994 262.511993 24.597000
-83.542999 243.645996 31.854998
36.467999 -183.660004 149.761002
204.136993 -418.759003 48.202999
209.330002 -418.563019 25.308001
207.969986 -400.931000 38.107998
57.050999 -293.013977 -132.373001
-33.939999 -488.106995 182.408005
-22.457001 -501.298004 186.237015
127.103996 -182.309998 -89.378998
130.591003 -205.684006 -89.350998
-67.484001 -289.995026 -133.026001
-88.435997 -292.683014 -122.684006
152.557007 96.764999 72.334999
150.666000 74.941002 73.322998
157.013992 87.431999 54.768002
-61.301998 56.150002 161.975998
-40.399998 65.625999 164.591003
-59.886002 72.706001 164.033997
-74.796997 86.953003 -99.710999
-72.959999 67.695999 -94.369003
-92.737999 78.070000 -91.199005
116.493004 219.436996 47.577999
97.886002 218.664001 47.772999
106.448997 205.463013 59.307999
106.284996 233.164993 34.540001
-48.861000 -387.968018 -133.662994
-28.807999 -394.537994 -129.879990
-45.542000 -405.856995 -132.852005
-11.204000 -400.786987 -126.215996
-11.124000 -381.835022 -127.344994
58.058998 64.625999 -94.021004
47.843002 42.803001 -88.693001
23.878000 -533.947021 -151.419006
34.898998 -545.726990 -166.477997
17.850000 -559.611023 -148.949997
-144.752991 194.354004 -66.519997
-159.070007 192.407990 -56.033001
-154.763992 210.192001 -60.038998
-214.283997 -509.118011 41.809998
-210.878006 -524.066956 42.743000
-186.165009 -220.194000 0.849000
-183.742996 -205.323990 0.121000
-182.508011 -216.396011 -19.378000
143.389008 27.739000 -7.835000
150.847000 19.060001 10.519000
145.451996 7.153000 -8.173000
27.066000 -220.996002 -124.317001
5.986000 -225.766006 -119.088005
-184.049988 -453.666016 -42.346001
-174.735992 -441.425995 -55.844002
-184.440002 -413.450989 18.976000
-181.977005 -435.817993 20.648001
182.288010 -345.108978 -14.630000
180.841003 -321.584991 -18.278002
190.328995 -325.569000 -1.698000
-96.991005 -417.847992 -117.266998
-109.475998 -408.630005 -107.112000
54.223999 -263.261993 134.632004
40.330997 -261.580994 134.709000
53.630001 -279.846985 133.056992
-94.040001 -345.176025 -122.323997
-107.068001 -352.872009 -113.375999
-104.180000 -333.049011 -116.524002
-103.936005 4.890000 -65.826996
161.841003 75.223999 35.128998
-55.077999 -84.239998 156.102997
-42.217999 -97.603996 168.709991
-43.322998 -74.326996 167.223007
52.521000 -357.951996 -148.645004
48.089001 -359.295013 -131.925003
120.806000 -440.764984 101.921997
115.309998 -460.061005 104.084999
81.648994 -279.933990 -114.541000
82.025002 -296.186005 -116.944000
-65.750000 -548.425964 -121.535004
-81.923004 -534.479980 -118.758003
-65.842003 -526.747986 -125.343994
172.682999 -418.184021 77.152000
188.319992 -419.097015 62.396000
180.659988 -399.827972 66.768997
4.407000 89.221001 163.645996
-44.433998 -492.722015 163.678009
-46.286003 -477.682007 145.595993
-48.138000 -499.018005 142.098999
-130.127991 188.350006 -78.458000
56.943001 -5.689000 -78.582001
-154.501999 81.099007 51.700001
-150.341003 57.638000 55.973999
-143.472992 73.076004 71.919998
133.407990 -321.247009 101.341003
-35.955997 -233.326996 -129.365997
-13.980000 -230.469009 -121.402000
173.649002 91.365005 -6.394000
162.940994 83.081001 -26.287001
178.390991 107.403999 -17.550001
-81.422005 150.792999 105.194000
-60.387001 156.507004 101.901001
-76.646004 166.370010 92.723000
-133.983994 166.063995 -77.899002
-118.270004 157.828995 -86.668999
139.979004 -142.343002 93.480995
209.914001 -319.562988 33.348003
208.901001 -343.904999 38.268997
-125.485001 -69.135002 97.783997
-128.591003 -87.971001 104.489998
-130.642990 -71.240997 117.036995
-49.973000 -327.507996 -137.824005
-58.164001 -346.619995 -135.666992
-66.106995 -405.515991 126.469002
-47.568001 -408.096985 139.983002
-53.258999 -384.487000 130.028000
189.344009 -509.666992 1.898000
173.005997 -506.529999 -0.197000
-98.135002 145.030014 103.266998
-95.318001 160.501007 95.968002
-70.459999 243.891998 28.070000
-74.646004 229.866989 38.531002
94.474998 -296.937988 -106.923996
94.618004 -318.606995 -107.473999
82.279999 -312.287994 -119.549995
-48.252998 -302.103027 -138.931000
33.889000 -521.927002 136.905991
52.215000 -531.005981 138.866013
53.368000 -507.420013 136.548004
-33.203999 -288.244019 -129.824997
-25.823000 -301.682007 -125.876991
-119.523003 -509.011993 -90.737000
-128.186005 -526.803040 -89.273994
-137.843994 -506.936005 -81.848999
117.862999 -97.667999 159.941010
122.190002 -85.674004 149.205994
116.871994 -80.452003 161.273010
-72.912003 -67.455002 -97.153999
-56.409000 -60.513000 -93.240997
-57.197998 -83.318001 -100.928001
133.599991 9.979000 117.983994
140.240005 25.491999 103.973999
132.625992 29.132999 122.110001
8.698999 -366.165985 -126.516998
32.519001 -359.684998 -125.122993
27.692999 -374.546997 -124.932999
-119.129005 272.935974 37.386997
-103.716003 266.946991 31.484001
-108.829002 280.595978 22.045000
176.472000 97.321999 12.453000
102.394997 -496.798981 -99.071007
100.477005 -475.872986 -101.281998
118.074997 -483.152985 -95.190002
-103.150002 -475.894989 -107.986000
-118.813995 -473.554993 -94.902000
-110.573997 -461.600983 -102.206001
159.427002 -437.423004 84.244995
179.380997 -440.546021 70.639999
145.703003 61.661003 91.159004
146.264999 83.503998 91.493004
165.949997 -202.727997 -50.859001
152.121002 -199.109009 -61.870003
161.421997 -187.204010 -52.877003
-103.037994 281.029999 -28.733000
-91.319000 280.313995 -40.835999
-100.417999 272.466003 -51.883999
142.207001 -105.137001 -44.808998
140.636993 -86.030998 -38.924999
156.079987 -96.675003 -33.424999
-139.381012 -316.536011 135.401993
-133.737000 -331.416016 148.158997
-148.436996 -412.250000 80.840996
-124.433998 -406.868011 87.174995
-138.955002 -389.663025 86.074997
24.143000 45.010998 -95.282005
81.940002 -503.623016 -124.126999
85.810997 -492.191986 -112.455002
89.147003 -511.388000 -107.955002
163.651001 -506.437012 -63.441998
153.869995 -498.566010 -82.012001
-140.959991 -143.115997 67.760994
-145.799988 -129.342010 60.401997
-151.892014 -144.932999 55.114002
47.586998 -408.342987 -147.375000
39.798000 -403.807007 -130.946991
46.049999 -390.625000 -136.209000
-199.639008 -318.559998 14.615000
-199.465012 -335.429993 16.083000
-184.102997 -458.717987 22.403000
-170.421005 -471.796997 6.836000
-85.194000 -56.972000 -87.390999
-86.448997 -39.630001 -81.216003
-72.780998 -46.519001 -93.137001
-161.831009 107.311005 43.095001
58.892002 0.151000 168.184998
51.709999 18.619999 170.083008
36.796997 3.053000 168.643005
66.031998 34.379002 171.141998
113.509003 -493.443024 184.110001
111.073997 -515.926025 184.149994
66.623001 -446.631989 149.460007
69.976006 -467.465027 162.128006
-136.589005 -400.186005 133.875992
-135.813995 -413.403992 153.780991
-132.557999 -392.751007 155.554993
-127.967003 -42.937000 69.784004
-122.388000 -24.297998 87.151001
-129.954987 -20.276001 65.672005
-174.197998 -419.464996 -57.458000
-162.522995 -431.950989 -68.012001
41.349003 162.643997 -104.659996
42.348000 146.102997 -107.398003
61.774998 157.841003 -107.695999
43.657001 -221.634995 -115.473000
57.228001 -211.199005 -116.139000
57.443001 -232.584000 -119.677002
-71.765999 -27.993999 152.330002
-81.018997 -9.264000 151.309006
67.987000 -18.732000 167.815002
-74.042000 -100.907997 -104.497002
-55.225998 -424.793976 131.545013
-74.288002 -420.963989 131.112991
-67.491005 -436.883972 130.242996
140.819000 5.663000 98.948997
134.779007 -9.850000 112.644997
141.767990 -13.559999 93.431000
-184.778000 -445.760010 -23.584002
-185.837997 -424.821991 -20.326000
-104.732002 265.451996 -53.906002
-103.577003 275.475006 -42.314999
149.636002 -398.729004 -83.148003
154.048996 -414.263000 -78.303001
137.773010 -409.882996 -93.575996
125.755997 -6.016000 134.292999
5.140000 13.120000 -89.184998
-209.975998 -288.054993 35.371002
-199.798004 -301.661987 12.891000
-182.518005 -398.875000 3.955000
-95.670998 -290.369019 134.811996
-115.985001 -283.128998 145.244995
-108.672997 -302.947021 143.556000
-188.893997 -183.248001 4.709000
-193.664993 -188.644012 26.569000
72.641998 -516.340942 184.641998
85.916000 -512.778992 198.477005
-105.963997 -249.185989 142.617004
-95.055000 -233.998993 135.764999
-113.193001 -232.172989 144.869995
-139.030991 -191.134003 119.488998
-138.570999 -209.108002 115.806999
-133.858002 -201.615997 134.563004
-174.998993 135.781006 -37.039001
-171.873001 145.319000 -36.974998
-166.733994 116.375999 -50.506001
76.584000 -243.081009 155.895996
159.623993 -218.274002 -60.192001
169.414993 -217.335007 -45.060001
-38.098999 153.785004 104.510002
159.942993 -398.375977 -69.440002
145.972992 -434.307983 -86.581001
161.455002 -430.850006 -68.269997
-148.746002 -18.940001 16.023001
-146.621002 -9.882999 33.269001
-148.423996 8.813999 21.011000
5.833000 -495.153015 170.781998
10.328000 -483.171997 154.888000
37.436001 -282.438995 -126.157997
36.331001 -260.199005 -126.469002
-77.853996 -346.615997 -128.916992
-91.000999 -361.742004 -124.113998
22.810001 -389.333008 -124.727005
-47.639999 -496.704987 -129.436996
-52.898998 -482.819000 -131.533997
-144.282990 278.033997 -15.416000
-149.467010 280.385986 3.957000
-136.692001 284.352997 -4.351000
-161.311996 272.493988 -9.514000
175.862991 -353.075012 -34.715000
179.257004 -369.231995 -19.261002
173.050003 -375.932007 -40.062000
-68.703003 -191.862000 -125.768005
139.880997 93.292999 108.925003
135.790009 82.193001 126.176994
-6.442000 -508.082977 182.013000
-54.017998 -103.375999 156.220001
-46.869999 -118.800003 163.732010
28.519001 -456.296997 -130.372009
147.433990 -106.274002 80.770996
138.432999 -121.393997 95.021004
149.069992 -130.537994 76.944000
-126.230003 -5.368000 77.495003
151.975998 -416.664001 86.024002
167.352997 -397.493011 82.126999
146.862000 -395.942017 90.079002
167.585999 229.832001 -58.868000
173.993011 246.809998 -46.654999
-153.347992 265.733002 -27.504999
-168.602997 261.294983 -24.357000
-136.261002 269.300018 -32.160000
164.199997 -155.266998 -23.111000
-6.085000 -305.053009 -121.834999
66.399002 -284.862000 141.391998
66.565994 -266.842987 141.128006
-56.471001 -62.592999 156.072998
65.577995 -499.729004 147.171997
61.613998 -487.654999 139.638000
-57.619999 130.763000 128.726013
-44.629002 121.769005 138.565002
-42.196003 132.613007 126.224991
-76.089005 125.254005 129.981995
-69.499001 140.070999 116.501999
132.544998 -145.067001 -76.440002
135.964005 -166.419006 -71.483002
114.302002 190.106003 75.769997
136.139008 188.531998 65.049004
128.203003 203.649002 58.074001
-117.770996 -52.198002 -69.751999
-196.731003 -491.777008 21.244001
-183.978012 -476.744995 23.249001
-171.339996 -491.880005 20.650999
-53.188999 55.479000 -95.459000
-34.590000 42.020000 -95.417999
-53.125999 38.048000 -91.277000
-185.828995 -269.208008 -25.356001
-187.448990 -292.819000 -26.085001
102.188995 -166.378998 172.474991
115.046005 -152.695999 161.491013
93.350998 -145.936005 172.647003
-74.225998 287.567993 -24.938000
50.450001 -454.416992 -169.751007
166.802002 -458.662018 81.407005
152.875000 -474.798004 84.633995
170.948990 -480.567993 76.621002
-103.426003 -422.076996 155.451996
-93.301994 -433.932983 149.625000
-88.715004 -419.438995 142.856003
-92.293999 -451.313995 150.970001
-90.173996 -16.268000 -74.765999
-72.275002 -27.208000 -85.377998
-87.104004 -332.257996 131.970001
-85.834000 -352.497986 131.915009
-69.955994 -344.367004 123.432999
-185.528992 -186.203995 48.741001
-190.873993 -204.638000 47.696999
110.687004 -225.675003 167.936996
107.853004 -207.044006 169.489990
77.889999 -246.253998 -117.816002
57.610001 -252.662003 -123.360001
24.597000 -513.661987 -145.302994
8.334000 -524.661011 -133.444000
8.613000 -502.522003 -127.087997
74.054001 -78.403999 -104.261002
67.862000 -96.302002 -115.875999
48.439999 -86.510002 -103.549004
26.761000 -390.540009 134.903992
19.645000 -409.456024 144.875000
37.723000 -411.996002 129.370010
135.673004 -230.867004 97.944000
148.278000 -213.203995 85.035004
116.850006 -364.859009 156.173004
-145.023010 236.625000 49.751999
-15.695000 -435.875000 -125.833008
-26.166000 -415.998016 -128.740997
0.975000 -417.838013 -124.642998
-16.485001 -285.623016 -124.123001
-150.705002 -485.161987 -74.791000
197.837997 -267.423004 0.284000
178.636002 -269.910980 -12.682000
189.119003 -248.901001 -1.653000
130.098007 -455.464996 93.535995
138.785995 -436.483002 90.301994
124.613998 -474.181000 94.787003
-14.829000 -361.458008 -126.635002
-1.577000 -348.615997 -125.790001
-31.429998 -374.705994 -130.809998
101.563995 -157.587006 -88.009003
75.184998 -178.706009 -105.398994
-119.850998 -383.489014 90.056000
-136.118988 -368.977020 88.059998
14.407000 5.824000 171.778000
-5.236000 21.833000 169.716995
-9.252000 -3.028000 170.362991
-107.463005 184.770004 75.739006
-89.838997 191.720001 74.932999
-104.289001 200.901001 66.978996
-89.789001 185.303009 -99.216995
-100.114006 -269.250000 138.625000
-80.556000 -277.011017 126.916008
-83.316994 -252.258987 129.886993
11.207001 -426.954010 154.598999
4.107000 -447.888000 166.893997
17.284000 -445.342987 145.714005
79.644997 124.482994 -104.000000
81.015999 145.166992 -104.889999
101.249001 135.787994 -99.290001
-136.038010 85.477005 88.397003
8.759999 -391.737000 -125.365005
107.848999 -455.149994 136.109985
113.769005 -467.580994 151.022995
106.324997 -472.622009 134.546997
-116.583000 -197.166000 145.592010
-132.330994 -180.556992 137.050995
165.863007 -332.731018 75.014999
-29.089001 -179.014999 -115.506004
-174.959000 184.737000 -54.232998
-163.544006 173.720001 -51.555000
60.662003 54.054001 172.334991
55.481998 74.033997 172.801010
41.815002 59.156998 171.935013
-111.231003 -354.191010 150.817001
-132.007996 -348.747986 151.651001
-124.083000 -370.063019 155.210007
-169.700989 74.626999 -8.958000
-159.593994 45.703999 -8.888000
-171.643005 56.887001 13.535001
-175.468002 99.356003 -17.584999
-160.588989 80.539001 -32.729000
75.940994 -196.781998 -107.463005
125.749008 256.268005 -58.082001
-101.686996 -158.329987 144.929001
-83.329002 -152.106003 137.907990
-97.369003 -137.885010 145.255997
-188.642990 -310.505005 -16.342999
-187.345993 -315.256012 -33.599998
82.529999 263.544006 -67.631996
110.437996 -420.462982 181.048004
125.228004 -340.829987 -98.467003
126.852005 -320.479004 -98.084000
137.207993 -332.029022 -91.955994
23.294001 -473.484985 -130.307999
27.697001 -491.591003 -140.539001
-103.132004 12.264999 132.080002
-112.452995 -9.569000 128.854004
38.095001 -350.037994 131.031006
122.415001 -206.759003 140.656998
123.847000 -184.210999 133.598999
25.410000 -424.562988 138.035995
32.861000 -431.885986 132.134003
152.944000 39.499001 9.036000
-67.854004 51.628998 -91.422997
-72.471001 38.847000 -87.113998
137.194000 -252.130005 -88.046997
150.942001 -242.238998 -69.881996
145.871994 -265.253021 -80.032997
5.837000 -441.983002 -124.353996
22.667000 -428.319000 -125.162003
78.512993 268.985016 0.292000
-121.188995 113.402000 106.848000
98.084000 212.895004 -94.821999
92.490997 230.467010 -88.551003
84.770996 -70.341995 -84.862999
71.257004 -57.235001 -97.354004
80.109001 -416.845001 -144.576996
77.646004 -408.421021 -158.666992
79.970001 -397.408020 -147.360001
112.720001 -220.856995 -96.743004
-118.252998 213.264008 57.248001
-97.764000 216.369003 58.350002
140.316986 -349.307007 -90.940002
127.046005 -360.779999 -97.645996
103.109001 197.669006 -96.275002
119.417000 207.378006 -86.124001
113.672005 189.417999 -92.750000
140.419998 -42.148998 -23.941000
128.006989 -20.396000 -29.367001
143.733994 -14.427000 -14.973000
192.533005 -451.709991 62.735996
196.667999 -467.826996 56.772999
201.837006 -452.218994 47.584999
71.046997 -117.153999 164.779999
56.171997 -106.593994 155.810989
-156.860001 136.860992 -59.084000
-135.925995 114.297005 -71.601006
-113.450996 283.953003 -17.408001
-100.703003 286.359985 -14.756000
145.400009 269.026001 -31.358997
162.337006 258.951996 -35.556000
143.893005 256.132996 -47.672001
19.794001 -241.822006 -122.663994
99.602997 45.919998 165.197006
80.372993 50.067001 171.419998
104.218994 26.694000 162.501999
85.917000 30.724001 169.180008
203.167007 -273.575989 41.420002
208.654999 -269.067993 18.143000
211.182999 -252.994003 28.658998
88.737007 -395.105011 -112.922997
98.165993 -373.282990 -104.804001
106.182999 -392.574982 -100.972000
0.205000 109.641998 -110.835999
-22.299000 -223.013000 161.841003
-178.462997 -495.042999 -49.582001
-164.729004 -500.944977 -64.203003
-173.201996 -515.651001 -53.752998
-20.592001 -166.406006 166.995010
-1.867000 -155.714005 169.095993
-38.245998 -337.972992 151.210999
-50.632000 -334.589996 131.809998
-44.335999 -352.557983 143.460007
-91.054001 -311.346008 132.411011
173.494995 -146.381012 49.738003
167.593002 -125.585007 50.420002
163.278992 -137.279999 50.393997
75.919998 -12.024000 -76.774002
-92.469002 246.595993 -77.612000
-106.770996 255.928009 -65.132996
106.136002 -535.244995 189.138000
212.014008 -293.401001 25.251999
210.927002 -287.126007 4.117000
-24.236000 -205.356003 162.666000
183.725998 -381.593994 -4.433000
176.765991 -394.652985 -19.526999
-93.062996 283.718994 -3.144000
-106.601997 288.696991 1.228000
159.016998 -13.663000 43.317001
157.054001 -4.014000 30.255999
156.645996 4.851000 46.271999
-198.671005 -216.361008 24.889000
-126.732010 -227.783997 -101.892998
-116.469002 -244.135010 -107.862999
-0.582000 -374.355988 162.158997
13.488999 -394.407013 151.466995
15.608000 -371.332001 144.923996
-131.264999 -533.882996 165.755997
-12.196000 -148.658005 -100.193001
-9.405000 -169.655991 -105.902000
156.840988 -57.034000 57.873001
165.965012 -43.091000 53.203999
151.100998 -37.732002 69.434998
142.189987 71.367004 109.769997
126.581993 -74.656998 -50.850998
139.761002 -67.059006 -32.411999
157.886993 152.613998 -69.591995
146.300995 169.076996 -78.905998
163.686005 171.563004 -67.535995
-95.990005 -533.171021 79.425995
-109.052002 -531.911011 72.438004
41.060001 -484.791016 -163.098007
35.181999 -506.036987 -160.326996
133.439011 220.126999 45.993999
-82.962997 46.569000 152.808990
-102.529999 49.876999 137.473999
-92.875000 29.773001 141.873993
-36.021000 -317.411011 -132.496002
-21.261000 -321.797028 -125.908005
-35.925999 -334.587982 -132.714005
-140.076996 -249.016998 77.035004
-145.223007 -232.723999 72.708000
-155.697006 -244.142990 67.312004
-96.216003 -439.191010 -116.922997
-98.132996 -458.955994 -114.739998
-111.238998 -445.121002 -103.536003
-140.544998 -479.256989 150.764999
-140.029999 -494.569000 142.638992
7.260000 -20.121000 172.188004
24.013000 -34.274002 171.947998
-89.821007 230.166000 46.645000
82.254997 -406.906006 -129.654007
87.967003 -419.207977 -113.280998
22.660000 -408.731018 -124.961006
-153.143005 -443.339996 -74.391998
-163.626999 -451.063019 -66.970993
153.959000 -358.395996 -74.914001
169.103989 -356.804016 -55.222000
165.132004 -379.274994 -62.187000
-99.744003 -342.406006 142.417999
174.600998 -115.608002 11.853000
-122.937004 -263.738007 145.276993
157.937012 270.296021 -18.982000
-132.730011 254.898010 47.736000
-127.058998 231.959991 51.234001
-76.609001 -455.809998 -130.291000
-25.327999 -128.649002 -102.040001
-41.681000 -130.099991 -111.017006
-41.661003 -113.406998 -107.014999
-96.849998 -118.192001 147.223999
-114.602997 -111.156998 147.217010
-109.624001 -126.709999 149.177994
7.446000 -115.087006 -101.741997
25.921000 -97.102005 -101.070999
31.127001 -123.104996 -105.000000
15.507000 -7.135000 -84.384003
-5.679000 -8.371000 -85.872002
-99.324005 207.725998 -89.834000
-118.257004 207.716003 -81.837997
-156.439011 -389.802002 76.002998
-169.481995 -406.658997 69.365997
-175.408997 -384.404999 66.927002
-96.493996 279.527008 13.386000
-88.956993 277.633026 7.706000
115.466995 -410.955994 -97.524002
99.014999 -409.694000 -103.723000
-173.621994 -129.839996 6.346000
-175.485992 -116.444000 27.660999
-128.584000 281.143982 -18.872000
-117.399002 274.325012 -38.506001
-127.537994 260.026001 -48.324001
-188.642990 -296.794006 -4.305000
-169.411011 -288.585999 -60.988003
-171.688004 -267.091003 -54.359997
-159.076004 -274.106995 -76.159996
-122.171997 -73.247002 133.981003
-124.624001 -58.015999 126.661003
-149.020004 257.735992 42.786999
-135.324997 275.615997 34.251999
193.467010 -505.055023 58.250000
188.350998 -484.306976 65.338997
177.741013 -502.721008 71.988998
-105.109001 -542.885010 -111.954002
-34.257999 -303.447998 153.001999
-16.718000 -309.378998 160.444000
-204.010986 -360.087006 58.188999
-212.175995 -376.324005 55.049000
-195.462006 -379.100006 63.043995
139.115005 144.499008 -83.082993
118.575996 149.909012 -93.425995
120.851006 127.883003 -91.640999
2.971000 -46.319000 172.179001
147.222000 -454.955017 86.341003
169.430008 -316.072998 -54.459000
174.973999 -316.035004 -33.702999
172.591003 -335.671997 -46.199001
174.462997 -284.335999 -29.348001
171.263000 -303.709015 -45.840000
170.710999 -277.709991 -48.742001
67.750000 89.622002 166.813995
50.783001 90.028999 167.342010
-21.312000 -86.069000 -90.621002
-0.318000 -74.502998 -89.238998
1.380000 -94.226006 -93.983002
130.781998 275.579987 -24.692999
144.710007 277.065979 -12.096000
144.080994 105.079002 90.570000
154.856003 120.149002 69.416000
-200.606003 -358.204987 18.394999
-213.562988 -335.337006 33.145000
-141.182999 145.210999 68.472000
-150.584991 127.239006 58.730000
-197.875000 -289.359985 54.290001
-183.876999 -274.976990 55.770000
-71.703003 -251.843002 -128.792999
-66.623001 -235.772003 -132.084000
-54.153999 -244.146011 -139.993988
-136.089996 -467.977997 -85.222000
-129.128998 -489.117004 -87.544998
-63.289001 -399.962006 -134.666992
-74.593002 -385.231995 -131.602005
113.945000 40.220001 151.858002
-43.551003 -317.499023 143.850998
-46.049000 -296.276978 139.519012
-55.911999 -309.322998 128.249008
117.201004 278.666992 -2.538000
129.132996 280.519989 -5.497000
119.856003 279.755005 -18.216999
127.035004 52.007000 141.807007
-168.959000 -250.856995 -60.556000
-174.069000 -243.927994 -49.481998
81.153000 -363.083984 -138.991989
85.562996 -369.839020 -119.163994
81.789001 -384.721008 -133.215988
-116.067001 -268.907990 98.653999
-123.591995 -285.721985 88.815002
61.592999 -425.615021 140.154007
71.485001 -426.907013 160.127991
-214.723999 -362.507996 38.896999
-187.570999 -394.990997 18.065001
-185.298996 -379.049011 9.474000
-58.053001 -468.957977 -133.720993
-48.633999 -453.751007 -132.192001
53.713001 -404.811005 132.985992
48.556999 -423.678009 130.848999
-49.903999 142.214996 115.403000
-31.282000 139.882996 117.634995
-181.287003 -190.677994 0.092000
-179.337997 -173.531998 0.686000
132.205994 186.610992 -85.483002
115.091003 171.950989 -93.815002
-137.210999 -324.380981 -93.750999
-120.950996 -339.661011 -103.902000
-137.806992 -349.557983 -91.206001
-116.097000 -317.608002 -108.643005
5.065000 111.296997 147.960007
22.173000 105.632996 154.732010
24.656000 123.740997 137.848007
-12.182000 -512.640991 -124.934006
-7.329000 -535.192017 -126.323997
-25.781000 -528.559998 -122.153999
115.931000 -462.951996 -95.963997
130.455002 -449.953003 -96.182007
134.104996 -470.102997 -93.979004
-132.328003 -487.371002 82.700996
-149.712997 -495.126984 80.150002
-136.954987 -506.774017 82.370995
44.989998 -21.623001 -81.414001
51.549999 -34.188999 -87.136002
33.759003 -37.716999 -81.446999
-80.464996 280.787994 -5.782000
167.688995 262.609985 21.715000
-161.690002 -369.296997 72.719002
-148.625000 -375.223999 81.632004
-149.554993 -357.880005 81.058006
131.979004 -1.547000 -22.860001
78.672997 -519.186951 -164.678009
68.928001 -536.265015 -171.495010
66.570000 -518.360962 -172.455994
64.088997 -542.393982 -172.423996
71.110001 -552.880005 -170.681000
-186.042999 -406.318024 -40.546001
-188.951996 -386.018982 -30.194000
-181.555008 -383.096008 -50.722000
79.797997 -305.847992 -141.882996
55.473000 -310.658020 -138.766006
-40.344002 -408.269989 157.427002
-21.510000 -397.563019 173.443008
-36.700001 -383.446991 160.344009
-150.944992 -460.332001 -75.014000
-137.057999 -371.121002 -90.157005
-122.950005 -377.845001 -99.160995
-132.220993 -390.830017 -91.788002
-107.169998 -375.104980 -111.684006
-122.128006 -360.830994 -101.030998
-141.156998 -459.320984 147.376007
-149.785004 -478.152008 79.690002
-129.368011 -464.317993 84.070000
-142.727997 7.563000 42.659000
120.168999 -317.458008 111.103996
113.365005 -326.337006 128.451996
-67.372002 -95.002007 147.548004
-62.357002 -119.966003 148.932999
-138.967010 -111.107002 66.194000
-132.695007 -91.553001 70.225998
-150.135986 -99.003998 53.791000
-157.464005 -117.989006 53.769001
-114.532997 262.759003 -54.332001
88.143997 -239.949997 -108.607002
77.209999 -227.438004 -113.677002
92.157997 -224.500992 -104.657005
79.198006 -323.774994 -148.059998
53.754002 -325.854980 -144.082993
59.901001 -314.783997 -158.876007
56.301003 -189.181000 -113.156998
130.973999 164.651001 -88.983002
99.812004 157.615997 -100.675003
127.010002 -252.315018 107.263000
121.707001 -252.043015 123.262001
121.372002 -268.777985 119.497002
156.895004 -500.117004 84.784004
119.122002 45.880001 -58.371998
111.647003 61.595997 -70.373001
134.848999 65.024002 -55.220001
-178.748993 -508.704010 78.320000
-165.942993 -492.413025 75.026001
-54.847000 -134.205994 -116.031998
-42.807999 -147.301010 -114.987000
-95.797005 -312.509003 -120.807999
127.976997 -91.838997 -56.343998
116.379997 -317.536011 147.681000
115.165001 -306.839996 165.112000
115.448997 -326.792999 164.397995
153.110992 -539.053040 57.834000
138.964996 -543.638000 84.905998
181.932007 -463.790009 68.917999
124.461998 -18.879000 -46.062000
127.042992 -36.467999 -42.461998
-139.436005 -408.966003 -83.391998
-118.098000 254.101990 -66.186005
-168.643997 -526.854004 78.238998
17.910000 -342.316010 -126.568001
5.733000 -409.456024 160.897995
-22.376999 34.577999 167.585007
-2.584000 47.477001 168.803009
-128.904007 -124.716995 -82.612999
-137.429993 -141.660004 -79.011002
-121.421005 -143.827011 -91.125000
151.628006 -158.809006 -53.841000
140.241989 47.277000 110.659004
-23.687000 161.417999 91.728004
121.143997 -117.601997 154.531998
124.535004 -121.839996 129.639999
123.857002 -101.361000 141.709991
-100.495003 -397.071014 -115.621002
-103.331001 -405.593018 102.434998
-113.162003 -390.114990 116.446007
154.889999 12.217000 28.886999
155.091995 33.306999 28.018999
-1.807000 -330.108002 -123.919006
16.518000 -320.417999 -126.748993
-50.523998 -18.947001 160.929993
-45.014999 2.812000 162.908997
-63.133999 -5.972000 156.552994
-168.317001 -310.115021 -64.562996
-155.425003 -317.998993 -79.634003
206.169998 -223.925995 32.791000
201.572006 -219.264999 19.715000
200.246002 -195.583008 37.636002
103.389999 -430.330994 -101.418007
108.226997 -352.804016 -101.039001
115.396996 -374.753998 -98.834999
68.219002 -478.722015 150.337997
50.753002 -443.888000 132.377991
43.271999 -460.624023 131.772003
-11.883000 119.598000 140.566010
14.146000 136.944000 122.625999
4.281000 125.691994 134.748993
92.777000 -243.135010 170.595001
-107.525002 -77.073997 148.573990
-90.994003 -63.239002 149.167007
-113.145004 -53.737000 141.289993
-108.040001 -501.744995 119.686996
131.026993 -83.454994 110.188004
126.802994 -101.281998 120.884003
135.237000 -102.232002 100.805000
-119.820000 -92.459999 141.409988
-129.699005 -110.633003 131.389008
39.896999 -420.195984 -134.193008
45.456001 -431.516998 -155.266998
37.715000 -438.212982 -137.190994
141.324005 -376.527985 93.320000
126.601997 -56.027000 -45.138000
-98.943001 -403.914001 149.628006
-83.778999 -403.921021 135.598999
77.679001 -426.045013 -159.748001
57.814999 -413.003998 -170.138000
149.699005 -290.028992 -79.827003
156.154007 -313.976990 -70.497993
142.764008 -314.790985 -87.611000
124.202995 -222.184998 129.553009
120.235001 -225.125992 149.563004
121.311996 -243.009003 138.520996
-115.931999 -392.938995 -103.261002
-110.385002 167.434006 85.212997
-124.472000 174.363998 71.387001
-126.773003 156.673996 77.723999
-123.630005 194.500992 64.039001
-135.141998 -125.487000 112.995995
-128.641998 -141.244995 102.799995
55.578999 -170.022003 -111.034996
54.880001 -150.046997 -113.056000
74.983002 -161.759003 -104.203003
-90.834000 -533.635010 92.570000
94.279999 -81.398003 -70.141998
110.113998 -96.222000 -71.344002
94.070000 -103.536003 -72.261993
-120.746002 -0.976000 94.796997
-120.627998 -14.700000 110.117004
-166.761993 -237.147995 57.089001
-182.689987 -240.995010 52.062000
-169.751007 -257.279022 58.826000
-25.999001 -142.307999 -107.538002
-96.910004 -457.092987 101.706993
-107.607002 -445.983002 117.416000
-100.909004 -440.394012 91.831001
87.337997 -443.265991 -113.624001
100.342995 -454.128998 -102.176003
86.530998 -467.732025 -113.062004
114.292000 -445.283997 -96.887001
149.516998 -74.652000 75.111000
160.304001 -79.695000 54.264999
104.993996 -464.118011 119.651001
-197.181000 -227.291000 45.709000
-203.473999 -241.133011 26.148001
-201.350998 -249.658005 45.297001
53.736000 -341.119995 -153.431000
77.854996 -359.071991 -155.200012
-28.154001 -65.008003 172.511002
69.507004 -95.030998 164.125000
-187.317993 -382.970978 -9.983999
-188.981995 -368.033997 -24.673000
-182.067001 -147.746002 34.612999
-184.755997 -139.854004 12.452000
-188.967010 -163.837997 23.594999
-146.322998 -82.128998 -40.954002
-128.684998 -217.951004 104.519005
33.794003 60.813999 -98.522995
43.983002 79.159996 -101.511002
-111.102997 -388.082001 154.604996
-103.353004 -371.014008 148.524002
-135.734009 -159.858002 129.272995
-132.414001 -160.248993 105.800003
-138.319000 -174.426010 119.510002
-118.853004 -443.011993 85.060997
-108.792999 -423.621002 88.724998
-101.426994 103.671997 135.881012
-109.647995 82.209000 135.996994
-88.745995 88.318001 150.578003
-15.903000 27.802000 -93.889000
-144.316010 -177.320999 67.436005
-128.120010 -169.623001 82.237000
-136.028000 -157.718002 74.292000
-15.000999 -123.802994 170.076996
1.631000 -134.744003 170.917999
3.953000 -109.681999 171.673004
180.552002 151.893005 -46.965000
173.359009 162.817993 -57.225998
167.586990 -64.020996 41.381001
140.065994 241.890991 41.018002
124.566002 236.227005 36.515999
-131.752991 -160.279007 -89.596001
-146.472000 -158.794006 -76.789001
184.765991 -489.681976 3.164000
40.447998 -396.893005 129.125992
153.274002 -142.743011 58.812000
151.457001 -120.291000 58.208000
138.785995 -64.453995 99.041000
128.122009 -64.829994 123.020996
167.386002 -188.537994 -35.553001
205.667007 -243.334991 5.204000
145.778992 44.424000 -20.847000
136.116989 45.130001 -39.505001
148.467010 62.090000 -33.266998
-92.633003 -506.075989 93.307999
-93.542000 -508.778992 110.232002
-95.220001 -493.649994 111.516998
-92.138000 -523.346008 109.750999
-88.582001 -527.085022 100.317001
-7.812000 156.322006 96.082001
-92.084999 -155.131989 -98.922997
-111.457001 -163.914001 -97.335007
-105.659004 -145.585999 -93.785004
-132.485001 -125.290009 75.390999
141.291000 204.181000 51.680000
148.847000 174.763000 66.833000
-20.281000 83.611000 -106.320000
80.457001 -343.407990 -144.471008
-93.653000 -176.313004 -104.716003
-109.440994 -185.161987 -102.663002
36.014000 -244.498001 139.597992
22.142000 -261.214996 143.041992
88.363998 -366.746002 182.592010
88.062004 -352.088989 180.514999
-68.116005 100.444000 153.862000
-71.211998 83.527000 160.695007
-107.488998 141.551010 -93.385002
-112.767006 117.804001 -88.620995
-130.670990 140.798004 -80.084007
-124.413002 -104.073006 89.405998
-123.185997 -84.492996 87.806999
-61.657001 -265.803009 -136.125992
-38.754002 -257.384979 -134.214996
-43.658001 -279.419983 -137.738998
79.400002 -446.972992 -155.739990
148.324005 -457.089996 -87.093002
-169.429001 -106.571999 40.477997
37.774998 -119.843994 155.392014
39.616997 -92.699997 158.205994
127.924995 72.609001 141.190002
115.879997 84.777000 149.060989
-1.376000 -316.817993 154.393005
-12.011000 -329.071991 160.567993
0.711000 -334.533020 155.865005
-23.629000 -342.467010 163.229996
-29.717001 -323.058014 157.212006
-86.889999 143.904007 -102.298996
-86.598000 -478.181000 145.784012
-101.795998 -490.848999 162.069000
-90.875999 -498.028992 150.977005
-91.494003 -41.917999 150.815002
-124.100998 287.282990 -0.841000
22.521000 65.632996 169.910995
20.623001 90.997002 163.957001
-113.777000 -71.053001 -79.624001
-103.917999 -93.570000 -81.231995
180.181000 -288.780975 -12.796000
191.311996 -287.523010 -2.604000
-133.901993 -50.565998 -54.528999
-52.285000 92.171997 159.031998
81.240997 -330.264008 -135.013000
82.590996 -344.835999 -125.011993
-50.760002 -563.610962 -122.110001
32.998001 -142.085007 -107.458000
-120.847000 -203.557007 -102.076004
-140.137009 -215.401001 -91.694000
-139.578995 -193.294998 -89.361000
-34.673000 -354.364990 -132.326004
197.865997 -197.069000 19.334999
192.219009 -175.981995 12.447000
196.246994 -178.975998 29.537001
135.975998 14.153000 -19.398001
135.214996 28.570000 -27.260000
29.859001 -368.155975 132.262009
37.865002 98.261002 161.204987
38.065002 79.916000 169.997009
68.741005 -438.152985 -171.669006
-77.079994 213.779999 53.839001
80.089005 -3.360000 171.528992
88.618004 -22.794001 171.656998
70.414001 -134.959000 -127.288994
53.059998 -132.786011 -114.508003
133.316986 260.598999 29.785000
168.923004 -206.781006 -31.739998
-16.292000 -359.755981 168.018005
-6.715000 -348.309998 161.858002
200.196991 -307.630005 0.428000
213.512009 -311.760010 17.263000
111.863998 93.602005 -86.542000
129.766998 99.140007 -75.905998
121.959999 79.728996 -73.115997
-56.807999 -205.665009 -134.091003
-180.815002 -508.139008 -34.627998
51.120003 -374.253998 -144.869995
196.712006 -436.221985 55.663998
142.863998 -252.902008 91.610001
-81.929001 109.777000 142.192001
-116.542999 98.489998 122.028000
48.063000 -66.816002 -98.435997
49.458000 -48.626999 -91.411003
102.646996 -89.651001 171.324997
106.656998 -111.570999 169.948990
-66.779999 -365.809998 -133.369995
-84.043999 -513.490051 144.527008
-81.097000 -129.798996 141.100006
-106.343002 65.959999 -79.172997
-85.496002 57.406998 -88.642998
-165.712997 226.300995 -52.743999
-138.059006 -292.313019 124.159004
-132.884003 -272.170013 114.598999
-122.583000 -286.789001 110.201004
-149.825012 -34.361000 -4.023000
-140.051010 -28.238001 -17.974001
-145.199005 -47.309002 -19.575001
-182.134995 -258.479004 -39.891998
-183.901993 -238.022003 -32.389000
-178.673004 -363.674988 -53.896999
-169.428009 -374.125000 -67.901001
-194.392990 -320.709991 59.098999
-209.526001 -325.675995 49.827000
-197.375000 -340.712982 59.484001
-192.509995 -304.408997 58.584999
-206.617996 -305.996002 50.462997
72.273003 15.205999 171.055008
92.416000 12.106001 168.709991
89.901001 -414.893005 188.832993
74.181999 -405.645020 171.761002
77.169998 -429.178009 180.926987
152.770004 -235.195999 81.375000
165.343002 -240.450989 65.572998
-140.554001 -282.494995 -93.317001
-157.307999 -296.811005 -79.159996
-52.799999 -359.130005 129.785004
-71.103996 -366.621002 123.778000
-31.150000 -441.417023 176.067001
-27.143000 -455.759003 179.792999
-14.339000 -441.489990 179.332001
-165.401001 -280.279022 63.816002
-119.223000 -369.248993 118.362000
-127.463997 -386.658997 123.566002
-132.676010 -370.442993 126.620995
43.140003 -39.905998 163.102997
124.677002 15.386999 134.449997
-126.433998 -123.802994 97.652000
-86.278999 -75.724998 -85.810997
27.828001 -451.743988 135.112000
19.655001 -469.488007 141.440002
161.908005 -81.768997 7.484000
161.014999 -62.103001 11.997001
170.205994 -72.292000 24.083000
-185.018997 -431.800018 -40.596001
95.542000 -434.356995 191.210007
100.987999 -453.755005 193.039001
-142.039001 -230.418991 -91.715004
-154.210999 -232.471008 -79.153999
-139.938995 -447.111023 -82.695000
145.398010 40.477997 88.312996
-207.231003 -263.678009 29.404999
7.828000 -350.975983 152.569992
-180.880997 -173.589005 -17.271002
-176.847000 -176.643997 -38.257000
-139.225006 -57.056000 55.241997
-139.207001 -36.176998 52.719997
-152.485992 -47.695000 43.104000
68.935997 -356.234985 150.953995
71.168999 -338.223999 156.235992
52.297001 -297.274994 130.852005
-20.330000 -64.520996 -87.975998
1.333000 -53.711998 -87.178001
189.337006 -228.722000 0.423000
79.111000 -212.602005 -108.788002
-157.146011 238.692001 -48.225998
-136.848007 49.885002 77.482002
-132.400009 33.605000 75.286003
-124.980003 35.883999 92.153000
-158.322998 32.181999 10.742001
104.765999 -381.579010 182.087997
103.421005 -365.884003 181.305008
192.587006 -437.011017 2.897000
210.151993 -438.727997 0.335000
202.526001 -454.816010 0.727000
51.261997 -314.873016 129.128998
11.698000 -261.610016 -121.118004
124.220001 -392.221008 -97.283997
-124.041000 -454.165985 -92.635994
-98.723999 -490.393005 87.312996
-112.916000 -478.957001 81.839005
-114.217995 -500.459015 81.177002
-23.695000 -9.221000 -85.699997
-19.045000 7.947000 -87.540001
156.589996 24.574001 47.210999
152.078003 13.320000 64.701996
-60.125000 -244.463989 131.227005
-173.167007 97.739006 2.886000
162.011993 -32.334000 38.499001
157.863007 -25.004000 59.297001
184.913986 -284.404999 55.913002
198.863007 -302.073975 46.603001
-146.948990 -428.195007 -78.203003
42.014000 127.508003 -108.410995
26.493999 135.842987 -106.833000
58.514000 116.711998 -107.804001
60.874001 135.975006 -108.548004
80.067001 -470.516998 -154.972000
69.035004 -477.250000 -170.679001
77.515999 -489.984985 -165.431000
55.368999 -86.445000 157.664001
66.073997 -73.235001 162.671005
-126.810997 -68.301994 72.994003
-149.058990 -32.448002 34.192001
-127.939003 -69.659004 -66.889999
4.354000 -260.957001 153.559998
168.373001 -471.751007 -17.434000
169.862000 -455.878998 -15.180000
142.048004 -86.629005 90.549995
-32.905998 -360.395020 159.059998
-18.757000 -378.582001 170.550003
-108.451004 -295.610016 -113.886993
-99.895004 -275.760010 -117.680000
185.565002 -239.111008 48.063999
168.759995 -265.850983 65.693001
151.757996 45.630001 -5.737000
25.313000 -76.152000 -95.404999
11.829000 -81.044006 -97.520004
15.471001 -63.119003 -96.954002
207.509003 -435.858002 38.554001
-186.615005 -420.919006 67.906998
-203.791000 -432.579010 68.445000
-186.800003 -441.776978 71.133003
101.368004 111.066994 -97.496002
74.936005 103.642998 -102.282005
-24.250000 -218.197998 -119.143997
114.390999 -286.063995 -100.181000
112.189003 -308.184998 -101.565002
-103.167000 -519.079041 83.136002
137.934998 -487.048004 88.444000
134.868988 -509.740997 89.965004
31.599001 -326.748016 -125.743004
-53.052998 -224.520996 -138.035995
-70.127998 -221.535995 -127.106995
113.132996 -146.098007 -84.234001
114.258995 -127.963005 -80.372002
103.477005 74.628006 -83.855003
-10.787000 -66.469994 171.753006
-83.227997 -534.053955 143.923004
157.787003 -20.664999 22.900000
36.044003 -4.847000 -80.750000
68.382004 -406.950012 149.662994
116.514999 -346.145996 160.044006
114.449997 -336.334991 144.824005
103.820007 135.931000 118.407005
84.394997 128.563004 131.566010
101.607002 116.515999 137.841995
-44.024002 -433.126007 154.109009
-39.657997 -447.762024 167.021011
-38.786003 -431.240997 165.505005
72.292000 -458.532990 -168.837997
-175.491013 -127.850998 37.338001
104.840004 32.306000 -62.484001
108.882004 10.809999 -53.452999
121.565994 29.240999 -44.927998
-168.483002 -494.774994 2.922000
124.471001 -236.300003 117.487000
-92.926003 -134.888000 -92.945000
79.819000 -160.292999 167.410004
85.046997 -180.588013 168.876999
119.703003 -291.796997 115.804001
115.500000 -306.046997 132.110001
137.160995 -490.747009 -93.500999
120.913994 -503.759033 -93.865997
81.500000 -481.278992 -133.421005
81.269005 -494.286011 -140.130005
80.339996 -484.917999 -156.259003
81.929001 -517.721985 -144.014008
-137.626999 -6.065000 -17.602001
-135.112000 -20.865002 -33.972000
-162.084000 -324.796997 69.407997
-179.386002 -334.550995 63.349998
-93.269997 262.712006 -65.511002
-90.445999 273.479004 -54.542999
218.715988 -456.981018 0.694000
229.802002 -468.773987 10.822000
211.307007 -470.317017 -1.361000
113.944000 -521.963989 102.142998
107.394005 -501.225006 107.345001
-57.166000 21.375000 -86.677002
-73.616997 -9.551000 -81.113998
-64.414001 4.174000 -81.889000
-106.331001 116.947006 120.329002
122.317001 -67.014999 148.039993
103.026001 -65.964996 169.604004
-62.028999 -265.447998 128.413010
161.962006 111.987999 52.771000
-140.285004 -434.807983 147.967987
-234.791992 -508.382019 32.709000
-230.268005 -508.983002 18.629999
118.787994 -282.171997 138.307007
117.763000 -299.695984 149.673996
118.937004 -262.342010 152.664001
119.897003 -261.542999 134.488007
158.554001 -109.121002 -16.372999
-40.477997 -95.462997 -99.091003
-20.875999 -109.705002 -94.076996
104.298004 -336.416016 177.673004
87.944000 -337.466003 178.591995
123.908997 -160.177002 140.069000
123.125999 -138.686005 147.020996
163.828003 231.399002 38.079002
-94.388000 43.609001 -79.354004
36.247002 139.143005 122.212997
94.581001 57.273998 -80.849998
103.343002 47.492001 -70.524002
-130.251999 -199.162003 103.487000
-130.921997 -180.766998 104.897003
-128.900009 -188.207993 80.209000
52.747002 -191.459000 143.910004
36.118999 -203.722992 145.927002
-117.856003 -427.899994 122.382996
-128.695999 -441.703003 128.263992
94.006004 -337.697998 -108.554001
82.448997 -328.536987 -122.362999
118.980995 117.749001 123.334000
125.375999 -46.225998 135.767990
7.754000 -462.096008 -123.929001
-154.863998 -191.288986 57.987000
-166.164993 -176.278992 50.755001
-171.268997 -197.205002 50.707001
-54.616001 95.861000 -105.080002
-73.352997 -51.264000 150.062988
-172.634003 -500.740997 -16.998001
-174.604004 -479.914978 -12.018000
-90.185005 -256.062012 -120.610001
-80.521004 -237.746002 -121.913002
-79.678001 -271.998993 -125.439003
177.077988 -334.407990 -29.856001
109.709999 8.720000 160.763000
100.060997 -6.475000 168.542999
187.294998 -211.770996 48.363998
171.877991 -226.208008 54.147999
149.951996 -179.038010 -58.988998
166.045990 -170.235001 -41.384998
-40.424999 -268.303009 148.651001
-48.082001 -257.623993 140.276993
-47.579002 -276.140015 137.832993
69.711998 -489.329987 165.656006
-122.388000 -462.911987 126.283005
117.431000 -211.581009 157.169998
-189.028992 -348.726990 -21.453001
-187.184998 -362.662994 -5.248000
-126.696007 52.161999 100.402000
197.278000 -401.044983 55.114002
-157.305008 251.668991 -38.961002
-173.139999 245.900009 -39.324001
-79.418007 280.338989 -45.331001
-89.559006 285.785004 -23.615999
204.761993 -469.381012 39.849998
200.565994 -486.595001 49.189999
114.191002 -374.108002 170.824005
111.744003 -356.400024 173.455994
67.144997 83.972000 -98.278999
-60.160999 35.110001 159.131012
-115.654999 -463.187988 163.449005
-96.525002 -471.100006 156.528000
-53.966999 -37.512001 -87.543007
-56.789001 -15.280000 -84.549004
154.520996 -71.671997 -8.364000
154.709000 -77.648994 -26.999001
152.949997 -61.273003 -21.408998
-160.251007 -71.203003 -5.815000
-163.522003 -88.263000 -4.660000
-163.652008 -80.833000 10.680000
136.986008 159.897995 83.357002
157.305008 159.845993 66.647003
-138.276993 -258.601990 130.731995
-135.998001 -277.402985 136.673996
-187.551010 -335.860016 -36.848000
-178.739990 -323.062988 -51.237000
41.514000 -374.710999 -128.334000
173.192993 -93.166000 18.096001
163.279999 -101.850006 2.955000
-62.431000 -464.274994 131.406998
-49.988998 -443.393005 136.981995
10.409000 -463.865997 156.013000
-182.955002 -467.070007 -25.575001
-182.410995 -474.638000 -44.838001
-99.962006 -193.001007 140.720001
-101.361000 -207.561005 140.570007
204.873001 -508.243988 13.118000
207.117004 -487.740997 31.428001
204.977005 -506.079010 39.306000
-23.621000 -421.182007 175.684998
-1.989000 -425.089996 171.694000
24.108000 -102.873001 165.886002
173.720001 -214.164001 -10.171000
190.491013 -210.860992 3.076000
169.444992 -401.187012 -47.504002
-100.745995 -55.473000 -76.428001
-161.487991 -252.436996 -71.937004
-166.167999 -234.529999 -66.382996
168.509003 -523.080994 78.188004
-126.427994 75.421997 -66.067001
-116.061005 91.946999 -81.515999
27.066999 -143.806000 159.099991
19.011000 -126.222000 166.345993
-129.474991 71.999001 105.159996
-133.838989 65.785995 88.620003
-36.338001 23.160000 -89.778000
-40.952999 1.225000 -84.404999
-129.626999 -245.289001 141.233002
-74.837997 -140.414001 -106.556999
215.541000 -435.831024 24.023001
-149.979996 -337.214996 80.816002
-147.444000 -313.703003 81.353004
-87.033005 -85.024002 147.545990
-100.631996 -97.969002 149.472000
39.424000 -302.033997 -125.576004
-139.834000 -14.890000 48.730999
-133.095001 2.588000 61.815998
136.201996 119.322998 -79.424004
138.215012 -469.044006 87.511002
-16.967001 -145.251999 168.628006
-82.542999 -107.058006 144.307999
154.921997 -139.276993 -48.124001
-153.334000 -205.057999 -77.771004
37.819000 -294.434998 130.829010
-120.747002 2.888000 -52.719002
-139.203003 -360.733002 138.389008
32.063000 -224.944000 144.332001
142.285995 -215.013992 -72.617004
137.948013 -191.662994 -73.613007
158.177002 -254.543991 77.159004
-27.572001 -271.391998 -125.759003
-52.296001 -181.906998 148.369995
-41.970001 24.284000 163.893997
-59.719002 14.443000 158.556992
147.470993 -51.605000 81.598000
-88.841995 9.233000 148.384003
-73.371002 6.086000 153.598999
-76.017998 23.319000 152.638000
-70.028000 -119.130997 -111.901001
149.992996 -269.835999 86.246994
157.139008 -287.141998 81.182999
141.638000 -285.458008 95.444000
-108.832001 -178.785995 146.199997
-88.375000 -176.785004 136.554001
110.289001 -487.516998 143.712006
124.742996 -144.942001 124.735001
146.705002 20.115999 84.354996
-75.237000 255.973007 16.893999
18.711000 -43.510002 -91.186005
25.257000 -24.014000 -83.704002
-198.531006 -405.056000 22.292999
-211.749008 -416.231018 17.968000
-210.843002 -399.805023 18.391001
-149.781998 -159.508011 59.184998
-55.121002 -104.842003 -106.560997
129.466995 278.024994 11.243000
125.947998 267.924011 13.074000
189.845993 -382.889984 58.850002
132.346008 -362.322998 100.025002
-139.328995 -241.787003 123.130997
-129.600998 -254.630005 108.672997
-137.871002 95.239998 -66.564003
140.641998 -388.289978 -92.494003
130.017990 -377.138000 -96.932999
142.455002 -369.251984 -91.013000
9.425000 159.656998 93.924004
-47.425999 -528.328003 146.365005
-55.628002 -519.692993 137.681000
52.889000 -116.292999 -114.389999
-178.856995 -197.117004 -30.835001
-151.913010 152.695999 51.162998
-156.798004 179.303009 46.639999
91.139000 280.069000 -14.413000
17.102999 -243.926010 148.577011
-154.985992 -53.674000 29.727999
-157.867996 -58.781002 10.878000
-160.794998 -73.208000 29.271999
119.347000 -161.163010 -88.128998
167.513992 -425.998016 -48.625999
171.867004 -419.263977 -26.788000
-137.841003 -40.132999 -35.108997
-141.228012 -59.698997 -37.485001
-127.327995 -237.141998 105.653000
168.037003 -233.429993 -50.945999
110.037994 -329.411011 -101.625000
-126.522003 -180.132004 -97.104996
-177.268005 -458.225006 -9.205000
-110.734001 -492.239014 -98.823006
-201.842987 -381.193024 20.715000
79.948997 -30.670000 -82.967995
90.448997 -22.136002 -67.142998
91.309006 -41.356003 -69.220001
128.947006 268.014984 -42.761002
-212.044006 -311.978027 33.541000
-183.768997 -236.934006 -13.686999
-27.526001 -496.903015 -125.688004
80.425003 -501.740997 -156.654999
71.989998 -504.163971 -168.996002
169.800995 -192.107010 -15.571000
174.656006 -175.470993 0.816000
182.960007 -194.731003 2.390000
-156.238998 -225.852997 62.891998
-198.330994 -471.328003 21.498001
46.757000 -506.996979 -172.856995
41.630997 -519.468994 -171.332001
61.659000 -51.536003 163.128006
80.220001 -59.259998 170.833008
83.224998 -279.251007 167.639008
112.917000 -344.828979 126.025009
97.767998 -139.941010 -83.743996
94.866997 -121.574997 -77.587997
130.619995 -301.608002 103.151001
132.098007 -274.779999 101.192001
85.319000 -50.688000 -82.610001
197.925995 -369.529022 53.553997
208.033997 -365.048004 42.333000
-132.451996 -420.626984 131.089005
115.754997 21.434000 148.898010
150.453003 224.783005 43.356998
-150.626007 274.908020 25.841000
-168.670990 -472.299011 73.507004
70.935005 168.233002 95.092995
-128.340012 -300.636993 -101.649002
-121.151001 -278.692993 -107.167999
152.156998 -382.167023 -79.096001
-152.419998 -66.122002 -22.864000
73.531998 -194.530991 158.046005
-68.706993 -520.565002 136.809998
-74.346001 -536.718994 139.404999
-111.556000 -522.103027 122.488998
87.994003 -308.251007 175.058014
97.655998 -296.860992 175.887009
-25.877001 12.085000 169.153000
-139.623001 -226.100998 116.887001
-117.734001 -407.231995 158.593994
-19.612000 55.530998 166.550995
-40.775002 45.405998 164.661011
-152.041000 -507.691040 -73.225998
-145.539993 -525.109985 -77.224998
-159.639008 -521.429016 -66.435005
-155.410004 -65.042000 48.613998
169.514008 -441.498016 -31.564999
167.229004 -462.233002 -33.186001
-205.131989 -450.516998 70.619003
-127.727997 92.929001 105.844994
130.597992 -111.373001 -61.916000
-132.135010 -296.696991 144.356995
62.914997 -330.087006 137.369003
64.572998 -22.894001 -85.547997
99.854996 -532.034973 198.636002
143.923996 -32.171997 87.018997
111.513000 -536.942017 164.378998
116.304001 -484.660004 165.643005
117.030998 -460.864014 172.578003
113.459999 -473.699982 184.648010
-197.987000 -507.701996 78.004005
-213.194992 -510.699982 61.183002
-206.847992 -525.267029 76.599998
-10.184000 -485.130981 183.414001
218.996002 -480.614990 -0.892000
-122.153999 -251.863983 84.071999
-87.018997 -329.533020 -124.987999
-42.258999 113.283997 -108.276001
149.713989 -334.329010 -81.192001
167.485992 -173.121002 -19.140999
168.677994 -156.598007 -3.170000
-38.786003 -74.239998 -93.666000
-134.203003 -478.325989 134.369995
45.882999 -366.699005 129.528992
82.667999 163.018997 -104.200996
157.179993 -162.460007 57.943001
146.770004 107.812004 -65.644005
156.072998 96.192001 -49.006001
-122.737999 -160.466003 144.164001
-114.682999 -141.858994 147.837006
84.283997 -467.889008 192.893997
156.414001 60.651001 -14.454000
-186.949997 -403.559998 -15.302999
105.226006 -516.724976 -96.268997
178.030991 216.472000 -65.041000
117.161995 -45.543999 158.623001
125.257996 -83.755997 132.515991
-15.348001 166.218994 -103.086998
-6.077000 150.710999 -103.933998
150.174011 -4.591000 10.772000
-116.361000 57.980999 125.714005
115.771004 252.604996 21.348999
112.584999 266.812012 8.168000
106.641998 -11.488000 -54.084000
107.355995 -30.392000 -54.480999
-94.568001 -493.373993 -114.473999
3.076000 -29.577000 -86.685005
-47.182003 -537.843018 -122.469002
89.033997 -125.203995 171.688004
-182.234009 -359.497986 64.217003
-162.292007 -347.562988 70.150002
-167.340988 -428.359009 71.613998
156.020996 -89.184998 -13.414001
-174.084000 -219.742004 51.463001
129.134995 -132.726990 108.898994
129.136002 -115.754997 110.136002
37.714001 -180.197998 -113.900002
-102.867996 -469.045013 115.085999
-115.472000 -483.134003 123.074005
-72.000999 -72.875999 148.543991
-9.132000 -211.476990 -116.792999
-49.084000 -531.159973 144.338989
-159.576004 -84.406006 -22.745001
153.670990 -529.770020 38.802002
-84.174995 -513.594971 -120.144005
173.207993 -436.760010 -11.163000
18.557001 -515.437012 142.589996
29.150000 -497.503021 135.656998
161.873993 209.879990 45.091000
-167.515991 -155.278000 51.219002
-164.008011 -136.988007 53.042000
73.631004 -479.225006 181.440002
-152.050003 -387.392029 -78.854004
-180.710999 -487.936005 -29.577000
-151.118988 -140.063995 -64.164001
-141.849991 -122.888000 -66.849998
111.034996 -480.695007 105.532997
120.700996 -495.597992 96.009003
102.972000 -491.282990 119.397995
22.639999 -194.604996 154.367996
160.322998 273.612000 2.111000
141.908005 278.286987 9.681001
153.248993 269.355011 20.748001
174.379013 -109.223999 32.931999
-120.375000 -214.985001 144.371002
144.259003 -190.528000 89.142006
134.487000 -273.230988 -92.626999
-18.689999 -341.803009 -126.473991
73.915001 -461.734009 179.671005
80.719002 -448.007996 187.531998
-214.589996 -425.233978 59.121002
-215.406998 -443.841980 53.886002
202.612991 -489.075012 -0.184000
-88.555000 -216.858002 132.967987
-74.738998 -229.779999 128.811996
-91.248001 133.485001 117.191002
-109.426003 130.988998 105.433998
-34.813004 -252.819992 154.522003
-8.627999 -452.019989 -123.815002
78.778999 -377.977020 -152.514999
72.379997 -392.483002 -166.574997
54.648998 142.125992 119.892998
46.712002 149.459000 112.103996
-3.527000 -132.237000 -99.444000
-137.700012 -216.503998 130.750000
-133.779007 -229.221008 136.466995
112.062996 -81.167000 -68.157005
74.771004 -38.297001 169.631012
95.849998 -43.064999 170.503006
-64.846001 -145.262009 145.160995
-154.170013 -362.335999 -80.779999
-28.292000 127.262993 132.171997
-28.892000 111.615997 147.705002
-48.002003 105.847000 152.490997
189.431000 -398.755005 2.454000
198.871002 -380.854980 3.306000
221.494003 -375.725006 16.108000
205.454010 -398.600006 2.197000
-167.087006 158.945999 -43.848999
115.708000 -383.862000 152.794998
-145.513992 -255.582001 -89.573006
-154.423996 56.319000 -30.204000
91.587997 -355.343018 -109.709999
74.973999 -273.234009 154.053009
206.630005 -235.967987 24.088001
-9.995001 -461.699005 181.087997
-23.150002 -470.099976 183.597992
-224.153992 -486.360992 38.095001
-37.005997 -435.633972 -130.244003
80.624001 -311.798981 -131.128998
-121.425003 -515.333984 80.976006
154.707993 -268.660004 -69.326996
146.328995 -304.936005 92.279999
-95.119003 -473.964020 97.124001
151.260010 -353.035980 89.002998
-126.940994 16.504002 79.704002
134.888000 -229.797012 -88.081001
-139.360992 -340.422974 136.106003
108.861000 -25.382000 165.570007
-77.641998 -386.786011 128.378006
-87.830002 -370.440002 135.453003
-93.039001 -386.806000 142.910995
11.139000 -304.230011 145.906006
-170.605011 -158.050995 -42.904999
81.772003 -108.457001 -93.485001
-86.249001 -198.856003 133.397003
-69.866005 -209.675995 131.362000
115.237000 -243.248001 162.011993
81.128998 108.232002 152.951004
101.655998 97.661003 152.775009
165.460007 -494.684998 -46.160999
170.404007 -86.181000 36.209000
-87.860001 -381.864014 -125.716003
162.240005 -336.151001 -64.824997
82.806000 -89.423004 -89.399002
27.080000 -56.278000 -89.264000
-61.209000 171.791000 87.886993
-155.872009 -207.877991 59.537998
170.414001 -225.363998 -30.945000
-121.753998 80.453003 119.840004
-214.337006 -495.192993 50.499001
199.996002 -250.309998 43.459999
-132.135010 -107.098000 109.194000
185.624008 201.483994 -66.271996
182.738007 182.117004 -64.980995
-161.459000 -510.254974 75.958000
156.559998 -520.766968 -78.782997
26.323999 -79.471001 167.569992
132.686996 44.241997 128.064011
123.659996 33.275002 137.101990
-66.826996 -167.625992 139.962006
124.420006 -430.164978 -96.897995
177.658005 -302.420990 -23.237999
184.557999 -305.384979 -7.538000
108.823997 -111.713997 -74.933998
-157.610001 -411.209991 -71.057999
152.518005 -6.230000 61.194000
9.919000 92.770004 -108.910004
205.632004 -329.563995 1.213000
213.824005 -336.643005 21.976000
213.718002 -351.535004 2.474000
-221.645996 -461.036011 38.089001
-222.714005 -441.080017 37.239998
182.635986 -523.734985 63.321999
172.141006 -539.229004 44.043999
196.246994 -524.550964 52.366001
-7.511000 -408.587982 172.431000
-131.343002 -427.834991 86.576996
77.867004 -525.524048 166.070999
-168.167999 -450.398010 72.596001
175.197998 -235.847000 -13.020000
171.871002 -244.030991 -32.404003
-127.676994 -307.925995 115.767998
-120.269997 -302.316010 91.351997
-118.384003 -321.599976 111.488998
-22.978001 -516.317993 187.434998
-211.621002 -343.997009 50.091999
103.836998 -261.011017 171.776993
-108.831001 -259.796997 -112.345001
-99.105003 -239.953003 -115.896004
188.041000 -262.522003 50.414001
13.044000 -145.030014 166.474991
-189.440002 -400.317993 65.338997
183.212997 -540.050964 29.743000
203.839996 -521.401978 30.741001
129.740997 -417.519012 97.966003
165.005005 -151.420990 50.462002
-140.489990 211.220993 51.902000
124.948006 -4.498000 -42.066002
-62.889004 -504.777008 -129.072998
-73.853004 -489.979004 -127.683998
-85.722000 -474.363007 -123.555000
210.908997 -359.080994 23.160000
208.615005 -381.083984 31.934999
68.461998 -39.843002 -90.860001
90.723999 195.746002 70.386002
72.059998 185.395004 79.525002
91.776001 177.210007 86.211006
-3.323000 -393.479004 167.014999
-187.549988 -167.998993 40.500000
-58.547001 -435.472992 -133.697998
123.182999 -524.056946 -92.754997
4.369000 -216.982010 158.149002
11.055000 -228.356995 154.245010
19.369001 -212.057999 153.251007
-190.932999 -239.188004 4.233000
29.812000 -277.509003 136.736008
139.967987 143.266006 86.070999
93.374001 -530.755981 -102.862000
-207.320007 -394.431000 61.461002
-144.125000 -17.441999 -4.065000
-55.663002 74.491997 -100.129997
-1.380000 -243.806000 156.763000
-211.880005 -459.266998 16.662001
-221.279999 -475.647003 16.705000
-224.164001 -450.386993 17.076000
-76.351006 -458.178986 135.870987
-78.611000 -434.222992 134.652008
59.554001 -491.360992 -174.621994
61.489998 -464.670013 -175.213989
-30.587000 -115.790001 171.811996
212.360992 -491.263977 -2.252000
-142.865997 -78.659996 55.252998
149.835999 -18.585001 75.643005
139.511002 -511.519012 -92.435005
6.766000 -203.306000 159.445007
179.229004 -417.029999 -3.515000
199.395004 -418.305023 2.980000
-153.660995 29.063000 31.475000
212.936996 -399.349976 22.573999
212.925003 -417.764008 1.487000
-104.202003 -424.408997 111.014000
-4.277000 -86.836998 172.200989
12.695000 -89.827003 171.495010
63.706001 122.574997 141.414993
72.438004 139.278000 123.571999
130.320999 -27.344000 125.033005
121.862999 -26.644999 146.243011
116.232002 -8.207000 155.041000
-77.670998 -186.444992 -112.277000
-74.541000 -205.020996 -119.028000
-73.866005 181.443008 80.447006
-180.354996 -301.820984 -48.252003
-181.485001 -279.910004 -43.932999
-216.277008 -390.618011 40.959999
156.846008 141.013000 67.446999
103.690994 -315.977997 176.576996
-128.352997 -140.873993 80.945000
-122.771004 -153.677994 89.405998
51.714001 174.457001 84.919998
-67.258995 -189.283997 134.932999
-24.160999 -82.222000 171.909012
149.608002 -326.733002 89.881004
-157.149994 -530.495972 77.556999
-38.201000 -284.337006 150.033997
83.999001 -81.252998 170.898010
163.845001 -182.328003 54.660999
166.071991 -51.888000 32.210999
-136.242996 -445.713013 84.536003
-150.080994 -436.816010 79.559998
149.494003 192.063995 -75.437004
170.708008 196.567001 -68.201996
-221.677002 -408.380981 36.263000
-229.254013 -406.862000 22.834000
-230.509995 -425.455994 25.831999
-215.977997 -425.704987 44.181999
-41.127998 -469.429993 169.421005
80.653999 -261.088013 161.617996
48.976002 130.407013 132.248001
41.936001 114.986000 148.306992
-153.925995 -44.610001 11.090000
86.340004 -103.704994 171.431000
162.722000 -102.898003 51.578999
150.176010 -95.399002 65.667999
-130.376999 -250.714005 -101.111000
100.409996 -537.700012 120.287003
102.803001 -542.700012 104.125999
-8.307000 -212.018005 163.490997
141.076004 87.169998 -61.643997
-92.445000 118.579002 130.380005
117.123001 275.388977 -34.270000
103.286995 -241.539001 -100.304001
92.125000 -260.782990 -107.841003
-187.876999 -258.358002 53.817997
20.938000 -539.919983 146.500000
-138.699997 -380.041016 138.203995
-174.179001 105.401001 -34.146000
-143.300995 -198.238007 70.233002
-215.442001 -409.701996 51.405998
-203.967010 -413.882996 65.459000
-156.179001 -52.771999 -5.095000
78.174004 -321.963989 166.532990
100.126999 -536.247009 134.850998
105.922997 -536.130005 149.704987
6.972000 164.690002 -99.076004
-150.275009 -457.671997 78.644997
110.590004 -520.898010 152.660995
115.156998 -508.855988 167.822006
-201.977997 -270.121002 48.255001
19.159000 -492.498993 142.032990
67.819000 -206.608994 149.662994
87.906998 -322.834015 176.802002
-130.689987 -330.947021 120.735001
118.300995 5.924000 146.798996
-126.876991 -53.385998 110.629997
-130.778992 -89.734001 125.369995
147.100006 0.464000 79.898003
-212.246994 -492.621979 16.966000
-220.074997 -508.654999 15.265000
172.494995 267.630005 -14.997000
148.723007 -90.294006 77.843002
159.220001 57.700001 3.013000
167.283997 74.890999 10.485000
164.942993 73.276993 -6.692000
-131.267990 -353.156006 124.367996
126.883003 173.313004 79.610001
141.030991 266.921021 29.168001
-106.331993 -458.687012 84.351006
-139.787003 31.060001 58.584999
-156.762009 47.240002 39.891003
80.330002 -96.809998 -103.914001
150.962997 -29.096001 1.621000
-54.991001 -41.160000 157.759003
-184.953003 -251.708008 -24.484999
49.498001 -103.761002 -106.559998
163.528992 -414.182007 -62.634998
168.412994 -254.626984 -53.195000
173.414001 -263.529999 -31.996000
175.971008 -166.735001 49.215000
-134.505997 -296.238007 86.514000
9.338000 -70.685997 172.813004
-18.499001 -102.741005 171.061996
25.709000 -56.216003 169.949997
-150.832001 158.828003 -62.159000
128.768997 -542.051941 88.853996
-44.054001 -371.648010 144.804001
88.946999 -390.901001 185.690002
-122.973000 -126.387001 142.291992
-59.667000 -286.803009 126.941994
-29.965000 -511.529968 -125.019997
-78.416000 -495.447998 140.231003
-62.951996 -484.268982 132.863007
49.901001 -511.206970 -174.348999
81.210999 70.390999 -89.529999
-186.813995 -371.536987 -40.553001
110.510994 -132.044998 167.407013
4.681000 -472.703003 170.966995
-72.104996 -321.675995 123.301994
-123.669998 -48.903000 91.152000
114.386002 -409.845001 111.172997
102.334000 272.553009 -3.587000
-141.539001 -514.504028 148.589005
177.214996 -251.235016 -12.261001
112.653000 -501.877014 153.725998
184.608002 -363.494019 60.263000
-124.666000 -34.506001 107.637001
-185.850998 -255.337006 -9.813001
203.382996 -383.825989 48.324997
136.701996 61.319000 127.617996
154.725998 251.432007 34.674000
-97.000999 -358.235016 141.882996
-76.876999 -299.371979 124.770996
-187.549988 -355.545990 -39.602997
160.264999 -544.403015 80.628998
149.682007 -524.893982 88.025002
-72.682999 196.464996 67.704994
163.923996 -152.061996 -40.208000
149.057999 77.812996 -45.459999
186.483002 -364.618011 -2.154000
127.059998 12.436000 -34.706001
-125.770004 -264.679016 -104.156998
-88.211998 204.199005 64.914001
55.125000 105.458000 158.507996
58.435997 -32.534000 163.706009
27.430000 -310.526001 135.408005
-102.605995 -221.564987 140.862000
-26.739000 -158.785004 -110.930000
215.791000 -486.303009 23.336000
167.386002 -291.474030 -57.066002
58.274002 -373.783997 -165.965012
4.374000 -545.419983 -138.511993
196.268005 -346.826996 1.559000
-143.820999 -304.733978 -89.519005
130.082001 -150.460999 106.778000
-118.786003 -407.813019 121.146996
152.899994 -52.115997 -3.790000
-62.941998 -504.229004 134.158997
128.272995 -258.597992 -94.851997
113.417000 -263.036011 -99.467003
122.060997 -244.165009 -97.099998
179.882004 135.207993 -37.565998
188.605988 -185.203003 49.086002
-62.843002 116.504997 141.619003
41.884003 -65.512001 160.644989
105.713005 172.328995 90.850998
115.643997 -283.862000 163.875000
55.069000 -230.160004 138.712997
22.368999 -292.799011 139.327011
-52.332001 -368.880981 -134.360001
-45.693001 -421.618988 -132.494003
203.584000 -364.233002 2.825000
-44.365002 -391.115021 146.482010
98.907997 -277.393982 -104.493996
-33.100002 -133.632996 170.524002
131.095001 -298.527985 -95.613998
-92.116997 176.589005 85.470993
-139.541000 -174.675995 -85.716003
54.768997 -246.685989 136.546005
50.723999 -391.425018 -155.931000
-44.179001 -455.993011 150.448990
169.308014 107.959000 -35.839001
-142.358002 -530.033997 153.056000
-137.897995 -529.781006 137.216995
110.944000 281.637024 -23.514999
-213.979004 -470.283997 57.674000
110.917999 257.608002 -64.416000
-121.084000 284.507996 18.998999
101.230003 -516.618042 197.822006
-137.925995 284.130981 13.400000
-167.192993 -94.610001 27.664000
69.277000 -509.790009 167.123001
-138.192001 -69.523994 -53.259998
-212.470993 -526.612976 63.600002
-139.850006 187.040009 57.181000
-35.975002 164.977997 -104.300003
9.407000 143.553009 -105.199005
-140.123001 164.914993 63.784004
24.980000 155.175995 -104.014000
116.697998 -540.216003 97.037003
-147.205002 177.819000 -65.572998
28.171000 120.695999 -108.856003
12.778000 124.394997 -109.693001
39.051998 110.189995 -108.925995
120.697998 110.097000 -86.438004
20.598000 108.047997 -110.339996
181.050995 121.129997 -27.107000
90.212006 89.367004 -93.751999
52.793999 97.583000 -105.503998
31.712000 93.699997 -107.522003
40.100998 -238.628998 -120.401001
-80.983002 72.342003 158.912003
159.270996 55.041000 22.688000
-150.760986 87.977997 -51.776001
-99.936005 62.084999 147.517990
163.386002 -541.207031 57.790997
-18.660999 -24.671999 -85.582001
-37.792999 -20.580000 -87.337997
-140.910995 30.983000 -26.520000
-141.013000 17.106001 -10.551000
80.403999 -536.867981 -160.188004
-146.319000 2.461000 2.717000
72.894997 -499.523987 184.210999
-14.905000 -257.890991 159.890991
158.968994 -40.872997 17.136000
-52.209999 -517.098999 -126.802994
-37.118999 -520.216003 -125.487000
-76.646996 -84.843002 -98.659996
-172.792999 -396.434998 -63.520996
-163.276993 -85.289001 45.210999
-52.857998 -120.348000 -110.154999
130.067001 -530.035950 89.605003
-181.286011 -196.815002 -13.664000
-6.041000 -227.901001 160.552994
-19.355999 -240.504990 160.440002
-119.116997 -344.639008 116.274994
72.589005 -446.644989 170.203003
-52.688000 -556.320007 -121.807999
-194.664001 -509.214996 23.181999
-203.939011 -510.868011 19.341000
62.958000 -520.809998 144.125000
44.027000 -511.883026 -167.434006
49.329002 -515.760010 -171.412003
45.299999 -510.195984 -171.192001
44.472000 -513.486023 -171.353989
42.846001 -513.307983 -169.498001
-142.303009 -530.679016 79.648003
-0.878000 -564.055969 -141.699997
37.530003 -519.835999 -165.446991
50.599998 -523.872009 -173.423004
58.339001 -533.726990 142.009003
42.807999 -523.055969 -166.452011
41.675999 -522.299988 -167.738998
66.561996 -526.579041 151.494995
41.583000 -518.573975 -169.810989
41.534000 -520.654053 -170.536987
40.832001 -518.726013 -169.393997
40.913998 -518.934021 -169.526001
-46.895000 -533.067993 151.947006
54.214001 -527.390015 -173.705994
45.518002 -526.263000 -169.782990
-58.109001 -538.393005 140.302002
-86.902000 -527.805969 106.296005
36.286999 -525.831970 -166.858002
138.205002 -531.127991 -91.221001
-28.219999 -527.848999 -120.378998
45.466000 -530.610962 -172.089996
-39.937000 -532.217041 -122.746994
-29.639999 -539.241028 -125.391006
-42.785000 -529.531006 147.815002
-41.868999 -531.327026 149.121994
51.093002 -530.867981 -170.742004
39.743000 -536.679016 -168.265991
41.733997 -530.040955 -170.774002
46.764000 -543.710999 -159.382996
51.346001 -536.156006 -172.537003
87.451004 -546.354980 -109.497002
43.974998 -531.091980 -170.500000
-47.253002 -538.092957 142.748993
41.369999 -537.982971 -169.487000
-39.632000 -547.318970 -123.585999
29.147999 -544.882996 -161.966003
57.049999 -545.612000 -170.175995
46.523998 -545.218018 -170.854996
46.718998 -548.127991 -167.606003
33.466000 -552.097961 -165.129013
-15.167000 -553.291992 -131.438995
53.452000 -553.403992 -169.460999
-37.073002 -559.260010 -124.475006
26.218000 -557.221008 -153.639999
30.175001 -557.223999 -162.393005
31.252001 -554.695007 -165.138000
40.286999 -551.804993 -166.626007
