-0.174899 0.076579 0.019992
-0.169449 0.067074 0.032364
-0.167918 0.045314 0.034190
-0.161264 0.016282 0.038676
-0.158950 -0.005514 0.039897
-0.163236 -0.063901 0.045589
-0.168924 -0.084530 0.040762
-0.173970 -0.104439 0.042043
-0.179104 -0.120508 0.037464
0.000206 -0.128851 0.183432
0.002686 -0.061585 0.171113
0.004089 -0.046676 0.167790
0.003632 -0.025854 0.162536
-0.000945 -0.005379 0.158446
0.012642 0.005296 0.156839
0.008537 0.022874 0.155339
0.004348 0.040809 0.154479
0.012966 0.051773 0.153178
0.003141 0.078936 0.148041
0.000043 0.098999 0.140505
-0.003254 0.121607 0.129256
-0.000204 0.138325 0.119707
0.000592 0.187711 0.086372
-0.021241 0.189115 0.084109
-0.041950 0.196019 0.077530
-0.060877 0.208043 0.066323
-0.074336 0.226356 0.049817
-0.084059 0.245212 0.028799
-0.089968 0.261423 0.006733
-0.096113 0.274059 -0.019844
-0.095573 0.272577 -0.049344
-0.109770 0.272238 -0.037730
-0.128545 0.268407 -0.037962
-0.145053 0.266914 -0.034335
-0.155466 0.270372 -0.010031
-0.154736 0.266115 0.010357
-0.151267 0.253827 0.027571
-0.146466 0.235609 0.039507
-0.142393 0.215234 0.049467
-0.138008 0.193032 0.059095
-0.139051 0.169822 0.068704
-0.144148 0.146770 0.075298
-0.151758 0.126338 0.075712
-0.158532 0.106303 0.066894
-0.165625 0.089898 0.048413
-0.046661 0.161051 0.103298
-0.042529 0.181661 0.087916
-0.119029 0.271654 -0.018667
-0.136673 0.271239 -0.019152
-0.105284 0.269259 -0.006299
-0.078130 0.212275 0.059911
-0.104577 0.253840 0.018639
-0.136738 0.259826 0.019546
-0.138211 0.246585 0.032214
-0.122634 0.249541 0.026806
-0.131618 0.229370 0.042516
-0.116295 -0.112592 0.134839
-0.106508 0.001652 0.126541
-0.152918 0.059804 0.093177
-0.022111 0.147837 0.113400
-0.100287 0.125871 0.118518
-0.062662 0.190835 0.078547
-0.057590 0.172750 0.093096
-0.080383 0.194934 0.072582
-0.104515 0.169217 0.084834
-0.066381 0.153462 0.107138
-0.078885 0.175994 0.087095
-0.100591 0.184910 0.075617
-0.119036 0.264802 0.005629
-0.066600 -0.112664 0.166179
-0.053631 0.020758 0.152159
-0.159220 0.090348 0.067015
-0.162571 0.060483 0.059364
-0.056074 0.116099 0.134690
-0.019918 0.127741 0.126298
-0.123015 0.181398 0.070356
-0.111034 0.148754 0.096194
-0.167910 -0.113674 0.067980
-0.166654 0.078252 0.044473
-0.166566 0.057090 0.042801
-0.160726 0.043492 0.059460
-0.012488 0.175248 0.094677
-0.026248 0.164639 0.101664
-0.060740 0.135092 0.121640
-0.032675 0.090383 0.145130
-0.020031 0.107574 0.136691
-0.147047 0.120270 0.082857
-0.134196 0.138276 0.087110
-0.128333 0.159422 0.080028
-0.120213 0.131141 0.102755
-0.135702 0.098817 0.109106
-0.121539 0.113261 0.113967
-0.136927 0.117453 0.096479
-0.013848 -0.112995 0.179944
-0.021265 -0.131418 0.182129
-0.160779 -0.080611 0.065640
-0.156095 -0.047267 0.059160
-0.175539 -0.126334 0.055955
-0.165084 -0.096146 0.064086
-0.182295 -0.139305 0.044395
-0.013541 0.014805 0.155156
-0.153959 0.004555 0.058304
-0.154030 -0.013260 0.058082
-0.159689 0.072045 0.070309
-0.163707 0.034696 0.043379
-0.156866 0.051670 0.078861
-0.049577 0.145765 0.114279
-0.038128 0.131680 0.124165
-0.079506 0.120108 0.129856
-0.097673 0.141157 0.107992
-0.077745 0.140717 0.114961
-0.034228 0.117136 0.133202
-0.014602 0.087488 0.145317
-0.047983 0.101762 0.141800
-0.002136 -0.093839 0.177429
-0.013335 -0.073472 0.172648
-0.048189 -0.097255 0.170482
-0.019451 -0.054899 0.168197
-0.161837 -0.044074 0.040192
-0.158734 -0.027274 0.046336
-0.157742 -0.105274 0.083757
-0.012141 0.033073 0.154608
-0.015764 0.049161 0.154336
-0.035953 0.026931 0.154056
-0.037537 0.009739 0.153777
-0.145605 -0.006827 0.076839
-0.149766 -0.028060 0.070221
-0.156799 0.026518 0.060601
-0.153376 0.035330 0.078911
-0.096318 0.086655 0.143906
-0.116720 0.095798 0.128668
-0.086399 0.157224 0.099804
-0.014441 0.067657 0.150668
-0.054417 0.086338 0.148646
-0.074233 0.099299 0.143113
-0.075666 0.075921 0.152319
-0.099854 0.107165 0.131736
-0.025106 -0.092593 0.175078
-0.032760 -0.073535 0.170206
-0.044391 -0.060535 0.164858
-0.057794 -0.072686 0.162752
-0.054256 -0.052972 0.159997
-0.013392 -0.035556 0.164483
-0.013940 -0.018052 0.160139
-0.048157 -0.032408 0.157297
-0.148374 -0.049126 0.077403
-0.034004 0.055951 0.154003
-0.030788 0.040742 0.155113
-0.070376 0.030641 0.154342
-0.069397 -0.002109 0.146296
-0.023798 -0.004455 0.157313
-0.139616 -0.023642 0.086380
-0.122835 0.003228 0.111167
-0.148501 0.041457 0.100260
-0.035267 0.074784 0.150132
-0.031989 -0.022690 0.159271
-0.032654 -0.042739 0.163276
-0.048912 0.040504 0.155171
-0.066417 0.043168 0.156630
-0.053979 0.004743 0.150611
-0.048519 -0.009563 0.154652
-0.063952 -0.041439 0.153332
-0.081996 -0.053532 0.147551
-0.073283 -0.065771 0.154610
-0.079622 -0.082665 0.154518
-0.065978 -0.096130 0.163891
-0.087186 -0.102277 0.153950
-0.098847 -0.122208 0.150202
-0.068155 -0.131997 0.168467
-0.094068 -0.068104 0.142761
-0.084455 -0.123236 0.159056
-0.111247 -0.081904 0.131691
-0.124476 -0.032296 0.107711
-0.114161 -0.050469 0.122670
-0.105956 -0.034737 0.126165
-0.130840 -0.009543 0.098265
-0.094876 -0.016263 0.132432
-0.085936 -0.005841 0.138729
-0.069929 -0.021194 0.147734
-0.133274 0.018565 0.110399
-0.124102 0.064069 0.137081
-0.143794 0.026689 0.096706
-0.055033 0.061987 0.154729
-0.168262 -0.133553 0.078132
-0.152981 -0.092036 0.086287
-0.139592 -0.086091 0.103404
-0.112112 -0.064513 0.128151
-0.100476 -0.050724 0.134404
-0.072152 0.015165 0.147590
-0.107110 0.026555 0.142710
-0.089186 0.026062 0.149800
-0.089967 0.041175 0.155340
-0.091994 0.010782 0.140152
-0.109152 0.017711 0.135003
-0.085337 -0.036639 0.141221
-0.137954 0.008859 0.093781
-0.113384 0.078027 0.139276
-0.131615 0.081864 0.123397
-0.102088 0.059864 0.150427
-0.145337 0.081112 0.104820
-0.143751 0.048118 0.114364
-0.121154 0.039151 0.138673
-0.138258 0.067174 0.121532
-0.123400 0.027232 0.130843
-0.104885 0.036710 0.148598
-0.136005 0.034843 0.119621
-0.158584 -0.140403 0.097477
-0.109753 -0.133275 0.144935
-0.128552 -0.077490 0.114138
-0.128074 -0.056336 0.109459
-0.120873 0.014339 0.122603
-0.079369 0.055862 0.155749
-0.092759 0.071464 0.150546
-0.148721 0.101116 0.087791
-0.153960 0.079686 0.086999
-0.147094 0.064190 0.107529
-0.113440 0.049866 0.145133
-0.129106 -0.127573 0.127358
-0.156736 -0.120472 0.092043
-0.135177 -0.112087 0.116718
-0.143809 -0.128677 0.112116
-0.124578 -0.097343 0.123002
-0.094078 0.237689 0.035838
-0.111701 0.238284 0.035097
-0.096362 0.224678 0.047222
-0.115985 0.202036 0.060531
-0.099157 0.206574 0.060866
-0.115024 0.221573 0.048136
-0.129428 0.213709 0.051517
-0.038525 -0.112519 0.175619
-0.148042 -0.074446 0.088068
-0.152663 -0.063670 0.076079
-0.048025 -0.129745 0.175764
0.175323 0.080482 0.019825
0.169335 0.050980 0.034205
0.165507 0.032570 0.040633
0.159652 -0.022186 0.037114
0.162074 -0.040613 0.035258
0.166324 -0.059259 0.034994
0.170925 -0.078696 0.034814
0.176029 -0.100107 0.038374
0.184598 -0.135752 0.038976
0.022715 0.190972 0.084392
0.043570 0.200228 0.077254
0.061851 0.213114 0.065748
0.075791 0.231633 0.048710
0.084206 0.250164 0.027917
0.092432 0.265228 0.006407
0.095738 0.277170 -0.019288
0.096789 0.274554 -0.049815
0.126683 0.273081 -0.034452
0.148070 0.269298 -0.032442
0.156003 0.273500 -0.008946
0.156549 0.270584 0.012226
0.152790 0.259543 0.028804
0.147121 0.241916 0.041184
0.142791 0.222032 0.050276
0.138123 0.200012 0.060016
0.138756 0.176827 0.069325
0.144032 0.155501 0.075127
0.152115 0.133397 0.076222
0.161332 0.113588 0.067708
0.169219 0.094958 0.050854
0.012421 0.178373 0.092916
0.086671 0.173320 0.090656
0.109569 0.276368 -0.036269
0.088993 0.204586 0.066493
0.107215 0.238385 0.038950
0.119829 0.275303 -0.017100
0.103889 0.259911 0.016527
0.078688 0.217787 0.058744
0.089157 0.239288 0.039347
0.138183 0.275060 -0.009359
0.134109 0.266273 0.018108
0.105901 0.273573 -0.007109
0.108089 0.005153 0.134796
0.150752 0.069608 0.106577
0.041542 0.152554 0.111228
0.104163 0.249667 0.028768
0.097311 0.223537 0.050831
0.110765 0.204211 0.062952
0.119804 0.220423 0.051581
0.128160 0.207723 0.058407
0.126242 0.189949 0.067861
0.128519 0.234762 0.042982
0.110993 0.182621 0.076993
0.125077 0.163455 0.082757
0.076901 0.188843 0.080522
0.095221 0.188979 0.076956
0.103495 0.124099 0.121907
0.034950 0.181095 0.090558
0.104306 0.143148 0.107535
0.104463 0.163941 0.092247
0.117550 0.268782 0.006111
0.158706 -0.104940 0.094395
0.082577 -0.067876 0.154247
0.158666 0.090640 0.079903
0.137497 0.141392 0.086318
0.120419 0.143659 0.098096
0.120637 0.124308 0.111833
0.068107 0.200042 0.073636
0.058060 0.183365 0.087234
0.049290 0.167513 0.099823
0.070513 0.173758 0.093074
0.065005 0.156236 0.107327
0.027771 0.165554 0.101895
0.000737 0.159954 0.105256
0.020240 0.147340 0.114429
0.150573 -0.023076 0.073718
0.152729 0.008789 0.073271
0.043745 0.029690 0.154903
0.036350 -0.001184 0.156609
0.025619 -0.032718 0.163228
0.164611 0.046858 0.056811
0.163240 0.063160 0.066797
0.167059 0.063426 0.048803
0.160198 0.045061 0.075240
0.163171 0.097485 0.065621
0.148942 0.120347 0.085504
0.168172 0.082902 0.046422
0.085130 0.140788 0.115826
0.129930 0.093871 0.124139
0.018580 0.128226 0.126006
0.039747 0.136034 0.122171
0.180707 -0.119126 0.040715
0.174997 -0.111047 0.060431
0.184365 -0.146464 0.057670
0.171023 -0.088975 0.054881
0.165239 -0.079842 0.067488
0.022089 -0.059363 0.169792
0.029185 -0.130439 0.182655
0.031831 -0.109457 0.178650
0.009362 -0.112862 0.180898
0.160205 0.011891 0.046725
0.159892 0.027659 0.059877
0.021595 0.034230 0.154903
0.034490 0.015057 0.155391
0.088608 0.156761 0.102715
0.062654 0.138667 0.120614
0.071141 0.105860 0.140888
0.059442 0.121640 0.132185
0.032673 0.114341 0.134107
0.083441 0.123092 0.129160
0.009709 0.109895 0.135238
0.022694 0.091771 0.144085
0.166847 -0.099626 0.075729
0.174537 -0.144366 0.083413
0.179351 -0.132395 0.063121
0.169165 -0.121915 0.082251
0.165330 -0.066826 0.053268
0.151975 -0.042571 0.079197
0.161220 -0.050195 0.056815
0.024659 0.070099 0.151249
0.040426 -0.019665 0.158949
0.054327 -0.012503 0.155437
0.019532 -0.015019 0.160327
0.142460 -0.104847 0.116617
0.163174 -0.136452 0.100130
0.158275 -0.035569 0.055876
0.156766 -0.062578 0.077367
0.158465 -0.086870 0.086772
0.012319 -0.080142 0.174529
0.035691 -0.092811 0.174576
0.058180 -0.089784 0.168540
0.073893 -0.102655 0.165905
0.039529 -0.075235 0.170723
0.156452 -0.021444 0.054074
0.159604 -0.006736 0.041853
0.145820 -0.009661 0.087076
0.068356 0.030271 0.154626
0.060190 0.041122 0.155989
0.079921 0.019130 0.149423
0.154004 -0.120344 0.106398
0.135662 -0.121094 0.128024
0.149052 -0.136726 0.119731
0.130061 -0.140314 0.138930
0.017217 -0.096131 0.177272
0.056822 -0.108863 0.173298
0.096702 -0.122746 0.158838
0.077822 -0.084994 0.159738
0.155188 -0.006220 0.063146
0.152178 0.024242 0.081804
0.153831 0.039214 0.094677
0.058994 0.002923 0.153054
0.047429 0.079523 0.149657
0.048161 0.103391 0.141469
0.061977 0.092082 0.146871
0.098540 0.073592 0.150173
0.085925 0.087871 0.147567
0.097891 0.103491 0.137647
0.117847 0.105885 0.126115
0.129925 0.060638 0.136226
0.072598 -0.008344 0.150332
0.061375 0.015868 0.152031
0.083348 0.005998 0.146617
0.090630 -0.137663 0.165052
0.069964 -0.131830 0.173377
0.080741 -0.117236 0.166139
0.123418 -0.122691 0.139898
0.110642 -0.115708 0.148136
0.140490 -0.026811 0.094634
0.142714 -0.048579 0.097811
0.136074 -0.064220 0.110577
0.148891 -0.069152 0.095194
0.113611 -0.074996 0.134854
0.125742 -0.042976 0.118301
0.127416 -0.075128 0.122391
0.130979 -0.029369 0.108778
0.100835 -0.062797 0.141888
0.104799 -0.042462 0.136273
0.119718 -0.056064 0.125985
0.119372 -0.026859 0.121557
0.098178 -0.023118 0.137592
0.134382 -0.092219 0.120570
0.143647 -0.082383 0.106833
0.063046 -0.068190 0.162858
0.152906 0.053732 0.105138
0.074374 0.072648 0.152783
0.059595 0.056451 0.154893
0.080218 0.047485 0.156684
0.092079 -0.009064 0.141759
0.112145 -0.136431 0.151565
0.092884 -0.102543 0.156323
0.151292 -0.094771 0.101749
0.099096 -0.081613 0.147096
0.114767 -0.012241 0.126625
0.131895 -0.013482 0.108504
0.127794 0.003046 0.116818
0.141990 0.006336 0.097921
0.133139 0.028641 0.125893
0.141649 0.021743 0.106132
0.126523 0.014902 0.123282
0.127378 -0.105428 0.131784
0.158968 0.072217 0.085376
0.142167 0.057985 0.123869
0.116755 0.032730 0.142525
0.100664 0.047473 0.153885
0.093339 0.031451 0.152946
0.116829 0.054557 0.146857
0.117114 0.023158 0.137647
0.097872 0.017876 0.144237
0.131904 0.042797 0.134484
0.064213 -0.038109 0.156056
0.072599 -0.051998 0.155552
0.085772 -0.036077 0.146704
0.073082 -0.021924 0.150304
0.049813 -0.031947 0.159238
0.088035 -0.052876 0.148230
0.144326 0.039028 0.116378
0.158198 0.058155 0.089629
0.153492 0.083860 0.096925
0.148545 0.101899 0.095533
0.134756 0.107615 0.110545
0.143232 0.088122 0.111813
0.135883 0.077406 0.126543
0.135938 0.123040 0.100081
0.114724 -0.093588 0.139078
0.135598 0.252007 0.033278
0.119838 0.253452 0.027313
0.049418 -0.124877 0.178745
0.031516 -0.045616 0.165540
0.048848 -0.053228 0.163856
0.002404 -0.143975 -0.132078
-0.001509 -0.127897 -0.128958
-0.000057 -0.110123 -0.125097
0.005522 -0.092283 -0.120717
-0.008976 -0.039644 -0.109366
-0.003688 -0.017446 -0.106760
-0.002645 -0.000114 -0.107736
0.000456 0.067260 -0.115962
0.000485 0.085675 -0.117233
0.000770 0.122592 -0.117907
-0.000076 0.175027 -0.111169
0.002236 0.200948 -0.105257
0.020411 0.212887 -0.101566
0.038379 0.222754 -0.098739
0.055267 0.233803 -0.094352
0.072011 0.246360 -0.086527
0.087416 0.262161 -0.071394
0.152124 0.254470 -0.053241
0.153330 0.236318 -0.068393
0.152048 0.215847 -0.079440
0.148653 0.192985 -0.087096
0.147631 0.170714 -0.089875
0.147670 0.148203 -0.090273
0.151885 0.126197 -0.085914
0.158129 0.104282 -0.077811
0.168534 0.088924 -0.064290
0.179466 0.080175 -0.043097
0.181269 0.078647 -0.020008
0.125424 0.027656 -0.083467
0.078558 0.165306 -0.113894
0.176298 0.068728 -0.026189
0.141532 0.082873 -0.087064
0.116323 0.168720 -0.105053
0.122240 0.255490 -0.066530
0.127677 0.237832 -0.078749
0.087737 0.234861 -0.091354
0.136427 0.113718 -0.095260
0.129999 0.157432 -0.099756
0.120050 0.267331 -0.051566
0.135634 0.261827 -0.052275
0.104261 0.260442 -0.068088
0.141692 0.228379 -0.078309
0.136039 0.204012 -0.090118
0.090920 0.249665 -0.081006
0.172604 0.079499 -0.055337
0.132346 0.133159 -0.098405
0.139031 0.247355 -0.066588
0.104319 0.269882 -0.054906
0.122965 0.219869 -0.090166
0.131151 0.180935 -0.096887
0.105064 0.188247 -0.105614
0.119752 0.195650 -0.099148
0.158070 0.066972 -0.065243
0.128245 0.096425 -0.098056
0.106080 0.215062 -0.097541
0.097455 0.166248 -0.111197
0.109751 0.145672 -0.108971
0.082026 0.071039 -0.111564
0.073632 0.202036 -0.106269
0.109830 0.070564 -0.103033
0.099659 0.130157 -0.112752
0.109034 0.095339 -0.107250
0.119222 0.125791 -0.105389
0.122833 0.082457 -0.099082
0.073320 0.225492 -0.097385
0.077223 0.108044 -0.116323
0.052765 0.209480 -0.103430
0.083758 0.148092 -0.114865
0.097401 0.112083 -0.112528
0.078349 0.126422 -0.116525
0.062136 0.117306 -0.117885
0.172170 0.070874 0.025382
0.019860 0.193031 -0.107414
0.109135 0.240836 -0.083449
0.168708 0.065094 -0.048749
0.168923 0.051814 -0.033145
0.127008 0.068372 -0.093340
0.150684 0.051912 -0.068522
0.141630 0.065481 -0.082389
0.160496 0.045896 -0.051364
0.146182 0.031934 -0.066023
0.163194 0.031001 -0.035372
0.168776 0.035316 -0.017633
0.154980 0.027024 -0.050430
0.153713 0.015711 -0.042723
0.042321 0.102903 -0.117804
0.059846 0.098652 -0.117529
0.023819 0.116007 -0.117699
0.068235 0.085418 -0.115688
0.055896 0.067481 -0.114128
0.040578 0.082880 -0.116611
0.090728 0.090553 -0.112512
0.100519 0.056575 -0.104019
0.019127 0.073800 -0.116160
0.037877 0.064874 -0.114842
0.022212 0.057013 -0.114419
0.051466 0.191857 -0.108660
0.084414 0.185514 -0.109889
0.060024 0.158824 -0.115151
0.067587 -0.153983 -0.125436
0.162759 -0.096628 -0.034042
0.169613 0.034345 0.018236
0.160081 -0.001071 -0.014476
0.152836 0.003453 -0.038498
0.172315 0.050908 0.013203
0.166243 0.020534 -0.003600
0.171075 0.039683 0.001402
0.014332 0.153703 -0.114813
0.136163 0.039662 -0.079258
0.135460 0.052087 -0.083777
0.140352 0.018797 -0.065963
0.004160 0.106666 -0.118056
0.021998 0.094247 -0.117415
0.017236 0.132630 -0.117172
0.060516 0.137891 -0.116854
0.036017 0.139400 -0.116702
0.040589 0.175226 -0.111814
0.049994 0.027687 -0.109054
0.047738 0.047943 -0.112071
0.074294 0.054822 -0.110052
0.093251 0.041966 -0.103589
0.024963 0.037632 -0.112358
0.161542 -0.009452 0.014107
0.026175 -0.082102 -0.116610
0.165264 0.018870 0.021966
0.162017 0.003743 0.023591
0.162772 0.004903 0.004384
0.150194 -0.013078 -0.038128
0.114486 -0.024820 -0.078374
0.137184 -0.026506 -0.056441
0.106886 -0.005559 -0.086377
0.107599 0.016065 -0.090619
0.155230 -0.021407 -0.023447
0.172870 0.062985 0.013448
0.161862 0.017232 -0.023056
0.117981 0.047508 -0.094181
0.029802 0.006884 -0.107056
0.006414 0.030021 -0.111862
0.004009 0.047641 -0.114275
0.021847 -0.153158 -0.132834
0.019962 -0.128343 -0.127482
0.173810 -0.091224 0.012707
0.169288 -0.073492 0.012737
0.185902 -0.139803 0.010770
0.004530 -0.075381 -0.116762
0.020716 -0.103198 -0.122101
0.006781 -0.053106 -0.111857
0.014631 -0.031470 -0.107534
0.024235 -0.065751 -0.113328
0.124035 0.008906 -0.077729
0.126924 -0.010305 -0.070803
0.097199 -0.025348 -0.088987
0.061851 0.001547 -0.102991
0.050527 0.013293 -0.106545
0.057607 -0.020325 -0.101432
0.107277 0.032893 -0.095694
0.148492 -0.066970 -0.046781
0.004491 0.013471 -0.109338
0.028078 0.020314 -0.109486
0.178793 -0.108659 0.015113
0.182819 -0.124540 0.018555
0.179697 -0.122611 -0.004228
0.182543 -0.142616 -0.014781
0.175364 -0.127248 -0.023530
0.159190 -0.074565 -0.029585
0.151928 -0.089731 -0.050191
0.153763 -0.051748 -0.029967
0.161022 -0.049093 -0.006714
0.141431 -0.044569 -0.050551
0.166896 -0.082144 -0.011679
0.163927 -0.063212 -0.007658
0.161692 -0.033203 0.011904
0.156304 -0.034601 -0.016799
0.160188 -0.019588 -0.002045
0.039158 -0.118554 -0.122872
0.042416 -0.071544 -0.112087
0.139687 -0.011186 -0.056881
0.086056 0.005099 -0.097367
0.082978 -0.010692 -0.095837
0.072814 0.019013 -0.103744
0.073048 0.037389 -0.107567
0.091453 0.023614 -0.099561
0.055501 -0.042630 -0.104217
0.036187 -0.024226 -0.104723
0.079485 -0.032786 -0.096517
0.058572 -0.062132 -0.106920
0.079809 -0.049860 -0.098329
0.167744 -0.130070 -0.042697
0.147893 -0.032000 -0.037193
0.129130 -0.043725 -0.065437
0.042437 -0.097163 -0.117166
0.033612 -0.049560 -0.109007
0.113105 -0.079925 -0.086440
0.047617 -0.157764 -0.130752
0.039156 -0.139092 -0.127516
0.175182 -0.148108 -0.038325
0.165835 -0.147655 -0.054905
0.167885 -0.114321 -0.033784
0.126383 -0.027270 -0.068697
0.100193 -0.040379 -0.087815
0.095886 -0.066839 -0.093532
0.114740 -0.044538 -0.078671
0.103795 -0.057858 -0.087520
0.159543 -0.129362 -0.055617
0.079596 -0.073203 -0.102096
0.097561 -0.087014 -0.096839
0.151286 -0.145853 -0.073270
0.142539 -0.124833 -0.074981
0.110827 -0.097671 -0.092137
0.123938 -0.125529 -0.091291
0.104059 -0.117107 -0.101448
0.098298 -0.135096 -0.109198
0.139440 -0.102446 -0.070075
0.126910 -0.090126 -0.078672
0.093226 -0.103723 -0.102924
0.125023 -0.066632 -0.074116
0.081583 -0.117329 -0.111564
0.137393 -0.060755 -0.060242
0.155225 -0.112349 -0.054360
0.055900 -0.114562 -0.118456
0.055271 -0.135376 -0.123841
0.071948 -0.131297 -0.118490
0.078502 -0.093985 -0.106536
0.133829 -0.143322 -0.089685
0.102393 -0.155353 -0.112688
0.016368 -0.003637 -0.107004
0.040452 -0.005890 -0.104943
0.138818 -0.080530 -0.064606
-0.016519 0.211595 -0.102529
-0.034747 0.222400 -0.099399
-0.052355 0.232523 -0.095128
-0.069541 0.244111 -0.087633
-0.084726 0.260230 -0.072346
-0.148955 0.251867 -0.057070
-0.151292 0.233042 -0.072944
-0.150598 0.213139 -0.083350
-0.148028 0.191777 -0.090017
-0.146338 0.169192 -0.093027
-0.147371 0.147432 -0.091977
-0.150971 0.125120 -0.089209
-0.159413 0.103739 -0.082041
-0.170046 0.087068 -0.066397
-0.181729 0.077960 -0.044710
-0.122139 0.246646 -0.072710
-0.126617 0.025848 -0.086560
-0.119021 0.169264 -0.104585
-0.118354 0.260383 -0.058736
-0.049303 0.214777 -0.101748
-0.145226 0.081432 -0.086946
-0.132279 0.160388 -0.099383
-0.137625 0.244018 -0.069276
-0.134754 0.206273 -0.091068
-0.085180 0.241695 -0.086661
-0.175973 0.063979 0.006981
-0.135615 0.116145 -0.097776
-0.136488 0.258586 -0.053674
-0.101695 0.266935 -0.056025
-0.174703 0.077736 -0.057361
-0.054914 0.201332 -0.106025
-0.028538 0.200360 -0.105701
-0.145975 0.104349 -0.090744
-0.135367 0.137328 -0.098266
-0.159021 0.089756 -0.077936
-0.076185 -0.031183 -0.101592
-0.163767 0.011114 -0.015771
-0.134915 0.183594 -0.096248
-0.070537 0.220635 -0.099208
-0.172979 0.044603 0.004303
-0.170402 0.030221 0.005591
-0.171205 0.034934 -0.017816
-0.028344 0.167825 -0.113016
-0.154314 0.062379 -0.073750
-0.116319 0.129381 -0.107757
-0.114996 0.149596 -0.107826
-0.092039 0.161267 -0.113422
-0.065022 0.135489 -0.118407
-0.091159 0.136456 -0.115452
-0.070721 0.154785 -0.116266
-0.079472 0.116948 -0.117819
-0.101646 0.112789 -0.112987
-0.049901 0.157708 -0.115734
-0.088692 0.097375 -0.115607
-0.129765 0.094000 -0.099044
-0.080787 -0.093469 -0.109884
-0.033199 0.035530 -0.113278
-0.042940 0.003585 -0.108683
-0.163190 -0.015665 -0.007538
-0.017422 0.095662 -0.117955
-0.072756 0.194767 -0.108178
-0.103198 0.213085 -0.098342
-0.120064 0.218868 -0.091125
-0.131849 0.229141 -0.081983
-0.116823 0.194822 -0.100390
-0.095465 0.190148 -0.107163
-0.176319 0.052527 -0.012280
-0.172596 0.049492 -0.034739
-0.165717 0.016793 0.017624
-0.167966 0.032429 0.023887
-0.155247 0.020800 -0.052634
-0.167659 0.019638 -0.004628
-0.164737 0.022793 -0.030818
-0.164137 0.001076 0.001114
-0.161594 0.047272 -0.057369
-0.157283 0.010219 -0.038942
-0.015320 0.186755 -0.108871
-0.038454 0.183176 -0.110309
-0.121616 0.108734 -0.105013
-0.181474 -0.122831 0.000762
-0.062148 -0.152608 -0.129686
-0.021402 0.126224 -0.118071
-0.044907 0.131946 -0.118659
-0.015007 0.041840 -0.114101
-0.026710 -0.029443 -0.107965
-0.163174 -0.016963 0.021513
-0.060967 0.179632 -0.112010
-0.087228 0.206420 -0.103311
-0.090742 0.223294 -0.096275
-0.104523 0.235670 -0.086464
-0.102859 0.173672 -0.109109
-0.079430 0.177305 -0.112107
-0.160355 -0.003523 -0.023945
-0.162320 0.000799 0.022139
-0.184368 -0.132783 0.018124
-0.169088 -0.076109 0.002621
-0.036457 -0.145712 -0.131808
-0.005966 0.139111 -0.116413
-0.015397 0.112612 -0.118526
-0.078017 0.077271 -0.115113
-0.059171 0.118396 -0.119253
-0.064359 0.097334 -0.118505
-0.016499 0.024976 -0.111719
-0.021086 0.008526 -0.109331
-0.051045 0.033638 -0.112312
-0.016739 0.059014 -0.115519
-0.056816 0.055980 -0.114449
-0.019990 0.076832 -0.117121
-0.164104 -0.011079 0.008488
-0.164000 -0.031926 0.006405
-0.145243 0.006775 -0.059512
-0.178090 -0.108369 0.014338
-0.173615 -0.090166 0.018025
-0.168017 -0.070592 0.020322
-0.172821 -0.093794 -0.004036
-0.009749 -0.100300 -0.123090
-0.018241 -0.118659 -0.127307
-0.012413 -0.085673 -0.119504
-0.017451 -0.137417 -0.131179
-0.030653 -0.128312 -0.128764
-0.017016 -0.156909 -0.135003
-0.024140 -0.008641 -0.106870
-0.037000 0.017825 -0.110608
-0.034816 0.050957 -0.114798
-0.079335 0.058554 -0.112478
-0.038229 0.067749 -0.116346
-0.042278 0.088431 -0.118064
-0.163472 -0.033901 0.024510
-0.141263 0.019356 -0.071148
-0.152273 0.033095 -0.064938
-0.138897 0.031857 -0.079028
-0.164179 -0.076844 -0.020838
-0.175894 -0.112062 -0.015581
-0.026781 -0.105460 -0.123684
-0.039519 -0.094506 -0.119936
-0.036435 -0.074685 -0.115879
-0.053550 -0.133909 -0.127075
-0.060767 -0.101495 -0.117686
-0.040135 -0.022148 -0.107347
-0.067625 0.044938 -0.112381
-0.165416 -0.052373 0.019505
-0.086287 0.018421 -0.103858
-0.110274 -0.002773 -0.090336
-0.137915 -0.007615 -0.067243
-0.185370 -0.138756 -0.003488
-0.179556 -0.132086 -0.022535
-0.169171 -0.113596 -0.037044
-0.166329 -0.095601 -0.030231
-0.014868 -0.062496 -0.114211
-0.032618 -0.050741 -0.110729
-0.061498 -0.079742 -0.112582
-0.052975 -0.062743 -0.110843
-0.047240 -0.114490 -0.123550
-0.064207 -0.121055 -0.122101
-0.061421 -0.023887 -0.104960
-0.053727 -0.038690 -0.106413
-0.070622 -0.048256 -0.103932
-0.049319 -0.010138 -0.106188
-0.165510 -0.063121 -0.001615
-0.163613 -0.049180 -0.004424
-0.110770 0.017330 -0.094143
-0.093373 0.000586 -0.099063
-0.071493 0.027206 -0.108904
-0.059749 0.016273 -0.109083
-0.074237 -0.012597 -0.102776
-0.098620 -0.018740 -0.094195
-0.127461 0.006231 -0.079384
-0.121025 -0.016213 -0.082437
-0.114186 -0.033945 -0.084266
-0.134460 -0.027006 -0.067833
-0.146934 -0.023236 -0.051409
-0.152157 -0.006368 -0.046473
-0.074712 -0.135844 -0.122550
-0.078382 -0.113160 -0.115746
-0.067761 0.001472 -0.105791
-0.091388 -0.039228 -0.096165
-0.140437 -0.070639 -0.062606
-0.093516 -0.125865 -0.113367
-0.077663 -0.059661 -0.103981
-0.088415 -0.073366 -0.102915
-0.148705 -0.053347 -0.048601
-0.124760 -0.108161 -0.090406
-0.144085 -0.037944 -0.053582
-0.130275 -0.042137 -0.070737
-0.137223 -0.055019 -0.064815
-0.153272 -0.069367 -0.042763
-0.099251 -0.087790 -0.100745
-0.117168 -0.089954 -0.090350
-0.136398 -0.089578 -0.073635
-0.170225 -0.134748 -0.046718
-0.119846 -0.051984 -0.081374
-0.128247 -0.072687 -0.077087
-0.101577 -0.103918 -0.103605
-0.110704 -0.122857 -0.104067
-0.148464 -0.087384 -0.058437
-0.157551 -0.101801 -0.050593
-0.156998 -0.086268 -0.044285
-0.158791 -0.119034 -0.058043
-0.102599 -0.055214 -0.093527
-0.111223 -0.071989 -0.090799
-0.124149 -0.130606 -0.097526
-0.144633 -0.105517 -0.070003
-0.142539 -0.123237 -0.079406
-0.157540 -0.136957 -0.068090
-0.141965 -0.141742 -0.087399
-0.125905 0.079241 -0.099300
-0.136265 0.060423 -0.089303
-0.096178 0.067487 -0.110062
-0.145676 0.045553 -0.077574
-0.102545 0.080989 -0.109978
-0.101556 0.050358 -0.105570
-0.124715 0.042015 -0.092890
-0.106326 0.032047 -0.099833
-0.086183 0.038085 -0.107771
-0.157617 -0.022647 -0.029600
-0.152632 -0.035885 -0.039016
-0.161552 -0.033884 -0.012276
-0.037669 0.110549 -0.118968
-0.086653 -0.146979 -0.121547
-0.159463 -0.057276 -0.023869
-0.157716 -0.041604 -0.026171
-0.124208 -0.152077 -0.104713
-0.105755 -0.142587 -0.112010
-0.170147 0.083215 0.033702
0.163536 0.079970 0.065829
0.172073 0.087769 0.034980
0.155570 0.106551 0.079848
0.039623 0.055266 0.153642
0.114606 0.081101 0.140957
0.089254 0.209513 -0.102574
0.158466 0.089322 -0.074563
0.177110 0.070910 -0.003413
0.178796 0.079408 0.003525
0.147576 0.102784 -0.086143
0.173276 0.055852 -0.007838
-0.101166 0.253008 -0.073738
-0.171623 0.065696 -0.051882
-0.164458 0.034243 -0.042707
-0.167943 0.078685 -0.064028
-0.179604 0.064789 -0.026377
-0.184085 0.074955 -0.022210
-0.179983 0.075224 0.002733
-0.162329 0.074673 -0.068607
-0.116329 0.062868 -0.101547
-0.135513 0.269894 -0.000928
-0.114387 -0.015064 0.115942
-0.096305 -0.090009 0.145224
-0.146875 -0.109983 0.102251
0.064932 0.181690 -0.111254
0.115015 0.113789 -0.106642
-0.008887 0.153919 -0.114801
0.141727 0.003476 -0.057346
0.042523 0.152350 -0.115407
0.173748 -0.105459 -0.011649
0.165045 -0.053534 0.016325
0.125048 -0.112352 -0.086340
0.114642 -0.136617 -0.100857
0.085510 -0.145396 -0.117579
-0.113520 0.094574 -0.107279
-0.029784 0.146769 -0.116424
-0.141050 -0.041572 0.087602
-0.147704 0.015952 0.079433
-0.141524 -0.062242 0.094077
-0.104602 -0.099062 0.141113
-0.132987 0.048791 0.128799
0.039877 0.123730 -0.117678
0.025911 0.168915 -0.112595
0.055935 -0.084113 -0.111620
0.065525 -0.101688 -0.112751
-0.179374 0.067121 -0.008620
-0.171412 0.050627 0.018791
-0.060833 0.075785 -0.116619