0.000592 0.187711 0.086372
-0.021241 0.189115 0.084109
-0.041950 0.196019 0.077530
-0.060877 0.208043 0.066323
-0.074336 0.226356 0.049817
-0.084059 0.245212 0.028799
-0.089968 0.261423 0.006733
-0.096113 0.274059 -0.019844
-0.095573 0.272577 -0.049344
-0.109770 0.272238 -0.037730
-0.128545 0.268407 -0.037962
-0.145053 0.266914 -0.034335
-0.155466 0.270372 -0.010031
-0.154736 0.266115 0.010357
-0.151267 0.253827 0.027571
-0.146466 0.235609 0.039507
-0.142393 0.215234 0.049467
-0.138008 0.193032 0.059095
-0.139051 0.169822 0.068704
-0.046661 0.161051 0.103298
-0.042529 0.181661 0.087916
-0.119029 0.271654 -0.018667
-0.136673 0.271239 -0.019152
-0.105284 0.269259 -0.006299
-0.078130 0.212275 0.059911
-0.104577 0.253840 0.018639
-0.136738 0.259826 0.019546
-0.138211 0.246585 0.032214
-0.122634 0.249541 0.026806
-0.131618 0.229370 0.042516
-0.022111 0.147837 0.113400
-0.062662 0.190835 0.078547
-0.057590 0.172750 0.093096
-0.080383 0.194934 0.072582
-0.104515 0.169217 0.084834
-0.066381 0.153462 0.107138
-0.078885 0.175994 0.087095
-0.100591 0.184910 0.075617
-0.119036 0.264802 0.005629
-0.123015 0.181398 0.070356
-0.111034 0.148754 0.096194
-0.012488 0.175248 0.094677
-0.026248 0.164639 0.101664
-0.128333 0.159422 0.080028
-0.049577 0.145765 0.114279
-0.086399 0.157224 0.099804
-0.094078 0.237689 0.035838
-0.111701 0.238284 0.035097
-0.096362 0.224678 0.047222
-0.115985 0.202036 0.060531
-0.099157 0.206574 0.060866
-0.115024 0.221573 0.048136
-0.129428 0.213709 0.051517
0.022715 0.190972 0.084392
0.043570 0.200228 0.077254
0.061851 0.213114 0.065748
0.075791 0.231633 0.048710
0.084206 0.250164 0.027917
0.092432 0.265228 0.006407
0.095738 0.277170 -0.019288
0.096789 0.274554 -0.049815
0.126683 0.273081 -0.034452
0.148070 0.269298 -0.032442
0.156003 0.273500 -0.008946
0.156549 0.270584 0.012226
0.152790 0.259543 0.028804
0.147121 0.241916 0.041184
0.142791 0.222032 0.050276
0.138123 0.200012 0.060016
0.138756 0.176827 0.069325
0.144032 0.155501 0.075127
0.012421 0.178373 0.092916
0.086671 0.173320 0.090656
0.109569 0.276368 -0.036269
0.088993 0.204586 0.066493
0.107215 0.238385 0.038950
0.119829 0.275303 -0.017100
0.103889 0.259911 0.016527
0.078688 0.217787 0.058744
0.089157 0.239288 0.039347
0.138183 0.275060 -0.009359
0.134109 0.266273 0.018108
0.105901 0.273573 -0.007109
0.041542 0.152554 0.111228
0.104163 0.249667 0.028768
0.097311 0.223537 0.050831
0.110765 0.204211 0.062952
0.119804 0.220423 0.051581
0.128160 0.207723 0.058407
0.126242 0.189949 0.067861
0.128519 0.234762 0.042982
0.110993 0.182621 0.076993
0.125077 0.163455 0.082757
0.076901 0.188843 0.080522
0.095221 0.188979 0.076956
0.034950 0.181095 0.090558
0.104306 0.143148 0.107535
0.104463 0.163941 0.092247
0.117550 0.268782 0.006111
0.120419 0.143659 0.098096
0.068107 0.200042 0.073636
0.058060 0.183365 0.087234
0.049290 0.167513 0.099823
0.070513 0.173758 0.093074
0.065005 0.156236 0.107327
0.027771 0.165554 0.101895
0.000737 0.159954 0.105256
0.020240 0.147340 0.114429
0.085130 0.140788 0.115826
0.088608 0.156761 0.102715
0.062654 0.138667 0.120614
0.135598 0.252007 0.033278
0.119838 0.253452 0.027313
0.002236 0.200948 -0.105257
0.020411 0.212887 -0.101566
0.038379 0.222754 -0.098739
0.055267 0.233803 -0.094352
0.072011 0.246360 -0.086527
0.087416 0.262161 -0.071394
0.152124 0.254470 -0.053241
0.153330 0.236318 -0.068393
0.152048 0.215847 -0.079440
0.148653 0.192985 -0.087096
0.122240 0.255490 -0.066530
0.127677 0.237832 -0.078749
0.087737 0.234861 -0.091354
0.120050 0.267331 -0.051566
0.135634 0.261827 -0.052275
0.104261 0.260442 -0.068088
0.141692 0.228379 -0.078309
0.136039 0.204012 -0.090118
0.090920 0.249665 -0.081006
0.139031 0.247355 -0.066588
0.104319 0.269882 -0.054906
0.122965 0.219869 -0.090166
0.131151 0.180935 -0.096887
0.105064 0.188247 -0.105614
0.119752 0.195650 -0.099148
0.106080 0.215062 -0.097541
0.073632 0.202036 -0.106269
0.073320 0.225492 -0.097385
0.052765 0.209480 -0.103430
0.019860 0.193031 -0.107414
0.109135 0.240836 -0.083449
0.051466 0.191857 -0.108660
0.084414 0.185514 -0.109889
-0.016519 0.211595 -0.102529
-0.034747 0.222400 -0.099399
-0.052355 0.232523 -0.095128
-0.069541 0.244111 -0.087633
-0.084726 0.260230 -0.072346
-0.148955 0.251867 -0.057070
-0.151292 0.233042 -0.072944
-0.150598 0.213139 -0.083350
-0.148028 0.191777 -0.090017
-0.122139 0.246646 -0.072710
-0.118354 0.260383 -0.058736
-0.049303 0.214777 -0.101748
-0.137625 0.244018 -0.069276
-0.134754 0.206273 -0.091068
-0.085180 0.241695 -0.086661
-0.136488 0.258586 -0.053674
-0.101695 0.266935 -0.056025
-0.054914 0.201332 -0.106025
-0.028538 0.200360 -0.105701
-0.134915 0.183594 -0.096248
-0.070537 0.220635 -0.099208
-0.072756 0.194767 -0.108178
-0.103198 0.213085 -0.098342
-0.120064 0.218868 -0.091125
-0.131849 0.229141 -0.081983
-0.116823 0.194822 -0.100390
-0.095465 0.190148 -0.107163
-0.015320 0.186755 -0.108871
-0.038454 0.183176 -0.110309
-0.087228 0.206420 -0.103311
-0.090742 0.223294 -0.096275
-0.104523 0.235670 -0.086464
0.089254 0.209513 -0.102574
-0.101166 0.253008 -0.073738
-0.135513 0.269894 -0.000928
0.064932 0.181690 -0.111254