1
2
3
4
5
6
7
8
9
61
62
63
64
65
66
67
68
69
70
71
72
73
74
75
76
77
78
79
80
81
82
83
84
85
86
87
88
89
90
91
92
93
94
95
96
102
103
104
108
111
112
114
118
123
124
127
131
132
133
140
141
143
144
145
146
147
148
149
154
158
159
160
161
170
171
172
173
187
188
189
190
198
199
200
201
202
203
204
205
206
207
208
209
223
224
225
226
227
228
229
230
231
232
233
234
235
246
247
248
249
250
251
252
253
270
271
272
273
274
275
276
278
279
280
281
282
283
284
285
302
303
304
305
306
307
308
309
328
329
330
331
332
334
335
336
337
338
339
340
341
342
343
344
345
356
369
370
371
372
373
374
375
376
377
378
379
380
381
382
383
384
386
392
393
394
395
396
397
398
399
400
401
403
410
434
435
437
438
439
440
441
442
443
444
445
446
447
448
449
450
451
452
453
454
455
456
470
477
478
479
480
481
482
483
484
485
486
498
499
541
542
568
583
584
585
586
587
588
589
590
591
592
593
595
596
597
598
599
600
601
602
603
639
640
641
642
643
644
645
646
647
648
649
650
651
652
653
654
655
656
657
658
659
661
662
663
666
667
668
669
672
673
674
675
676
691
692
694
699
700
701
702
703
704
705
706
707
708
709
710
711
712
713
729
733
734
735
737
738
739
744
745
746
747
748
749
750
751
800
801
802
803
804
805
806
807
808
809
810
811
813
814
815
820
844
845
846
847
848
849
850
851
852
853
854
855
856
858
859
860
861
862
863
864
865
891
897
900
901
903
904
905
908
909
910
911
942
944
952
953
954
955
956
957
958
959
960
961
962
963
964
965
976
977
978
980
983
984
985
986
987
988
989
990
991
992
993
994
995
996
997
998
999
1000
1001
1013
1014
1015
1016
1017
1025
1026
1027
1028
1029
1030
1031
1032
1033
1034
1035
1036
1037
1038
1039
1040
1041
1042
1043
1044
1045
1058
1059
1060
1062
1063
1064
1065
1066
1067
1068
1069
1070
1071
1072
1073
1074
1075
1076
1077
1078
1079
1084
1085
1086
1087
1088
1089
1090
1091
1092
1093
1094
1095
1096
1097
1100
1108
1109
1112
1130
1131
1205
1206
1207
1208
1209
1210
1211
1212
1213
1214
1215
1216
1217
1218
1219
1220
1221
1222
1223
1224
1225
1226
1227
1228
1229
1230
1231
1232
1233
1234
1235
1236
1237
1238
1239
1240
1241
1242
1243
1244
1245
1246
1247
1248
1249
1250
1251
1252
1253
1254
1255
1256
1257
1258
1259
1260
1261
1262
1263
1264
1265
1266
1267
1268
1269
1270
1271
1272
1273
1274
1275
1284
1285
1286
1287
1288
1289
1290
1291
1292
1293
1294
1295
1296
1297
1298
1299
1300
1301
1302
1303
1304
1305
1306
1307
1308
1309
1310
1311
1319
1320
1323
1324
1325
1326
1327
1328
1329
1330
1331
1332
1333
1334
1335
1336
1337
1338
1339
1340
1341
1342
1343
1366
1367
1368
1369
1370
1371
1372
1373
1374
1375
1376
1377
1378
1379
1380
1381
1382
1395
1396
1397
1398
1399
1412
1413
1414
1415
1416
1417
1418
1419
1420
1421
1422
1423
1424
1425
1426
1448
1449
1450
1451
1452
1453
1454
1455
1456
1457
1458
1459
1460
1471
1472
1473
1474
1475
1476
1477
1478
1479
1480
1481
1482
1483
1484
1485
1519
1520
1521
1542
1543
1544
1555
1556
1563
1564
1565
1566
1567
1568
1569
1570
1598
1614
1615
1624
1625
1627
1628
1629
1630
1631
1632
1633
1634
1635
1636
1637
1646
1647
1648
1649
1663
1714
1734
1735
1737
1759
1760
1761
1762
1763
1764
1765
1766
1767
1768
1769
1770
1771
1772
1773
1774
1775
1776
1777
1778
1779
1780
1781
1782
1783
1784
1785
1786
1787
1788
1789
1790
1791
1792
1793
1800
1801
1802
1803
1804
1805
1806
1807
1808
1809
1810
1811
1812
1813
1814
1815
1816
1817
1818
1819
1824
1832
1833
1834
1835
1836
1837
1838
1839
1840
1841
1842
1843
1844
1845
1846
1847
1848
1849
1850
1851
1852
1853
1854
1859
1860
1863
1864
1865
1866
1867
1868
1869
1870
1871
1872
1873
1874
1875
1885
1886
1887
1894
1895
1896
1897
1898
1899
1900
1901
1902
1903
1904
1905
1906
1907
1924
1925
1926
1927
1928
1929
1930
1931
1932
1933
1958
1959
1960
1961
1962
1963
1964
1965
1966
1967
2007
2008
2009
2010
2011
2012
2013
2025
2026
2027
2028
2029
2030
2045
2046
2051
2052
2053
2054
2057
2058
2059
2060
2075
2076
2077
2078
2079
2080
2081
2082
2083
2084
2085
2086
2087
2088
2089
2090
2091
2092
2099
2100
2104
2105
2106
2112
2118
2119
2120
2121
2142
2143
2144
2145
2146
2147
2148
2163
2180
2181
2182
2183
2184
2185
2186
2187
2216
2217
2218
2219
2220
2221
2225
2238
2239
2240
2241
2242
2243
2244
2245
2246
2247
2248
2249
2250
2257
2263
2264
2280
2281
2282
2283
2284
2285
2286
2287
2288
2289
2290
2291
2292
2293
2294
2295
2296
2297
2298
2299
2300
2301
2302
2305
2312
2315
2318
2330
2331
2332
2333
2334
2341
2342
2348
2349
2350
2357
2359
2376
2377
2378
2380
2381
2391
2392
2393
2396
2404
2405
2407
