68.321777 81.357445 82.594414 66.144150 82.124344 
68.321777 83.397224 76.068680 67.542336 58.600697 
83.397217 59.994946 65.306198 65.261406 69.122475 
59.994949 62.549965 59.330685 75.558167 66.949684 
62.549965 59.303780 85.667198 73.744881 72.133911 
59.303780 61.467930 64.204918 57.996750 60.660442 
80.038239 59.815784 63.985939 73.012421 61.635925 
59.815784 84.310204 81.747635 83.443748 83.398529 
84.310204 61.878887 83.410172 93.082008 54.348373 
61.878891 58.977684 80.090904 59.388062 88.712265 
58.977684 56.498093 111.693367 74.489418 61.715878 
100.550316 56.498093 55.195274 110.850761 57.187843 
55.195274 55.655487 100.487640 94.342339 88.374786 
55.655487 56.739429 107.907570 55.547577 100.371490 
56.739433 57.872520 103.679825 57.021858 59.433834 
57.872520 59.093498 106.071777 60.533344 74.618103 
59.093498 85.767487 77.404945 59.662903 97.981407 
85.767494 60.121887 57.647903 64.790161 76.513725 
60.121883 60.435822 101.057594 73.059654 71.497566 
60.435822 57.999214 74.290146 67.155243 87.959572 
57.999214 60.866905 65.500618 66.982635 88.449860 
60.866905 57.004196 84.391525 66.780640 82.064636 
57.004196 62.580070 79.203781 57.545677 54.392448 
62.580070 75.564987 59.995766 64.220169 66.999229 
75.564987 58.194435 62.441723 77.624588 74.337273 
58.194435 67.911018 62.539993 77.471527 60.185928 
67.911011 50.992058 75.638092 76.209114 65.937988 
50.992058 96.903809 59.935249 80.630295 70.812447 
69.862755 59.402092 89.242867 95.823311 59.464439 
69.862755 57.952477 81.960861 63.925289 108.665154 
57.952477 58.073368 101.427444 77.133980 91.139801 
58.073368 58.709213 76.499168 64.696838 101.185371 
58.709213 76.680832 81.300461 52.276512 99.844246 
118.283447 77.133980 76.499176 76.680832 69.939308 
81.960869 91.139809 69.939308 71.461395 107.972397 
81.357445 71.461395 73.262299 76.488907 96.456169 
80.299988 53.572186 66.382965 60.723526 76.838188 
60.533340 77.404945 57.647907 80.299988 60.477505 
59.402092 63.925285 67.483307 95.659317 95.549469 
100.487640 75.306190 91.887207 60.224754 100.235451 
55.547577 57.021858 75.306190 50.589050 79.934219 
64.024811 66.860550 93.961052 79.560005 72.606300 
63.411144 87.309891 62.743256 62.676537 77.768898 
82.594421 76.068680 73.262306 92.613014 54.178741 
103.470154 107.163605 73.162292 60.487568 73.371399 
76.488907 67.483307 99.864525 73.910873 82.176743 
79.203781 60.990715 64.164536 70.760139 60.008621 
85.667198 81.937607 55.133728 84.687500 58.581444 
76.149498 90.976913 64.024818 62.431892 73.121994 
62.539993 75.638092 63.411144 67.972778 76.549438 
59.433834 74.618103 53.572182 60.477505 50.589050 
80.090912 74.489418 57.187843 88.374786 58.282986 
73.059654 74.290154 66.382957 61.119087 76.647583 
65.306198 59.330681 66.860550 81.937614 87.428650 
83.410164 107.579193 91.887207 73.162285 58.282990 
67.155243 65.500626 61.119091 72.408035 57.467346 
76.209106 59.935249 73.910881 67.972778 82.672752 
60.723526 60.224754 79.934212 91.335426 62.251823 
57.545681 59.995766 60.990715 62.431892 76.698349 
88.335915 61.467926 55.133728 58.715996 69.835495 
64.204918 63.985939 58.715996 62.774185 84.892509 
62.441719 77.471519 73.122002 76.549438 79.832870 
67.542336 65.261406 62.743256 87.428658 53.250519 
79.560005 64.164536 76.698349 59.537136 79.130203 
72.606300 62.676533 89.068192 79.832878 53.250519 
77.768898 54.178741 82.176743 88.362724 82.672752 
84.007042 60.487568 62.774185 86.781921 71.641144 
86.781921 63.911942 79.497902 68.958061 80.258156 
73.371399 71.641144 63.911942 70.096359 77.396515 
72.408028 79.497902 70.096359 71.470291 62.545685 
66.982635 66.780640 70.760147 57.467350 60.366295 
58.581444 69.835503 59.537132 68.958061 77.851166 
60.008621 79.130211 71.470291 60.366295 77.851166 
76.838188 76.647583 62.251823 77.396515 62.545681 
53.357353 84.564087 94.730286 88.986137 86.240067 
53.357353 57.623764 81.962929 68.918907 79.314735 
57.623764 57.778206 57.363701 95.000038 67.524368 
57.778206 59.186157 67.372932 75.718208 90.526878 
59.186157 83.049316 72.354279 63.344780 54.449402 
83.049316 81.347672 74.633499 72.156960 72.569794 
81.347679 57.547928 65.468300 54.875175 74.993279 
57.547935 60.213165 60.102699 82.440514 71.344452 
60.213165 61.403526 62.610321 85.944351 102.553413 
61.403526 69.109177 82.720978 100.546837 91.146042 
69.109177 78.668198 102.377548 72.806046 113.660858 
78.668198 54.923813 110.216736 95.251778 101.594353 
54.923813 55.292931 94.804222 105.032028 67.519836 
110.216743 55.292927 56.477413 69.709282 71.428780 
111.770340 56.477409 78.492378 76.200912 97.928802 
118.920525 78.492386 59.257629 74.718018 104.131233 
59.662903 96.182037 59.257629 63.650116 118.706802 
89.242859 57.863945 90.358841 53.271183 82.652344 
57.863945 56.045456 96.381172 72.381821 89.297676 
113.909401 56.045456 61.248444 77.680618 67.178650 
96.381180 61.248444 66.800865 81.100060 72.835014 
120.285065 72.381821 77.680626 66.800865 69.088287 
90.358841 89.297668 69.088287 71.275925 66.067055 
84.564087 71.275925 86.987434 73.512894 75.263664 
53.271183 66.067047 86.987434 59.817135 65.781746 
82.720978 95.251778 94.804222 67.891716 66.333206 
78.694260 89.538872 73.761375 60.136768 57.007919 
92.589882 63.233360 70.321991 91.320290 53.343174 
81.962929 73.512901 93.765228 80.403992 58.060310 
80.630302 59.464439 82.652344 59.817139 75.583893 
87.959579 98.860199 94.121841 88.695793 60.228470 
75.263664 65.781746 75.583893 63.147614 79.920349 
74.633499 78.694260 60.970535 63.632420 62.987839 
88.449860 82.064629 89.538879 82.103920 76.496391 
67.372932 72.354286 78.908524 74.481903 53.621132 
89.659386 71.332329 57.321850 65.545876 60.237259 
64.790161 74.718018 63.650116 86.031479 55.056686 
69.709290 76.200912 62.374634 65.773354 57.976326 
97.928810 86.031479 62.374634 62.468586 63.645279 
94.121834 65.773354 62.468582 78.552025 66.905556 
76.513733 71.497559 88.695793 55.056683 63.645279 
67.519836 71.428787 67.891716 57.976322 62.575714 
54.392448 64.220169 57.371124 70.920776 90.813194 
65.468300 90.526695 60.970535 93.111984 59.982323 
63.344780 72.156960 63.632423 87.042404 73.337830 
73.761375 78.908524 73.337830 59.732780 62.546139 
77.624580 60.185928 80.405708 63.233360 71.332321 
60.102699 62.610321 100.546844 93.111984 78.134827 
68.918907 57.363697 70.321991 93.920609 81.111359 
66.999229 74.337280 57.321854 57.371124 63.661003 
65.937988 70.812447 84.647644 63.147614 70.161400 
60.136768 82.103928 70.920776 59.732784 92.605858 
74.481903 65.545876 62.546143 63.661003 52.183353 
91.320290 53.621136 60.237259 81.111359 52.183353 
53.343174 58.060303 79.920341 99.136551 70.161400 
78.552025 78.134827 58.852036 96.894775 61.411903 
93.824272 100.349693 58.852036 57.531811 59.508862 
60.228474 76.496391 103.484024 103.662254 57.531815 
57.007919 62.987839 59.982319 96.894775 59.508862 
117.364403 72.806038 119.900269 61.693336 103.432251 
61.693336 62.257687 124.306290 96.259125 96.750298 
62.257690 62.048607 63.349449 110.755501 114.724739 
62.048607 60.388138 91.092552 59.973812 95.687515 
60.388138 58.518768 113.486710 82.177094 51.730698 
58.518761 55.766972 73.222351 101.714836 95.220673 
55.766975 66.107666 69.785210 72.719307 89.728241 
63.668259 93.424904 55.608238 88.179283 56.834167 
63.668259 59.140774 67.853966 81.970352 54.518562 
59.140770 64.073624 88.191574 83.244286 60.824013 
64.073624 89.103249 89.293587 54.293030 58.225258 
58.023499 69.795044 97.014336 72.494537 59.197067 
58.023499 77.230034 88.485519 62.479942 80.377159 
77.230034 61.598179 73.269722 92.707649 98.799065 
56.068939 85.308258 70.446602 83.592369 62.743729 
56.068939 56.240837 92.154800 64.959518 67.092628 
56.240837 68.522430 88.054016 62.351818 80.206360 
68.522438 79.120972 77.101257 121.020203 85.907379 
67.178650 81.100060 79.120972 89.107925 109.221306 
117.108688 72.835014 89.107925 69.329788 103.360657 
69.329788 69.965698 79.691406 62.408707 101.519516 
88.986137 69.965698 90.777573 58.336784 72.126228 
77.291748 70.413315 63.622101 85.879364 60.841431 
88.054016 77.101257 79.691406 88.787727 59.054527 
62.408710 58.336788 77.291748 62.161644 80.804115 
85.308250 70.413315 62.161648 54.919415 60.739571 
86.796577 64.959518 59.054527 80.804115 54.919415 
78.832108 77.823509 85.544792 83.601013 85.118019 
79.443359 73.129784 97.980827 61.916924 64.414497 
82.177094 73.222351 66.107666 58.479473 65.465790 
86.240074 79.314735 72.126228 63.622101 61.563911 
91.146042 103.432251 96.259140 78.832108 97.638641 
82.440514 85.944359 77.823509 67.652458 57.807171 
88.191582 79.443352 60.223587 86.196808 63.609695 
82.459717 90.384506 67.305183 52.196976 85.152542 
73.129776 82.459717 63.113384 77.572052 78.658890 
69.795044 88.485535 88.699921 92.034210 58.797165 
75.718208 82.827805 55.623447 81.799797 69.899445 
70.446602 85.879372 60.739571 98.276596 93.272003 
89.293587 60.223587 88.699921 95.250305 85.306114 
90.567703 86.196800 94.056129 62.898659 64.745750 
72.569794 54.875175 90.384506 63.113388 77.247536 
60.841434 86.808121 93.272003 73.427078 63.075310 
88.464256 67.524368 61.563911 82.827812 73.427071 
63.349453 91.092545 85.544792 93.837982 58.765804 
90.526878 54.449402 89.085396 55.623451 67.809494 
93.424904 58.479469 71.669495 56.620796 67.954102 
62.479935 61.598183 92.034210 93.346886 85.876923 
59.973816 51.730698 65.465790 71.669495 66.331451 
81.799797 63.075302 98.769875 85.876923 84.362663 
83.601013 94.056137 88.505928 75.145325 81.713074 
85.118027 67.652458 83.741730 88.505928 61.508865 
55.608234 67.853966 92.914276 62.898659 56.620796 
95.687515 58.765800 67.954102 66.331451 75.145317 
61.916924 63.609695 109.608505 64.745750 81.713074 
67.305176 69.899445 67.809494 84.362663 66.757896 
74.993271 71.344452 57.807171 77.247536 61.508865 
64.414497 52.196976 78.658890 95.250305 62.968781 
85.152542 58.797165 95.427742 66.757904 62.968781 
59.388065 61.715874 118.213966 60.650688 63.411510 
108.856323 60.650688 59.868843 50.738594 68.322021 
59.868843 65.999779 98.796913 56.408531 65.772148 
65.999779 58.046593 100.519608 53.928017 71.741936 
58.046597 57.064575 77.785522 97.968506 60.675850 
95.220680 69.785210 57.064575 61.216698 101.176414 
62.351818 85.907379 82.073486 99.570663 75.597458 
64.696838 81.300461 82.073486 73.938171 61.154045 
101.185364 52.276512 73.938171 67.842201 59.139835 
67.842201 68.658928 60.078625 94.408630 63.231682 
68.658928 51.476749 95.490814 58.663780 98.196976 
66.144150 106.821106 51.476749 92.772171 94.520187 
86.423462 86.977859 84.544617 85.522110 61.786568 
60.242546 76.540550 64.295982 69.907578 86.013680 
83.453728 81.641891 86.211418 56.201672 60.917294 
81.424377 78.566826 63.905144 74.271111 66.443619 
73.269722 86.423462 71.567055 71.344429 71.294327 
82.124344 58.600700 86.977859 92.794495 80.551132 
60.078621 58.663780 53.566002 89.464088 65.830833 
67.092628 80.206360 53.566002 91.628250 64.297394 
81.970360 60.242546 66.034058 58.652187 66.595634 
90.512329 65.324188 50.957512 67.389938 56.454712 
83.244286 65.584106 67.771263 54.769032 65.207054 
94.381256 92.707657 71.567055 66.781815 51.113430 
81.747635 81.424385 59.163048 65.208588 65.486877 
88.712265 63.411514 50.738594 78.566826 68.074554 
75.597458 61.154049 59.139839 63.231682 89.464096 
72.494537 80.377159 66.781815 83.790688 72.262833 
72.719307 77.785522 61.216698 59.772484 58.733242 
89.728241 56.834167 93.011665 66.034058 59.772476 
83.592369 84.544617 65.830833 64.297394 56.971367 
98.799072 62.743729 85.522102 71.344429 56.971367 
54.293030 59.197067 85.306114 83.790680 55.240475 
68.322021 56.408535 63.905144 68.074554 62.256424 
73.012413 65.324196 59.163048 65.955185 75.279160 
65.772141 53.928017 62.256424 69.860229 64.932625 
57.996746 61.635925 50.957512 65.955185 63.961060 
73.744881 60.660442 67.389938 63.961060 85.926842 
99.157532 58.225258 65.584106 55.240475 59.513016 
69.122475 75.558167 66.232155 80.470398 89.966904 
81.641884 94.633156 65.208588 75.279160 63.051727 
71.741943 60.675850 76.540550 58.733246 69.860229 
66.949684 72.133911 85.926834 66.232155 72.614502 
64.295982 74.271111 87.712631 64.932625 88.546242 
61.786568 71.294327 80.551132 80.470390 96.212906 
86.587044 72.614502 71.816612 97.709244 50.505913 
51.113430 89.587059 89.966911 71.816612 65.053070 
69.907578 58.652187 67.771263 60.922798 53.599419 
54.518559 60.824013 66.595627 54.769035 60.922798 
86.013687 86.211426 63.051727 88.546234 53.599419 
56.201675 65.207054 59.513016 68.259605 105.546471 
60.917290 56.454708 94.457924 68.259605 91.111542 
102.205704 72.262825 50.505913 65.053070 91.111549 
66.333206 80.261703 66.905556 62.575718 61.411903 
83.398529 54.348377 66.443619 65.486877 92.490265 
