-0.945191 -0.143408 0.293339
-0.959978 -0.154396 0.233674
-0.956708 0.174643 0.232830
-0.954208 0.247141 0.168547
-0.968996 0.198653 0.146917
-0.975256 0.195006 0.104156
-0.976014 0.217548 0.008331
-0.973723 0.227736 -0.000307
-0.970600 0.237856 -0.036882
-0.983643 0.178260 0.025868
-0.969496 0.126595 0.209884
-0.880437 0.070830 0.468842
-0.754478 0.087583 0.650455
-0.627824 0.108151 0.770805
-0.469261 0.119826 0.874892
-0.313287 0.130489 0.940651
-0.144178 0.150371 0.978060
-0.092766 0.252668 0.963096
-0.075908 0.245200 0.966496
-0.074945 0.232495 0.969706
-0.021877 0.223253 0.974515
-0.039794 0.199884 0.979011
-0.036606 0.157542 0.986834
-0.024963 0.158842 0.986988
-0.013785 0.203813 0.978913
-0.025752 0.168591 0.985350
-0.007565 0.136156 0.990659
-0.001684 0.404441 0.914563
-0.022643 0.572137 0.819846
-0.133201 0.591130 0.795501
-0.019627 0.753724 0.656898
-0.084216 0.982349 0.167026
-0.192552 0.920178 -0.340875
0.038293 0.689344 0.723421
-0.235769 0.415288 0.878606
-0.716160 0.198284 0.669177
-0.389245 0.224198 0.893434
-0.246473 0.217343 0.944464
-0.055732 0.594298 0.802312
-0.652572 0.222128 0.724437
-0.537678 0.194154 0.820492
-0.636894 0.191673 0.746745
-0.588941 -0.302280 0.749517
-0.942450 -0.021680 0.333642
-0.833561 0.239166 0.497972
-0.355435 0.548419 0.756903
-0.339962 0.181325 0.922793
-0.795831 0.189611 0.575066
-0.379922 0.144971 0.913588
-0.102968 -0.146550 0.983830
-0.409721 0.209734 0.887773
-0.892478 0.182383 0.412576
-0.284936 0.237148 0.928748
-0.849790 0.218840 0.479548
-0.880543 0.216267 0.421749
-0.237132 0.215877 0.947188
0.048025 0.320466 0.946042
-0.536061 0.241340 0.808946
-0.268219 0.157097 0.950463
-0.875494 0.205083 0.437551
-0.929992 0.210833 0.301106
-0.319877 0.201782 0.925723
-0.826711 0.050693 0.560339
-0.542024 0.190101 0.818579
-0.677436 0.176285 0.714146
-0.612517 0.154246 0.775262
-0.882116 0.229242 0.411484
-0.696139 0.192158 0.691712
-0.688103 0.243838 0.683416
-0.490189 0.208236 0.846376
-0.254857 0.216956 0.942326
-0.659441 0.233080 0.714711
-0.441166 0.212942 0.871796
-0.511618 0.201646 0.835216
0.954012 -0.170423 0.246611
0.965658 -0.183204 0.184232
0.991804 0.052785 0.116353
0.968731 0.240711 0.060151
0.968316 0.232344 0.091541
0.982131 0.186491 0.025313
0.978133 0.202691 -0.046598
0.969080 0.237304 -0.067613
0.964794 0.256831 -0.056652
0.970231 0.240770 -0.026118
0.989796 0.142249 -0.008332
0.927086 0.051568 0.371283
0.817362 0.104876 0.566499
0.660151 0.156492 0.734650
0.462726 0.130643 0.876822
0.258396 0.170723 0.950834
0.052901 0.149656 0.987322
0.153622 0.575585 0.803183
-0.015810 0.766930 0.641536
-0.002071 0.988917 0.148455
0.203514 0.919337 -0.336751
-0.065974 0.719683 0.691161
0.207806 0.395045 0.894850
0.717998 0.257522 0.646654
0.185898 0.587696 0.787436
0.876885 0.269900 0.397777
0.614533 0.268588 0.741761
0.531956 -0.248986 0.809339
0.882088 0.124334 0.454380
0.011451 0.578276 0.815761
0.235835 0.253111 0.938252
0.339276 0.537643 0.771901
0.878772 0.219927 0.423547
0.268558 0.230406 0.935302
0.835745 0.194002 0.513706
0.459297 0.170259 0.871813
0.094390 0.246047 0.964651
0.557710 0.216843 0.801211
0.347772 0.262841 0.899983
0.503488 0.273588 0.819542
0.118414 0.263068 0.957483
0.737035 0.191200 0.648245
0.212519 0.193334 0.957840
0.924961 0.242844 0.292360
0.887950 0.246259 0.388461
0.630917 0.224308 0.742718
0.217566 0.102654 0.970632
0.939636 0.237723 0.246113
0.898349 -0.072288 0.433294
0.270839 0.197649 0.942115
-0.020235 0.337420 0.941137
0.470488 0.218217 0.854998
0.574921 0.199473 0.793522
0.692664 0.179881 0.698469
0.496760 0.045888 0.866674
0.723047 0.265085 0.637913
0.602220 0.245803 0.759547
0.370891 0.244169 0.896003
0.743199 0.275963 0.609508
0.929154 -0.037291 -0.367807
0.826132 -0.050336 -0.561224
0.719188 -0.023009 -0.694435
0.550119 -0.060226 -0.832912
0.370179 -0.053844 -0.927399
0.171199 -0.081685 -0.981844
0.041865 0.005580 -0.999108
0.050963 0.081514 -0.995368
0.029795 0.112951 -0.993154
0.020331 0.141228 -0.989768
0.018980 0.163765 -0.986317
0.034043 0.241350 -0.969841
0.046483 0.214552 -0.975606
0.001305 0.161853 -0.986814
0.020858 -0.080991 -0.996497
0.015115 0.048850 -0.998692
0.002608 0.192357 -0.981322
-0.003110 0.330225 -0.943897
0.168954 0.728406 -0.663987
0.385764 0.333202 -0.860327
0.490683 -0.018771 -0.871136
0.757916 -0.190456 -0.623931
0.575529 -0.274251 -0.770424
0.070653 0.134948 -0.988330
0.496710 -0.116181 -0.860105
0.202075 -0.156131 -0.966845
0.039934 0.007216 -0.999176
0.764052 0.125758 -0.632780
0.633713 0.089685 -0.768352
0.243256 0.057723 -0.968243
0.900812 -0.291468 -0.321845
0.876911 0.160212 -0.453165
0.891782 0.206119 -0.402790
0.305069 0.116726 -0.945150
0.821076 0.120578 -0.557938
0.832159 0.151101 -0.533554
0.255695 0.243317 -0.935637
0.882142 0.236723 -0.407171
0.108974 -0.159832 -0.981111
0.225016 0.163647 -0.960514
0.320212 0.127108 -0.938780
0.953647 0.165139 -0.251568
0.572636 -0.046748 -0.818476
0.943831 -0.098094 -0.315531
0.679516 0.070390 -0.730276
0.938555 0.242826 -0.245254
0.348312 0.075335 -0.934346
0.167088 0.195186 -0.966428
0.442797 0.035923 -0.895902
0.532849 0.190323 -0.824530
0.594597 0.120034 -0.795013
0.788336 0.144035 -0.598147
0.218938 0.076229 -0.972757
0.550308 0.076465 -0.831453
0.477193 0.126907 -0.869587
0.729957 0.243085 -0.638805
0.919674 0.168717 -0.354591
0.676001 0.117361 -0.727495
0.509664 0.234981 -0.827663
-0.975794 -0.020737 -0.217704
-0.879460 -0.040667 -0.474233
-0.739059 -0.038704 -0.672528
-0.581363 -0.039486 -0.812686
-0.400882 -0.056388 -0.914393
-0.159821 -0.079824 -0.983913
-0.007368 0.299088 -0.954197
-0.203404 0.705270 -0.679133
-0.293733 0.548970 -0.782530
-0.390436 0.051544 -0.919186
-0.583058 -0.183692 -0.791391
-0.877634 -0.333636 -0.344160
-0.560218 -0.256094 -0.787763
-0.424897 0.124634 -0.896621
-0.617205 0.119219 -0.777717
-0.819440 0.150548 -0.553040
-0.267205 -0.002712 -0.963636
-0.957324 -0.222435 -0.184537
-0.386251 0.005069 -0.922380
-0.046492 0.072171 -0.996308
-0.254463 0.089635 -0.962919
-0.881058 0.154955 -0.446907
-0.271432 0.125561 -0.954232
-0.332099 0.211902 -0.919134
-0.880362 0.194538 -0.432571
-0.902546 0.090545 -0.420967
-0.210449 0.358061 -0.909672
-0.196678 0.224422 -0.954438
-0.195437 0.038598 -0.979956
-0.134011 0.105896 -0.985306
-0.159814 -0.113980 -0.980545
-0.069648 -0.129499 -0.989130
-0.019965 0.198505 -0.979896
-0.774523 0.076962 -0.627847
-0.910386 0.187747 -0.368712
-0.617627 0.061564 -0.784058
-0.970676 0.161446 -0.178110
-0.953251 0.140202 -0.267686
-0.160179 0.159052 -0.974190
-0.929573 0.227533 -0.290039
-0.772779 0.142328 -0.618510
-0.405372 0.049386 -0.912817
-0.925049 0.265762 -0.271396
-0.635624 0.119574 -0.762682
-0.734146 -0.100728 -0.671479
-0.743429 0.254114 -0.618659
-0.600711 0.242574 -0.761777
-0.403118 0.104207 -0.909196
-0.153872 0.126715 -0.979932
-0.589806 0.111448 -0.799818
-0.416885 0.118287 -0.901230
-0.732446 0.134239 -0.667460
-0.517775 0.238747 -0.821528
0.722662 0.276250 0.633597
-0.940570 0.211711 -0.265530
