-174.898590 76.579147 19.991528
-161.264282 16.281525 38.676384
-163.235672 -63.901119 45.589397
-179.104385 -120.507927 37.463585
-193.161377 -172.033310 28.483530
-203.816132 -230.306305 26.342747
-218.603348 -307.865082 24.152855
-231.337555 -363.635376 24.216681
-250.816025 -442.714935 25.807550
-264.109253 -501.765656 36.203026
-266.845245 -543.933533 64.645889
-245.287933 -541.239624 116.688248
-214.221985 -539.813293 162.081436
-174.347015 -539.718811 200.760712
-127.241852 -540.888000 232.182526
-74.350647 -542.609680 255.458237
-17.124741 -543.653320 269.938751
-4.697331 -465.264832 254.547592
-2.754161 -408.545135 239.933151
-0.025151 -351.065704 226.380447
7.616325 -302.217255 215.166504
2.343723 -243.178802 202.524857
3.017352 -188.363876 193.036758
0.205744 -128.850937 183.432007
2.686033 -61.585205 171.113449
-0.944514 -5.378858 158.445511
12.965785 51.773308 153.177536
0.042805 98.998520 140.505066
0.592299 187.710815 86.371826
-60.877434 208.043045 66.323311
-84.059074 245.212387 28.798822
-96.112930 274.059418 -19.843712
-145.053375 266.914490 -34.335110
-151.267456 253.827393 27.571146
-138.007660 193.031540 59.095161
-151.758453 126.337662 75.711639
-99.558281 -434.495972 222.235977
-56.242062 -486.393616 250.434998
-46.661297 161.051071 103.298088
-183.090622 -448.877319 172.890472
-150.736237 -494.262756 209.797089
-116.294601 -112.592331 134.839325
-106.508148 1.652126 126.540619
-152.918045 59.804123 93.176498
-209.114212 -373.652710 114.657898
-100.287109 125.870529 118.518181
-65.523705 -213.887405 183.983826
-166.237091 -183.383331 101.403107
-66.599564 -112.663826 166.179199
-53.630569 20.758205 152.159195
-106.438736 -485.844696 232.278442
-244.557220 -489.969666 105.243393
-67.087166 -382.123322 220.819000
-157.742355 -105.274323 83.757248
-232.548370 -433.313232 102.076515
-52.076130 -327.382111 212.287872
-54.416962 86.337837 148.646362
-144.503448 -421.223541 194.104675
-42.685951 -163.189560 182.707977
-186.807526 -226.679901 83.770157
-204.097900 -273.871826 69.404411
-54.256161 -52.971657 159.997299
-139.616364 -23.642464 86.380455
-107.426247 -184.188522 156.151016
-114.160675 -50.468544 122.670471
-124.102097 64.068726 137.081329
-206.967682 -326.796997 92.468605
-159.507965 -282.131012 142.435394
-170.827789 -333.588745 146.710464
-116.472435 -321.690247 185.037079
-50.183163 -274.060944 201.151505
-143.057571 -215.524948 136.632294
-101.845108 -257.007629 177.242783
-127.498489 -373.754364 192.012039
175.322662 80.482460 19.825241
165.507263 32.570030 40.633144
159.652237 -22.186214 37.114243
170.924667 -78.695595 34.814442
184.597961 -135.752014 38.976379
201.733566 -211.268845 32.084023
215.972855 -287.144287 32.856834
228.887543 -343.061676 36.919449
242.284805 -395.714264 44.237831
256.982666 -449.557190 52.057343
269.482971 -514.552429 57.063129
261.344635 -534.648315 117.737228
235.632492 -532.230347 166.113388
199.982346 -531.766846 208.287506
153.921310 -532.986084 240.733444
100.450447 -536.353455 262.428955
42.283390 -541.033752 272.246185
61.850559 213.113602 65.748184
84.206352 250.164307 27.917187
95.737602 277.169647 -19.288462
148.070084 269.298035 -32.442055
152.789917 259.542725 28.803602
138.123093 200.012405 60.016258
152.115067 133.396561 76.221832
86.670921 173.319870 90.656082
242.005508 -449.793488 128.359482
146.686951 -236.697830 155.777313
108.089302 5.153001 134.795715
150.752380 69.607796 106.576508
41.541870 152.553787 111.227852
80.995735 -363.158203 222.695923
103.494614 124.099426 121.907272
189.496811 -231.396423 99.951828
80.459312 -265.466675 198.209518
158.706207 -104.940208 94.394691
82.576828 -67.875626 154.247299
53.170837 -482.908630 259.175110
173.917297 -470.250214 214.155121
121.720139 -445.519073 233.897934
157.821976 -407.419952 204.714828
63.625595 -433.436676 245.094879
214.678299 -473.953796 178.796371
49.487724 -163.242142 185.066010
207.594498 -283.859528 90.499512
183.343414 -177.948441 83.937279
138.563339 -165.798874 139.332657
54.326759 -12.503418 155.436829
229.119995 -364.906555 92.153496
145.819977 -9.660684 87.076309
56.822021 -108.863113 173.298477
61.976902 92.081619 146.870712
105.230339 -197.774734 171.009842
110.641800 -115.708122 148.135788
127.416252 -75.127525 122.391449
116.829391 54.557091 146.856506
193.084778 -363.136230 158.614685
162.551193 -320.508789 171.914490
115.803108 -320.646667 199.791107
178.999268 -275.418243 138.358337
260.001770 -547.078186 2.818813
231.094467 -552.803040 -51.242519
192.478958 -559.360596 -99.524429
145.077774 -567.537537 -138.511307
91.891006 -574.175720 -166.109100
35.574154 -577.017090 -181.447189
-2.040859 -538.944031 -187.076416
3.369679 -437.789154 -179.843399
-3.665991 -380.993317 -174.778549
-2.487224 -322.522644 -166.896790
-5.008623 -262.394806 -157.880447
4.037368 -166.351273 -136.854233
-0.057494 -110.123329 -125.096901
-8.975576 -39.643860 -109.366478
0.456062 67.260185 -115.961685
0.769772 122.592430 -117.907448
-0.075583 175.027115 -111.169342
38.379250 222.753693 -98.739189
87.415771 262.161163 -71.394341
152.047531 215.847366 -79.439774
147.669693 148.202744 -90.272507
168.534271 88.924271 -64.290291
125.424431 27.655699 -83.467216
78.557983 165.305542 -113.893974
128.244965 96.425217 -98.056290
82.025826 71.039223 -111.563591
62.135670 117.305847 -117.884766
199.510605 -430.691528 -79.448502
139.054779 -286.106293 -113.028191
55.340099 -508.364319 -177.890320
163.194351 31.000931 -35.372128
238.474335 -467.243317 -31.051062
219.863510 -380.070709 -30.696236
70.546822 -289.506836 -150.483612
171.087997 -208.264343 -66.541496
183.732620 -279.837708 -63.046402
67.586807 -153.983292 -125.436157
162.759247 -96.627701 -34.042389
49.994263 27.686783 -109.053719
61.974228 -234.069962 -145.693192
75.399071 -370.218475 -159.215347
204.608856 -259.623322 -9.598676
114.486458 -24.819929 -78.374390
155.229675 -21.406712 -23.446936
181.924194 -500.660553 -108.129776
182.542542 -142.615585 -14.780857
81.383324 -464.798737 -166.709244
42.415783 -71.543686 -112.087448
112.538368 -527.588623 -157.864685
113.104523 -79.925110 -86.440376
143.726181 -402.835571 -127.510193
188.329697 -349.976196 -74.207489
51.604736 -419.605682 -171.963013
141.563644 -473.977112 -137.300461
111.131615 -328.755829 -137.755280
151.285721 -145.853378 -73.269905
213.179596 -330.295288 -22.370438
142.310577 -230.572495 -103.814285
116.804459 -178.310883 -111.299988
-265.069855 -549.023682 4.523823
-242.826813 -554.862793 -51.327553
-208.610962 -559.846252 -100.021759
-164.478119 -566.689087 -138.773972
-113.920471 -573.567505 -166.278046
-59.199692 -577.001953 -181.549637
-34.747112 222.400345 -99.399368
-84.725578 260.230011 -72.346092
-151.291992 233.042114 -72.943970
-146.338226 169.192429 -93.026657
-159.413498 103.738792 -82.041092
-181.729034 77.959709 -44.710148
-126.616714 25.848465 -86.560104
-119.957436 -441.973114 -156.291229
-145.016159 -294.621643 -120.676086
-219.806046 -447.904266 -73.830368
-76.184952 -31.183147 -101.591545
-163.767456 11.113987 -15.771296
-116.319145 129.381424 -107.757477
-65.022026 135.488785 -118.406746
-74.967056 -414.467896 -170.268600
-192.396698 -269.474335 -58.505379
-78.772469 -312.340881 -156.627258
-80.786583 -93.469116 -109.883575
-217.231339 -376.187317 -49.510921
-249.149918 -506.283051 -39.012890
-103.197525 213.085098 -98.342049
-62.148441 -152.608231 -129.685699
-65.382202 -520.992798 -181.700821
-43.853348 -468.968872 -181.331436
-78.016541 77.270981 -115.113007
-51.044746 33.638218 -112.311752
-19.542421 -214.712204 -149.433456
-216.923157 -505.641998 -89.288063
-209.413422 -321.963470 -41.312088
-177.001022 -515.588379 -129.346832
-208.089218 -264.511627 -10.446653
-195.976318 -212.345322 -26.950781
-55.111160 -251.536224 -153.225571
-164.178833 -76.844238 -20.838442
-186.302246 -354.662170 -91.725517
-120.550194 -516.652466 -163.924835
-179.555557 -132.085983 -22.534811
-173.919846 -454.389221 -124.468201
-134.460388 -27.006233 -67.832634
-158.875336 -158.425156 -75.575714
-124.760361 -108.161011 -90.405800
-107.746559 -373.310181 -153.727356
-51.530746 -356.906250 -168.960419
-151.767181 -375.322052 -128.794388
-108.155327 -258.234894 -138.522354
-160.028992 -250.672791 -98.936012
-124.061501 -170.239166 -109.778381
206.648300 -420.246307 168.563660
-239.016022 -421.631134 -20.196823
