-0.200705 -0.211808 0.026310
-0.203816 -0.230306 0.026343
-0.207919 -0.248098 0.023536
-0.210749 -0.268432 0.025014
-0.218603 -0.307865 0.024153
-0.227200 -0.344922 0.026021
-0.231338 -0.363635 0.024217
-0.242852 -0.410371 0.034360
-0.250816 -0.442715 0.025808
-0.255748 -0.462795 0.030095
-0.264109 -0.501766 0.036203
-0.265948 -0.520206 0.040322
-0.267188 -0.536067 0.045889
-0.268116 -0.538422 0.045290
-0.267847 -0.540486 0.044229
-0.266845 -0.543934 0.064646
-0.260528 -0.542828 0.083100
-0.253711 -0.542040 0.100286
-0.245288 -0.541240 0.116688
-0.236421 -0.540757 0.132854
-0.225981 -0.540204 0.147955
-0.214222 -0.539813 0.162081
-0.202049 -0.539789 0.175934
-0.188569 -0.539638 0.188715
-0.174347 -0.539719 0.200761
-0.159605 -0.540069 0.212362
-0.143793 -0.540437 0.222721
-0.127242 -0.540888 0.232183
-0.110211 -0.541409 0.240925
-0.092482 -0.542000 0.248578
-0.074351 -0.542610 0.255458
-0.055628 -0.543115 0.261169
-0.036564 -0.543506 0.266139
-0.017125 -0.543653 0.269939
0.002584 -0.543628 0.272356
0.002314 -0.505300 0.265158
-0.004697 -0.465265 0.254548
0.001898 -0.449073 0.250881
0.000110 -0.427710 0.245094
-0.002754 -0.408545 0.239933
-0.000025 -0.351066 0.226380
0.010911 -0.321760 0.219792
0.007616 -0.302217 0.215167
0.003217 -0.261676 0.206347
0.002344 -0.243179 0.202525
0.001896 -0.207005 0.196107
-0.254800 -0.502370 0.086395
-0.099558 -0.434496 0.222236
-0.056242 -0.486394 0.250435
-0.029325 -0.514433 0.262785
0.004554 -0.525893 0.269727
-0.260152 -0.528618 0.081201
-0.239414 -0.504591 0.120803
-0.183091 -0.448877 0.172890
-0.062993 -0.524316 0.256268
-0.026795 -0.532024 0.266543
-0.239037 -0.524207 0.125444
-0.150736 -0.494263 0.209797
-0.043961 -0.530119 0.262544
-0.228922 -0.524475 0.141465
-0.098973 -0.519991 0.242850
-0.133938 -0.524281 0.226207
-0.082238 -0.532173 0.251277
-0.205882 -0.525484 0.169580
-0.171844 -0.525965 0.200869
-0.188787 -0.517926 0.185409
-0.080085 -0.512423 0.248507
-0.155046 -0.520828 0.212482
-0.143763 -0.508279 0.217471
-0.253854 -0.471058 0.066304
-0.263604 -0.508060 0.057487
-0.209114 -0.373653 0.114658
-0.020387 -0.477847 0.255838
-0.018936 -0.499310 0.261351
-0.012471 -0.520746 0.266877
-0.264451 -0.525955 0.061672
-0.250749 -0.512328 0.101128
-0.218178 -0.519182 0.154719
-0.059865 -0.502596 0.252979
-0.076044 -0.489336 0.245351
-0.118939 -0.521823 0.233837
-0.065524 -0.213887 0.183984
-0.243483 -0.429077 0.067813
-0.256136 -0.469343 0.048032
-0.260165 -0.488680 0.051809
-0.258110 -0.492933 0.068826
-0.260793 -0.510980 0.073348
-0.224697 -0.369436 0.077415
-0.024643 -0.403305 0.236139
-0.007174 -0.485194 0.259348
-0.227766 -0.506393 0.139368
-0.202360 -0.506579 0.170060
-0.214515 -0.495173 0.154043
-0.036759 -0.495286 0.257003
-0.040641 -0.480505 0.252790
-0.059052 -0.451925 0.241009
-0.068506 -0.471109 0.243337
-0.046003 -0.512460 0.258626
-0.099787 -0.466261 0.230439
-0.106439 -0.485845 0.232278
-0.087718 -0.475140 0.237760
-0.081160 -0.453816 0.234700
-0.197348 -0.237828 0.064315
-0.251958 -0.448875 0.044286
-0.249416 -0.447517 0.061608
-0.246313 -0.428494 0.050203
-0.023207 -0.360674 0.226017
-0.026324 -0.326412 0.217415
-0.023632 -0.437004 0.244751
-0.017790 -0.421859 0.241909
-0.198561 -0.484538 0.168622
-0.186730 -0.496206 0.183005
-0.173270 -0.497169 0.194637
-0.030540 -0.459782 0.249464
-0.043561 -0.443230 0.242767
-0.037139 -0.422773 0.238913
-0.044811 -0.404859 0.232644
-0.024569 -0.379566 0.230450
-0.019942 -0.238557 0.199530
-0.002826 -0.226381 0.198969
-0.021505 -0.218375 0.195534
-0.041466 -0.236568 0.195179
-0.210037 -0.278046 0.050054
-0.241636 -0.412639 0.054268
-0.244557 -0.489970 0.105243
-0.235579 -0.380389 0.030677
-0.228683 -0.356565 0.041764
-0.004418 -0.366534 0.229770
-0.003673 -0.332662 0.221683
-0.011169 -0.290336 0.211437
-0.015561 -0.270316 0.206855
-0.041537 -0.257608 0.199707
-0.007660 -0.386180 0.234193
-0.226396 -0.491352 0.138005
-0.183227 -0.472699 0.179565
-0.065521 -0.404209 0.227300
-0.067087 -0.382123 0.220819
-0.047041 -0.370815 0.223370
-0.063562 -0.359057 0.216338
-0.083608 -0.416879 0.224307
-0.061875 -0.421830 0.232679
-0.012206 -0.253215 0.203890
-0.026622 -0.252719 0.201829
-0.204231 -0.240972 0.041004
-0.214036 -0.285572 0.028545
-0.215268 -0.297370 0.043485
-0.247282 -0.462168 0.083288
-0.232548 -0.433313 0.102077
-0.241892 -0.441383 0.084442
-0.231552 -0.391740 0.075561
-0.235757 -0.408742 0.075734
-0.224852 -0.401601 0.100642
-0.234251 -0.421574 0.090975
-0.225185 -0.353758 0.059207
-0.221624 -0.321210 0.031598
-0.019496 -0.344426 0.222747
-0.052076 -0.327382 0.212288
-0.042092 -0.347203 0.219432
-0.036143 -0.317225 0.213574
-0.011658 -0.310978 0.215905
0.003249 -0.282495 0.210603
-0.046704 -0.292522 0.206378
-0.211741 -0.479322 0.153691
-0.195272 -0.466620 0.166888
-0.171473 -0.478753 0.190949
-0.144503 -0.421224 0.194105
-0.081117 -0.435413 0.229697
-0.195225 -0.221949 0.061080
-0.188588 -0.209603 0.071992
-0.186808 -0.226680 0.083770
-0.192175 -0.248618 0.084060
-0.216143 -0.313191 0.056569
-0.208963 -0.292604 0.066585
-0.204098 -0.273872 0.069404
-0.250639 -0.480828 0.085943
-0.237214 -0.452969 0.101413
-0.233893 -0.483441 0.123189
-0.221989 -0.472788 0.137867
-0.232493 -0.376883 0.054169
-0.238204 -0.396414 0.051913
-0.220866 -0.382924 0.097417
-0.222648 -0.333507 0.047257
-0.064334 -0.339510 0.211696
-0.032023 -0.276784 0.205824
-0.158548 -0.483355 0.201877
-0.135097 -0.453518 0.209052
-0.081795 -0.371567 0.213075
-0.179677 -0.210057 0.089724
-0.180405 -0.244022 0.102826
-0.201659 -0.254507 0.062169
-0.207245 -0.261063 0.046532
-0.231734 -0.464651 0.118752
-0.117628 -0.475384 0.224378
-0.127841 -0.491614 0.222978
-0.168579 -0.452472 0.185873
-0.153358 -0.465228 0.200652
-0.112211 -0.422521 0.213214
-0.045143 -0.216817 0.190819
-0.199287 -0.288651 0.089711
-0.206968 -0.326797 0.092469
-0.205594 -0.344299 0.105281
-0.213902 -0.363884 0.100505
-0.198740 -0.306653 0.098526
-0.207455 -0.308342 0.081542
-0.215866 -0.328524 0.070962
-0.159508 -0.282131 0.142435
-0.196648 -0.266434 0.083704
-0.187194 -0.272925 0.104637
-0.179093 -0.256973 0.110690
-0.087303 -0.315589 0.197860
-0.170828 -0.333589 0.146710
-0.173663 -0.278270 0.125719
-0.073250 -0.319448 0.204196
-0.175022 -0.300330 0.130543
-0.187781 -0.315691 0.119625
-0.198838 -0.327344 0.107821
-0.158099 -0.302292 0.149240
-0.164852 -0.239760 0.122918
-0.186863 -0.293904 0.112799
-0.172221 -0.313986 0.138456
-0.055374 -0.309011 0.207319
-0.137323 -0.474944 0.213339
-0.159203 -0.437979 0.188727
-0.176762 -0.411382 0.166581
-0.172868 -0.433205 0.176724
-0.210591 -0.388109 0.119067
-0.098146 -0.415434 0.218070
-0.132689 -0.429971 0.204074
-0.086762 -0.396019 0.217550
-0.098677 -0.384061 0.209120
-0.106563 -0.403831 0.210857
-0.123820 -0.409214 0.203215
-0.033662 -0.203091 0.191517
-0.148791 -0.235004 0.137931
-0.085590 -0.334466 0.202851
-0.116472 -0.321690 0.185037
-0.201177 -0.356615 0.119522
-0.224200 -0.419160 0.111023
-0.122299 -0.462422 0.218560
-0.150739 -0.446070 0.196978
-0.120051 -0.441478 0.214218
-0.111665 -0.373320 0.200653
-0.157515 -0.218636 0.123125
-0.050183 -0.274061 0.201152
-0.064464 -0.286896 0.199752
-0.082353 -0.277965 0.191002
-0.093277 -0.298652 0.191348
-0.096340 -0.280555 0.185732
-0.110289 -0.297160 0.182618
-0.145130 -0.286472 0.156656
-0.129204 -0.286922 0.168850
-0.076706 -0.298572 0.198175
-0.085636 -0.351072 0.206665
-0.105308 -0.340767 0.195715
-0.128073 -0.340782 0.183028
-0.134702 -0.321622 0.173401
-0.117606 -0.356658 0.193377
-0.099964 -0.318926 0.192990
-0.194331 -0.339621 0.121188
-0.166914 -0.353028 0.157186
-0.181834 -0.355007 0.142970
-0.159556 -0.340249 0.159845
-0.141741 -0.303901 0.164069
-0.161921 -0.417339 0.180537
-0.160783 -0.403183 0.177094
-0.144088 -0.387926 0.184626
-0.212012 -0.402711 0.123458
-0.216909 -0.453255 0.136738
-0.136530 -0.398995 0.192504
-0.117888 -0.388558 0.200721
-0.099261 -0.362138 0.203755
-0.086117 -0.216357 0.175744
-0.103819 -0.216083 0.166030
-0.078103 -0.229393 0.182336
-0.062722 -0.231537 0.188460
-0.143058 -0.215525 0.136632
-0.084883 -0.261165 0.186230
-0.171624 -0.222011 0.106673
-0.143106 -0.269398 0.153990
-0.135669 -0.248153 0.153679
-0.155003 -0.256739 0.139587
-0.114499 -0.274606 0.174786
-0.101845 -0.257008 0.177243
-0.097054 -0.236226 0.174717
-0.116171 -0.252020 0.168014
-0.118546 -0.233129 0.161491
-0.125352 -0.266386 0.165828
-0.136666 -0.359831 0.182465
-0.151612 -0.355099 0.170652
-0.127498 -0.373754 0.192012
-0.155067 -0.321527 0.157211
-0.198708 -0.373230 0.129587
-0.156313 -0.387191 0.175518
-0.170865 -0.392338 0.165251
-0.224533 -0.440546 0.119836
-0.210621 -0.465121 0.149771
-0.124096 -0.210990 0.151075
-0.133831 -0.227256 0.148464
-0.064555 -0.264422 0.194502
-0.145366 -0.373781 0.179963
-0.146002 -0.339491 0.170393
-0.161614 -0.370929 0.166668
-0.199524 -0.392863 0.136266
-0.188209 -0.375866 0.142891
-0.177048 -0.375246 0.154295
-0.215969 -0.419282 0.124600
-0.211009 -0.434907 0.137816
-0.199379 -0.446019 0.155776
-0.194409 -0.422136 0.152951
-0.187522 -0.397356 0.151473
-0.204221 -0.413454 0.138526
-0.095422 -0.497840 0.239830
-0.127294 -0.306269 0.174621
0.201734 -0.211269 0.032084
0.215973 -0.287144 0.032857
0.219680 -0.304659 0.033875
0.224400 -0.323904 0.035017
0.228888 -0.343062 0.036919
0.233195 -0.359330 0.039113
0.236727 -0.380715 0.031689
0.242285 -0.395714 0.044238
0.256983 -0.449557 0.052057
0.261104 -0.469253 0.044887
0.267355 -0.495626 0.052718
0.269483 -0.514552 0.057063
0.271105 -0.529957 0.062951
0.272002 -0.532273 0.062356
0.271598 -0.534314 0.061374
0.272277 -0.537316 0.081735
0.267227 -0.535865 0.100421
0.261345 -0.534648 0.117737
0.253536 -0.533512 0.134234
0.245425 -0.532890 0.150665
0.235632 -0.532230 0.166113
0.224602 -0.531820 0.180780
0.212773 -0.531685 0.194910
0.199982 -0.531767 0.208288
0.185571 -0.531974 0.220146
0.170323 -0.532364 0.231134
0.153921 -0.532986 0.240733
0.136798 -0.533897 0.249220
0.118828 -0.534931 0.256266
0.100450 -0.536353 0.262429
0.081389 -0.537833 0.266953
0.061960 -0.539400 0.270202
0.042283 -0.541034 0.272246
0.022468 -0.542479 0.272949
0.043431 -0.505497 0.265646
0.242006 -0.449793 0.128359
0.092801 -0.501268 0.257142
0.246066 -0.486035 0.138924
0.048878 -0.526178 0.269485
0.155025 -0.500787 0.233817
0.229416 -0.489497 0.165422
0.268607 -0.526187 0.094138
0.097382 -0.522123 0.260708
0.125195 -0.519002 0.251678
0.159985 -0.518204 0.235158
0.247322 -0.517779 0.144155
0.215313 -0.515136 0.189145
0.066718 -0.516663 0.265723
0.187527 -0.512995 0.214740
0.172001 -0.505847 0.224542
0.144051 -0.520394 0.243756
0.172427 -0.519485 0.227123
0.146687 -0.236698 0.155777
0.035531 -0.483157 0.260274
0.080996 -0.363158 0.222696
0.252627 -0.449074 0.093381
0.019975 -0.514372 0.268253
0.021262 -0.497962 0.264342
0.269800 -0.519790 0.078467
0.269575 -0.506149 0.073265
0.265883 -0.507329 0.096293
0.253450 -0.478308 0.120143
0.260868 -0.491632 0.105753
0.254804 -0.496741 0.124870
0.258169 -0.473442 0.100178
0.264629 -0.484231 0.071897
0.255805 -0.517796 0.128441
0.261788 -0.513580 0.112597
0.244933 -0.466535 0.132420
0.251858 -0.462858 0.113231
0.239787 -0.499021 0.153107
0.236264 -0.511967 0.161146
0.225760 -0.512109 0.176067
0.204017 -0.494848 0.196050
0.189497 -0.231396 0.099952
0.080459 -0.265467 0.198210
0.012134 -0.481013 0.259665
0.255719 -0.448301 0.071496
0.242007 -0.401759 0.075932
0.053171 -0.482909 0.259175
0.069741 -0.497912 0.261034
0.248974 -0.502728 0.138814
0.264634 -0.489821 0.086755
0.259889 -0.469148 0.082130
0.261080 -0.468326 0.065192
0.173917 -0.470250 0.214155
0.144188 -0.478991 0.233363
0.121720 -0.445519 0.233898
0.140171 -0.459641 0.230026
0.165715 -0.487040 0.223765
0.160783 -0.466246 0.221337
0.185602 -0.491876 0.211139
0.191535 -0.477382 0.202822
0.178942 -0.433382 0.198835
0.137265 -0.440339 0.225825
0.154781 -0.447876 0.219235
0.164454 -0.430043 0.207731
0.125730 -0.421927 0.224931
0.104492 -0.428459 0.234741
0.108966 -0.406183 0.226705
0.128270 -0.399603 0.217296
0.091084 -0.407648 0.232455
0.157822 -0.407420 0.204715
0.139971 -0.411397 0.215398
0.087622 -0.439560 0.242809
0.106758 -0.449920 0.240341
0.087804 -0.454301 0.246439
0.086381 -0.470593 0.250668
0.092208 -0.390908 0.227671
0.193227 -0.407997 0.177502
0.228742 -0.458219 0.156374
0.177247 -0.415122 0.193905
0.145273 -0.426360 0.217431
0.110028 -0.387440 0.221172
0.079603 -0.420157 0.238799
0.072206 -0.403377 0.235261
0.234031 -0.451527 0.144581
0.220068 -0.436233 0.158873
0.226650 -0.472196 0.163978
0.063626 -0.433437 0.245095
0.236812 -0.477335 0.151788
0.065238 -0.388542 0.232523
0.038920 -0.425425 0.245095
0.055695 -0.412994 0.240311
0.136202 -0.500880 0.243133
0.103026 -0.482387 0.249752
0.202811 -0.231293 0.062770
0.050507 -0.313455 0.215370
0.017429 -0.458605 0.254065
0.019412 -0.364211 0.230364
0.251611 -0.429652 0.060929
0.240567 -0.389931 0.063742
0.231988 -0.353679 0.058112
0.186945 -0.460058 0.201627
0.171167 -0.450389 0.210170
0.046093 -0.463883 0.254853
0.065090 -0.463944 0.252890
0.066478 -0.449847 0.249218
0.067786 -0.479275 0.256342
0.214678 -0.473954 0.178796
0.031251 -0.406390 0.240219
0.042497 -0.378222 0.232938
0.071672 -0.374504 0.227731
0.059983 -0.351891 0.224051
0.018841 -0.419597 0.243923
0.021297 -0.436159 0.248366
0.115211 -0.502334 0.251284
0.123533 -0.483058 0.243246
0.123151 -0.466521 0.239082
0.085630 -0.486232 0.255112
0.200087 -0.212850 0.056624
0.209316 -0.260451 0.059489
0.204548 -0.226571 0.038459
0.208062 -0.246626 0.042549
0.032344 -0.326815 0.220510
0.040043 -0.446566 0.250642
0.192222 -0.426035 0.185634
0.031050 -0.466675 0.256206
0.205109 -0.481672 0.191275
0.215088 -0.492953 0.183957
0.054750 -0.369192 0.229378
0.105397 -0.466120 0.244812
0.194634 -0.216197 0.080776
0.204938 -0.249383 0.069072
0.197381 -0.248340 0.091552
0.182183 -0.212714 0.104884
0.212624 -0.270501 0.042366
0.211740 -0.277125 0.067327
0.205068 -0.264429 0.083354
0.207594 -0.283860 0.090500
0.191582 -0.249132 0.104984
0.221868 -0.312851 0.052214
0.217133 -0.292928 0.050956
0.018481 -0.223255 0.198970
0.021315 -0.269317 0.207845
0.024598 -0.289014 0.211749
0.227228 -0.335717 0.061198
0.220657 -0.319076 0.077071
0.229120 -0.364907 0.092154
0.236898 -0.374973 0.053717
0.189035 -0.445977 0.195126
0.215139 -0.452513 0.171704
0.201699 -0.451885 0.185786
0.204191 -0.438033 0.178599
0.203777 -0.465264 0.187953
0.012900 -0.399677 0.238479
0.027806 -0.385998 0.235214
0.081395 -0.337778 0.215660
0.198320 -0.236436 0.082612
0.169066 -0.203930 0.120236
0.162723 -0.229497 0.138096
0.175715 -0.243583 0.128806
0.158634 -0.206367 0.133438
0.172452 -0.223593 0.124116
0.049312 -0.212128 0.194003
0.033221 -0.217271 0.197220
0.077074 -0.228528 0.190532
0.067101 -0.204684 0.188209
0.062044 -0.222490 0.193449
0.060951 -0.243351 0.197797
0.029688 -0.309695 0.216587
0.043789 -0.292436 0.211063
0.063198 -0.295697 0.209016
0.017278 -0.343405 0.225184
0.038808 -0.356224 0.227648
0.146069 -0.214479 0.148388
0.230794 -0.357417 0.076002
0.236690 -0.386205 0.083894
0.097452 -0.349730 0.214555
0.054679 -0.331124 0.219148
0.183031 -0.236372 0.114169
0.038410 -0.251744 0.203106
0.039799 -0.273392 0.207484
0.086052 -0.305254 0.206077
0.235097 -0.373188 0.071690
0.246832 -0.426254 0.090439
0.245810 -0.440230 0.109669
0.103275 -0.366245 0.217067
0.044114 -0.232077 0.198657
0.059675 -0.259772 0.201921
0.062418 -0.275401 0.204628
0.074073 -0.317494 0.211995
0.104590 -0.308334 0.200863
0.098484 -0.321307 0.206258
0.097684 -0.290255 0.198848
0.105684 -0.334775 0.207472
0.133010 -0.206659 0.156146
0.239072 -0.406005 0.096341
0.251551 -0.433916 0.076589
0.247394 -0.418937 0.074374
0.235582 -0.431748 0.129977
0.239508 -0.421117 0.111783
0.037126 -0.341449 0.223870
0.161458 -0.271623 0.155582
0.162083 -0.250595 0.146830
0.174352 -0.259939 0.137142
0.186484 -0.258604 0.119680
0.078893 -0.247987 0.194251
0.095824 -0.234940 0.185160
0.230033 -0.385009 0.106358
0.222856 -0.370823 0.115520
0.232325 -0.400063 0.113958
0.193085 -0.363136 0.158615
0.217724 -0.417718 0.153119
0.210506 -0.366995 0.138284
0.228361 -0.413354 0.132923
0.187779 -0.388666 0.174523
0.174290 -0.397769 0.189637
0.144945 -0.390054 0.206334
0.138659 -0.369562 0.203029
0.124301 -0.376766 0.212328
0.215998 -0.298218 0.071188
0.198284 -0.268587 0.103427
0.222598 -0.354475 0.104710
0.225957 -0.343836 0.083682
0.079298 -0.285800 0.203135
0.117633 -0.210136 0.167222
0.101586 -0.214537 0.177056
0.112127 -0.227313 0.175408
0.119197 -0.242411 0.176137
0.103344 -0.251832 0.186442
0.101925 -0.268124 0.191891
0.085788 -0.216913 0.184774
0.126937 -0.261348 0.177817
0.115179 -0.278360 0.189099
0.149611 -0.266584 0.164272
0.130656 -0.227360 0.164352
0.135085 -0.248267 0.168361
0.203191 -0.399901 0.163143
0.216077 -0.399212 0.145814
0.193647 -0.379230 0.164791
0.162551 -0.320509 0.171914
0.197869 -0.346363 0.146050
0.179511 -0.329311 0.159406
0.191331 -0.333732 0.148643
0.184465 -0.348943 0.162167
0.142673 -0.353784 0.196230
0.156320 -0.370960 0.192882
0.148559 -0.334613 0.186525
0.127596 -0.335266 0.198604
0.170968 -0.342681 0.172555
0.162156 -0.355010 0.183948
0.171998 -0.378538 0.183983
0.120730 -0.353136 0.206967
0.145409 -0.312854 0.181583
0.132421 -0.319925 0.191702
0.115803 -0.320647 0.199791
0.132486 -0.296303 0.184702
0.116485 -0.301186 0.194069
0.137224 -0.279777 0.177541
0.150742 -0.299106 0.174145
0.157016 -0.287161 0.165211
0.180414 -0.366074 0.172361
0.171092 -0.291856 0.154154
0.169000 -0.309071 0.162658
0.208710 -0.324004 0.116493
0.204107 -0.307436 0.116293
0.213168 -0.315719 0.101260
0.211704 -0.303251 0.094510
0.195064 -0.314970 0.134987
0.202507 -0.331501 0.132153
0.195062 -0.297361 0.126718
0.189756 -0.278765 0.125391
0.181668 -0.313031 0.151179
0.178999 -0.275418 0.138358
0.183864 -0.295738 0.141375
0.212847 -0.351412 0.124734
0.213932 -0.339235 0.115659
0.218266 -0.331776 0.098370
0.270912 -0.540218 0.041401
0.266432 -0.543981 0.021996
0.260002 -0.547078 0.002819
0.251683 -0.549212 -0.015735
0.242254 -0.551173 -0.033925
0.231094 -0.552803 -0.051243
0.219346 -0.554795 -0.068127
0.206239 -0.556687 -0.084125
0.192479 -0.559361 -0.099524
0.177622 -0.562164 -0.113921
0.161750 -0.564716 -0.126871
0.145078 -0.567538 -0.138511
0.127885 -0.570134 -0.149028
0.110090 -0.572326 -0.158177
0.091891 -0.574176 -0.166109
0.073303 -0.575491 -0.172441
0.054482 -0.576449 -0.177526
0.035574 -0.577017 -0.181447
0.016518 -0.577224 -0.184082
-0.002537 -0.577106 -0.185456
-0.002041 -0.538944 -0.187076
0.002840 -0.498256 -0.185210
0.003370 -0.437789 -0.179843
0.003861 -0.414773 -0.177937
-0.003666 -0.380993 -0.174779
-0.001439 -0.361068 -0.172264
-0.001738 -0.341383 -0.169479
-0.002487 -0.322523 -0.166897
-0.000920 -0.303225 -0.164108
-0.005009 -0.262395 -0.157880
-0.001472 -0.214830 -0.149161
0.272754 -0.525867 0.044390
0.267392 -0.525599 0.023345
0.199511 -0.430692 -0.079449
0.139055 -0.286106 -0.113028
0.055340 -0.508364 -0.177890
0.014370 -0.546703 -0.185810
-0.003267 -0.562983 -0.186555
0.023011 -0.563033 -0.184543
0.261421 -0.530893 0.005332
0.238474 -0.467243 -0.031051
0.259737 -0.507437 0.005395
0.219864 -0.380071 -0.030696
0.070547 -0.289507 -0.150484
0.171088 -0.208264 -0.066541
0.183733 -0.279838 -0.063046
0.024665 -0.508666 -0.183766
0.018507 -0.528979 -0.185291
0.263661 -0.491824 0.027951
0.267540 -0.509730 0.031859
0.259991 -0.470849 0.028905
0.230295 -0.520790 -0.053481
0.252371 -0.518499 -0.015609
0.241861 -0.528132 -0.035691
0.252384 -0.536471 -0.015923
0.233927 -0.537223 -0.048625
0.252548 -0.457054 0.010242
0.208561 -0.533483 -0.082101
0.030844 -0.287849 -0.159066
0.061974 -0.234070 -0.145693
0.075399 -0.370218 -0.159215
0.204609 -0.259623 -0.009599
0.022590 -0.424461 -0.177285
0.149126 -0.549480 -0.136951
0.083436 -0.554960 -0.170442
0.066649 -0.561560 -0.175610
0.019211 -0.489345 -0.183186
0.003874 -0.517595 -0.186097
0.044768 -0.563068 -0.180751
0.231597 -0.488667 -0.047401
0.251112 -0.495534 -0.013617
0.257826 -0.483040 0.010082
0.241534 -0.442149 -0.012920
0.228174 -0.352557 0.013471
0.216787 -0.319161 -0.005016
0.195436 -0.542298 -0.096851
0.217613 -0.517179 -0.070383
0.034012 -0.330375 -0.164746
0.039723 -0.256319 -0.153443
0.032751 -0.212646 -0.146433
0.002866 -0.477771 -0.183418
0.004841 -0.457781 -0.181460
0.132397 -0.539596 -0.147356
0.165033 -0.543860 -0.125099
0.115563 -0.552307 -0.156483
0.051983 -0.547298 -0.179794
0.035635 -0.543026 -0.183107
0.038133 -0.521038 -0.182277
0.053816 -0.527851 -0.179221
0.036035 -0.495472 -0.181290
0.023376 -0.474097 -0.181399
0.053249 -0.487957 -0.177000
0.252231 -0.434777 0.040562
0.241975 -0.415799 0.009736
0.239744 -0.506098 -0.037063
0.225148 -0.501710 -0.058892
0.241636 -0.484462 -0.030092
0.247470 -0.471389 -0.012971
0.219084 -0.311535 0.012815
0.223392 -0.537673 -0.063393
0.181924 -0.500661 -0.108130
0.023854 -0.270144 -0.157253
0.022273 -0.246034 -0.153912
0.010647 -0.259826 -0.156870
0.018176 -0.222267 -0.149656
0.202526 -0.220833 0.012444
0.209193 -0.257302 0.017177
0.212962 -0.278348 0.016524
0.028713 -0.450845 -0.178378
0.043105 -0.471892 -0.177988
0.011090 -0.391599 -0.175303
0.022660 -0.402269 -0.175247
0.134743 -0.558140 -0.145764
0.182860 -0.546720 -0.109463
0.179010 -0.529482 -0.112901
0.081383 -0.464799 -0.166709
0.086623 -0.502519 -0.167348
0.073742 -0.520032 -0.173281
0.255537 -0.454170 0.027475
0.247882 -0.433100 0.015360
0.240154 -0.399250 0.018980
0.246677 -0.416442 0.033309
0.213590 -0.497241 -0.074051
0.208346 -0.480346 -0.078156
0.219785 -0.479921 -0.063185
0.231906 -0.366852 0.017222
0.234026 -0.386323 0.006903
0.011615 -0.331823 -0.167527
0.019799 -0.348143 -0.168911
0.014470 -0.371349 -0.172372
0.041274 -0.232275 -0.148987
0.057139 -0.248631 -0.149036
0.074963 -0.260329 -0.146114
0.045361 -0.272812 -0.154367
0.058575 -0.270568 -0.151302
0.004957 -0.281359 -0.160440
0.052558 -0.220770 -0.145100
0.194578 -0.232945 -0.027368
0.193324 -0.214647 -0.023622
0.201070 -0.228947 -0.005075
0.184735 -0.214180 -0.044525
0.212349 -0.294672 -0.002434
0.209475 -0.275014 -0.000194
0.216206 -0.295791 0.017118
0.039205 -0.411382 -0.173788
0.191860 -0.521096 -0.100201
0.069451 -0.543149 -0.175142
0.112538 -0.527589 -0.157865
0.134495 -0.517102 -0.145140
0.159074 -0.521084 -0.128888
0.165448 -0.499351 -0.122150
0.183244 -0.478608 -0.104445
0.197167 -0.493295 -0.092375
0.196389 -0.471364 -0.090388
0.183133 -0.455388 -0.101367
0.196356 -0.448322 -0.086329
0.068534 -0.476889 -0.172106
0.115412 -0.487329 -0.153356
0.104849 -0.502564 -0.159599
0.105068 -0.465589 -0.156899
0.091213 -0.485752 -0.164406
0.120451 -0.504413 -0.152070
0.125141 -0.469666 -0.147035
0.093203 -0.519704 -0.166180
0.230593 -0.470685 -0.045732
0.220713 -0.366565 -0.020925
0.220269 -0.344945 -0.010061
0.223509 -0.333497 0.012331
0.019678 -0.298547 -0.162283
0.018968 -0.316461 -0.164903
0.046704 -0.344886 -0.163936
0.034250 -0.367865 -0.169324
0.025273 -0.382118 -0.172732
0.203137 -0.244983 -0.005969
0.039385 -0.387308 -0.171002
0.051834 -0.399757 -0.170032
0.037072 -0.427899 -0.175323
0.081431 -0.431762 -0.164229
0.092806 -0.447616 -0.161011
0.067827 -0.451961 -0.169957
0.064629 -0.434452 -0.169772
0.067654 -0.416777 -0.167536
0.086320 -0.407916 -0.159882
0.143726 -0.402836 -0.127510
0.103370 -0.427436 -0.154310
0.108727 -0.408088 -0.149819
0.174198 -0.514538 -0.116276
0.183765 -0.433511 -0.097264
0.220019 -0.454798 -0.057318
0.072486 -0.497499 -0.172184
0.168900 -0.464769 -0.115533
0.166526 -0.443211 -0.114830
0.133018 -0.494684 -0.144256
0.230686 -0.428669 -0.029989
0.226267 -0.367094 -0.005097
0.188330 -0.349976 -0.074207
0.200071 -0.322562 -0.047858
0.049782 -0.366374 -0.166039
0.064999 -0.353524 -0.160241
0.058621 -0.377612 -0.165267
0.051605 -0.419606 -0.171963
0.069394 -0.393412 -0.164248
0.116086 -0.444265 -0.149406
0.201601 -0.396581 -0.068507
0.191117 -0.413445 -0.085642
0.165391 -0.394630 -0.108151
0.155778 -0.409685 -0.119105
0.178046 -0.399455 -0.096738
0.143273 -0.422596 -0.130653
0.210630 -0.439088 -0.066520
0.149882 -0.500644 -0.133776
0.141564 -0.473977 -0.137300
0.148350 -0.455575 -0.130752
0.155236 -0.478836 -0.127842
0.168484 -0.482767 -0.117886
0.238449 -0.452842 -0.025039
0.230300 -0.447953 -0.038655
0.229328 -0.409506 -0.023915
0.209794 -0.360910 -0.042267
0.213095 -0.346300 -0.029891
0.051714 -0.290210 -0.155480
0.050906 -0.323697 -0.160380
0.111132 -0.328756 -0.137755
0.126078 -0.427456 -0.142193
0.129915 -0.405652 -0.137648
0.136021 -0.385271 -0.130440
0.116489 -0.385628 -0.142688
0.098575 -0.344631 -0.146547
0.206387 -0.418360 -0.067711
0.142389 -0.440173 -0.133113
0.155073 -0.432446 -0.122951
0.238318 -0.423276 -0.008629
0.219793 -0.416473 -0.045682
0.227420 -0.386782 -0.015645
0.221957 -0.397898 -0.034879
0.235017 -0.404059 -0.005518
0.212924 -0.384731 -0.046536
0.206287 -0.335516 -0.039794
0.197962 -0.346812 -0.059281
0.187376 -0.328341 -0.069371
0.191363 -0.386644 -0.079377
0.180289 -0.360227 -0.086099
0.213180 -0.330295 -0.022370
0.063164 -0.309891 -0.155132
0.151604 -0.387833 -0.118917
0.167088 -0.376609 -0.103056
0.148653 -0.368663 -0.118135
0.145541 -0.322346 -0.113171
0.148931 -0.345215 -0.114855
0.212818 -0.403552 -0.053575
0.188172 -0.308027 -0.064083
0.199991 -0.370317 -0.062175
0.209254 -0.311764 -0.024487
0.066861 -0.333779 -0.157149
0.085063 -0.340725 -0.151800
0.091673 -0.367838 -0.152650
0.106624 -0.368200 -0.145590
0.085126 -0.383857 -0.157542
0.098267 -0.387230 -0.152476
0.128614 -0.369609 -0.132796
0.175063 -0.338736 -0.087766
0.165681 -0.354722 -0.100536
0.136954 -0.354255 -0.125533
0.200566 -0.290176 -0.036214
0.084058 -0.303180 -0.147368
0.105982 -0.274488 -0.134673
0.098199 -0.293171 -0.140030
0.161802 -0.332929 -0.100671
0.177094 -0.291074 -0.075657
0.119298 -0.350155 -0.136513
0.132260 -0.333902 -0.125398
0.137332 -0.307754 -0.117627
0.121496 -0.290455 -0.126720
0.156141 -0.309964 -0.102008
0.142311 -0.230572 -0.103814
0.127384 -0.267725 -0.120635
0.156788 -0.219138 -0.087116
0.082386 -0.241453 -0.141196
0.171653 -0.315137 -0.087122
0.148741 -0.267438 -0.102942
0.139387 -0.250000 -0.109137
0.155741 -0.247617 -0.093040
0.161795 -0.230521 -0.083231
0.174940 -0.227014 -0.064621
0.171719 -0.245331 -0.073092
0.112985 -0.218215 -0.123320
0.094771 -0.223609 -0.133430
0.126319 -0.212021 -0.113697
0.163321 -0.293881 -0.092233
0.151031 -0.296260 -0.104068
0.153428 -0.281939 -0.099937
0.184810 -0.239625 -0.050876
0.194994 -0.249436 -0.032667
0.183549 -0.260067 -0.058305
0.167427 -0.269238 -0.083057
0.125849 -0.245075 -0.119488
0.100730 -0.237532 -0.133259
0.076971 -0.222947 -0.139591
0.202749 -0.270015 -0.021298
0.195388 -0.271084 -0.039490
-0.268568 -0.545887 0.024098
-0.265070 -0.549024 0.004524
-0.259741 -0.551692 -0.014884
-0.252141 -0.553463 -0.033509
-0.242827 -0.554863 -0.051328
-0.232901 -0.556525 -0.068626
-0.221198 -0.557925 -0.084746
-0.208611 -0.559846 -0.100022
-0.194599 -0.561645 -0.113938
-0.179949 -0.564198 -0.126899
-0.164478 -0.566689 -0.138774
-0.148173 -0.569241 -0.149108
-0.131246 -0.571481 -0.158208
-0.113920 -0.573568 -0.166278
-0.096081 -0.575234 -0.173019
-0.077796 -0.576306 -0.177928
-0.059200 -0.577002 -0.181550
-0.040470 -0.577386 -0.184112
-0.021533 -0.577348 -0.185237
-0.025992 -0.565233 -0.186225
-0.024495 -0.549474 -0.187085
-0.119957 -0.441973 -0.156291
-0.145016 -0.294622 -0.120676
-0.219806 -0.447904 -0.073830
-0.270257 -0.530929 0.028707
-0.045341 -0.562594 -0.184708
-0.074967 -0.414468 -0.170269
-0.192397 -0.269474 -0.058505
-0.078772 -0.312341 -0.156627
-0.217231 -0.376187 -0.049511
-0.262068 -0.498320 0.009917
-0.252597 -0.541467 -0.033476
-0.255102 -0.519516 -0.027647
-0.261728 -0.513289 -0.005216
-0.249150 -0.506283 -0.039013
-0.262058 -0.534503 -0.009058
-0.024357 -0.512216 -0.186302
-0.016531 -0.529275 -0.186993
-0.034106 -0.433639 -0.179072
-0.193545 -0.523804 -0.115556
-0.266265 -0.513612 0.021368
-0.260655 -0.485366 0.030644
-0.065382 -0.520993 -0.181701
-0.026514 -0.387963 -0.175428
-0.043853 -0.468969 -0.181331
-0.104217 -0.558596 -0.171091
-0.119939 -0.553723 -0.164710
-0.200595 -0.225251 -0.015887
-0.023827 -0.232484 -0.152489
-0.225358 -0.539285 -0.080281
-0.246108 -0.529977 -0.047478
-0.252745 -0.456865 0.009568
-0.232706 -0.372496 0.006240
-0.231603 -0.382062 -0.013751
-0.217748 -0.320319 -0.013950
-0.033604 -0.347698 -0.169827
-0.029239 -0.411982 -0.177401
-0.135642 -0.536697 -0.157418
-0.084116 -0.558970 -0.177566
-0.197964 -0.543954 -0.111973
-0.168650 -0.540178 -0.136804
-0.180927 -0.552028 -0.126807
-0.212664 -0.281500 0.004027
-0.203868 -0.225791 0.009684
-0.002223 -0.237742 -0.153539
-0.019427 -0.250830 -0.156023
-0.019542 -0.214712 -0.149433
-0.016835 -0.293340 -0.162750
-0.237018 -0.539360 -0.062902
-0.230599 -0.521382 -0.072582
-0.240638 -0.515368 -0.056593
-0.212783 -0.544357 -0.095929
-0.216923 -0.505642 -0.089288
-0.218412 -0.485996 -0.084251
-0.244952 -0.434645 -0.008386
-0.228638 -0.354251 0.006574
-0.223369 -0.343201 -0.012374
-0.228119 -0.364677 -0.013683
-0.210522 -0.356558 -0.055348
-0.219700 -0.355834 -0.033833
-0.209017 -0.337140 -0.049651
-0.216158 -0.336874 -0.032114
-0.185300 -0.308558 -0.081171
-0.202016 -0.307504 -0.051676
-0.209413 -0.321963 -0.041312
-0.243964 -0.417947 0.010309
-0.238496 -0.396349 0.008178
-0.248615 -0.457393 -0.014683
-0.250256 -0.484628 -0.028727
-0.257361 -0.476502 0.007491
-0.256978 -0.492581 -0.011583
-0.255272 -0.502824 -0.023346
-0.034237 -0.528856 -0.186201
-0.044793 -0.545319 -0.185502
-0.055891 -0.532942 -0.183829
-0.063582 -0.556369 -0.182409
-0.074029 -0.542759 -0.180545
-0.013151 -0.352395 -0.171312
-0.017620 -0.370615 -0.173769
-0.049844 -0.413131 -0.175604
-0.009541 -0.402361 -0.177107
-0.050889 -0.448799 -0.178128
-0.014476 -0.448447 -0.181130
-0.014907 -0.469088 -0.183067
-0.018023 -0.489417 -0.185009
-0.030216 -0.457296 -0.181207
-0.150757 -0.549125 -0.148659
-0.094805 -0.541586 -0.174663
-0.097409 -0.522110 -0.173280
-0.204049 -0.529545 -0.105540
-0.177001 -0.515588 -0.129347
-0.208089 -0.264512 -0.010447
-0.214121 -0.298893 -0.007771
-0.217147 -0.303438 0.008914
-0.195976 -0.212345 -0.026951
-0.184391 -0.239931 -0.062614
-0.193078 -0.228092 -0.041723
-0.205395 -0.241763 -0.002178
-0.018002 -0.275062 -0.160181
-0.038948 -0.242783 -0.153492
-0.073332 -0.266760 -0.151691
-0.055111 -0.251536 -0.153226
-0.073796 -0.244164 -0.148302
-0.046339 -0.265929 -0.156540
-0.050659 -0.229529 -0.149645
-0.082286 -0.222651 -0.142125
-0.019954 -0.332495 -0.168180
-0.216606 -0.527829 -0.091368
-0.207084 -0.513047 -0.101385
-0.192842 -0.505165 -0.114839
-0.184067 -0.492829 -0.121052
-0.248702 -0.439855 0.007237
-0.186302 -0.354662 -0.091726
-0.200437 -0.341960 -0.068031
-0.240215 -0.413758 -0.006462
-0.252689 -0.473186 -0.013390
-0.236578 -0.465579 -0.051766
-0.231028 -0.481535 -0.066393
-0.050363 -0.509403 -0.183769
-0.034397 -0.501217 -0.185159
-0.049245 -0.378278 -0.171808
-0.033280 -0.366202 -0.172436
-0.015322 -0.424548 -0.179108
-0.031234 -0.479514 -0.183634
-0.139824 -0.512601 -0.154035
-0.159004 -0.522449 -0.142937
-0.154462 -0.504847 -0.144452
-0.155674 -0.482600 -0.141469
-0.140067 -0.486980 -0.151472
-0.120550 -0.516652 -0.163925
-0.123966 -0.494493 -0.160575
-0.181938 -0.534486 -0.126211
-0.026834 -0.263445 -0.158044
-0.037491 -0.284731 -0.160363
-0.042009 -0.213104 -0.147629
-0.209134 -0.284271 -0.020951
-0.210777 -0.304352 -0.027687
-0.195227 -0.316573 -0.067562
-0.244921 -0.468863 -0.034832
-0.241833 -0.490282 -0.049740
-0.224637 -0.464286 -0.070893
-0.212106 -0.460648 -0.086930
-0.204516 -0.476954 -0.098485
-0.202210 -0.492347 -0.103849
-0.198289 -0.455754 -0.101657
-0.173920 -0.454389 -0.124468
-0.186771 -0.445555 -0.111256
-0.170190 -0.471967 -0.129590
-0.188081 -0.468288 -0.114038
-0.074295 -0.347512 -0.162699
-0.044980 -0.398785 -0.174798
-0.057388 -0.428961 -0.175662
-0.149520 -0.466816 -0.143689
-0.202158 -0.285198 -0.043202
-0.184061 -0.259122 -0.069845
-0.232393 -0.500396 -0.067824
-0.089450 -0.387487 -0.162730
-0.069658 -0.379368 -0.167826
-0.126882 -0.468388 -0.156636
-0.181427 -0.219821 -0.062613
-0.185850 -0.282676 -0.073210
-0.177777 -0.295653 -0.088257
-0.171052 -0.308465 -0.099097
-0.181800 -0.325263 -0.090058
-0.177009 -0.371054 -0.105874
-0.066687 -0.328622 -0.161985
-0.076535 -0.399077 -0.168280
-0.117103 -0.420029 -0.154782
-0.107747 -0.373310 -0.153727
-0.096021 -0.410584 -0.162891
-0.111560 -0.397987 -0.154924
-0.132821 -0.407647 -0.144996
-0.086966 -0.366616 -0.161278
-0.114175 -0.335825 -0.146125
-0.112946 -0.353619 -0.149162
-0.067226 -0.363348 -0.166496
-0.073513 -0.443958 -0.173095
-0.103597 -0.434554 -0.162280
-0.172480 -0.238079 -0.080543
-0.151074 -0.322942 -0.120350
-0.206168 -0.378346 -0.069788
-0.051531 -0.356906 -0.168960
-0.124077 -0.366197 -0.144861
-0.140338 -0.449011 -0.146962
-0.136137 -0.427708 -0.145974
-0.148997 -0.409720 -0.135189
-0.173151 -0.434017 -0.121354
-0.154510 -0.429345 -0.134832
-0.170874 -0.407674 -0.117933
-0.181956 -0.390736 -0.104428
-0.203288 -0.436710 -0.092768
-0.211123 -0.428174 -0.081070
-0.201232 -0.414286 -0.089892
-0.070248 -0.461020 -0.176025
-0.106419 -0.480827 -0.167184
-0.174542 -0.253186 -0.082105
-0.188624 -0.207933 -0.045572
-0.165601 -0.327787 -0.108187
-0.157723 -0.310291 -0.112623
-0.139000 -0.312555 -0.128089
-0.156547 -0.341734 -0.119070
-0.137391 -0.333452 -0.132630
-0.161185 -0.361582 -0.118991
-0.151767 -0.375322 -0.128794
-0.139184 -0.368415 -0.136345
-0.167866 -0.387483 -0.117572
-0.157422 -0.395527 -0.126823
-0.174110 -0.346783 -0.103963
-0.198758 -0.356468 -0.075015
-0.191858 -0.371021 -0.088080
-0.127495 -0.349377 -0.140888
-0.143876 -0.351281 -0.130529
-0.230188 -0.445887 -0.055367
-0.240349 -0.447163 -0.032770
-0.224888 -0.402473 -0.046043
-0.213707 -0.405279 -0.069093
-0.096877 -0.350748 -0.155636
-0.090336 -0.332310 -0.155806
-0.058038 -0.308602 -0.160914
-0.090379 -0.451877 -0.169325
-0.107981 -0.459200 -0.164050
-0.086337 -0.470198 -0.172930
-0.072343 -0.485403 -0.178115
-0.051858 -0.488438 -0.182191
-0.066730 -0.503843 -0.180635
-0.088688 -0.487950 -0.173979
-0.083820 -0.506665 -0.176824
-0.103007 -0.502464 -0.170131
-0.100909 -0.315663 -0.149516
-0.123271 -0.318044 -0.138878
-0.089758 -0.297236 -0.151363
-0.110561 -0.296917 -0.142820
-0.128001 -0.298768 -0.133426
-0.055233 -0.290608 -0.158857
-0.085607 -0.283044 -0.150758
-0.124565 -0.385410 -0.146981
-0.137997 -0.391311 -0.140026
-0.198068 -0.393873 -0.087255
-0.233862 -0.428025 -0.039558
-0.134149 -0.284828 -0.127512
-0.071645 -0.297671 -0.156611
-0.089333 -0.253156 -0.145241
-0.094984 -0.267933 -0.145127
-0.128388 -0.263036 -0.127882
-0.120942 -0.277318 -0.134544
-0.108155 -0.258235 -0.138522
-0.144166 -0.254970 -0.115102
-0.161583 -0.265221 -0.100203
-0.130222 -0.243327 -0.123903
-0.160029 -0.250673 -0.098936
-0.145403 -0.273186 -0.117112
-0.160771 -0.288014 -0.105578
-0.173068 -0.273542 -0.088632
-0.194837 -0.250971 -0.046573
-0.201971 -0.267924 -0.034906
-0.201431 -0.245704 -0.025733
-0.168268 -0.222709 -0.082921
-0.044695 -0.327059 -0.165329
-0.103702 -0.220576 -0.134292
-0.097653 -0.240635 -0.140886
-0.144317 -0.211207 -0.106881
-0.129474 -0.225355 -0.121463
-0.147540 -0.235029 -0.108857
-0.157182 -0.210363 -0.094185
-0.247838 -0.430676 0.031641
-0.167100 -0.507822 0.201530
-0.115995 -0.504930 0.232161
-0.185797 -0.430301 0.164420
-0.060254 -0.436449 0.236709
-0.050271 -0.464411 0.246525
0.007941 -0.380974 0.233863
-0.199729 -0.224894 0.046484
-0.216493 -0.349754 0.084264
-0.166201 -0.261315 0.129125
-0.181942 -0.333956 0.134557
-0.191124 -0.357081 0.133319
-0.083730 -0.246779 0.183323
0.082436 -0.514022 0.262322
0.206648 -0.420246 0.168564
0.050451 -0.396172 0.236243
0.222281 -0.390003 0.129893
0.207681 -0.382973 0.149504
0.202335 -0.289093 0.107883
0.206139 -0.236579 0.021682
0.020612 -0.440611 -0.178623
0.090403 -0.537090 -0.167926
0.101260 -0.550403 -0.163307
0.046858 -0.442364 -0.174475
0.080607 -0.277366 -0.145759
0.207591 -0.460299 -0.075133
0.129240 -0.451480 -0.142670
0.172525 -0.419406 -0.105810
0.042477 -0.308536 -0.160238
0.104261 -0.306536 -0.138484
0.124049 -0.314521 -0.128024
0.092531 -0.259062 -0.139544
0.110987 -0.255839 -0.130025
0.205268 -0.285583 -0.021438
-0.209548 -0.261243 0.009342
-0.266518 -0.526007 0.010572
-0.113666 -0.537936 -0.167534
-0.132268 -0.560043 -0.158411
-0.160573 -0.451990 -0.134259
-0.188757 -0.338048 -0.084363
-0.188457 -0.413419 -0.103099
-0.224120 -0.429689 -0.060326
-0.239016 -0.421631 -0.020197
-0.079579 -0.522214 -0.178499
-0.102719 -0.279414 -0.143692
-0.117649 -0.240733 -0.131478
-0.249549 -0.526377 0.106395
-0.034529 -0.301419 0.210512
-0.099655 -0.449508 0.226065
-0.044254 -0.390081 0.229037
-0.240895 -0.473035 0.105170
-0.189135 -0.260064 0.095278
-0.065831 -0.249450 0.190871
0.026275 -0.527713 0.270736
0.199474 -0.510531 0.204098
0.247368 -0.415351 0.053964
0.092315 -0.377528 0.223636
0.227959 -0.430022 0.143334
0.024079 -0.245710 0.202894
0.155581 -0.383960 0.197736
0.200635 -0.508718 -0.089996
0.149327 -0.532067 -0.136403
0.219009 -0.431271 -0.052015
0.193340 -0.291969 -0.051340
0.190611 -0.364865 -0.074304
0.182190 -0.378029 -0.087827
0.200366 -0.306182 -0.042781
0.126486 -0.228895 -0.116479
0.117957 -0.234430 -0.123215
-0.226240 -0.381784 -0.031755
-0.222858 -0.327152 0.009342
-0.235637 -0.399340 -0.012752
-0.230451 -0.400524 -0.031873
-0.060575 -0.399536 -0.172140
-0.156536 -0.228315 -0.098480
-0.024630 -0.315756 -0.165635
-0.054664 -0.342753 -0.166480
-0.192666 -0.292454 -0.065008
-0.168235 -0.494395 -0.133751
-0.081045 -0.430535 -0.169842
-0.185024 -0.426814 -0.109221
-0.039170 -0.303853 -0.162718
-0.067246 -0.280026 -0.154977
0.087100 -0.319311 -0.147823