-174.898590 76.579147 19.991528
-169.448853 67.073776 32.364048
-167.918442 45.313690 34.189728
-161.264282 16.281525 38.676384
-158.950272 -5.513770 39.897366
-163.235672 -63.901119 45.589397
-168.923904 -84.530037 40.761551
-173.969543 -104.439034 42.043133
-179.104385 -120.507927 37.463585
-187.676224 -149.075272 29.461811
-193.161377 -172.033310 28.483530
-196.698837 -191.923981 27.538940
-200.704849 -211.807709 26.309658
-203.816132 -230.306305 26.342747
-207.919357 -248.098038 23.535696
-210.748795 -268.431732 25.014366
-218.603348 -307.865082 24.152855
-227.199646 -344.922272 26.021034
-231.337555 -363.635376 24.216681
-242.851822 -410.371094 34.359833
-250.816025 -442.714935 25.807550
-255.747711 -462.794769 30.095110
-264.109253 -501.765656 36.203026
-265.948059 -520.206421 40.322403
-267.188171 -536.066650 45.888859
-268.116150 -538.422424 45.289799
-267.846527 -540.485657 44.229271
-266.845245 -543.933533 64.645889
-260.528442 -542.827759 83.099861
-253.710571 -542.040161 100.285568
-245.287933 -541.239624 116.688248
-236.421051 -540.756836 132.854477
-225.980576 -540.203918 147.954773
-214.221985 -539.813293 162.081436
-202.048950 -539.789429 175.933670
-188.568497 -539.637817 188.714600
-174.347015 -539.718811 200.760712
-159.604767 -540.069031 212.362503
-143.793167 -540.437073 222.720810
-127.241852 -540.888000 232.182526
-110.210754 -541.409119 240.925171
-92.481850 -542.000061 248.577728
-74.350647 -542.609680 255.458237
-55.628448 -543.114990 261.168701
-36.564217 -543.506165 266.138855
-17.124741 -543.653320 269.938751
2.584451 -543.628235 272.356323
2.313521 -505.299500 265.158417
-4.697331 -465.264832 254.547592
1.897502 -449.073151 250.881195
0.109966 -427.709595 245.093628
-2.754161 -408.545135 239.933151
-0.025151 -351.065704 226.380447
10.911382 -321.760376 219.792328
7.616325 -302.217255 215.166504
3.217013 -261.675507 206.346527
2.343723 -243.178802 202.524857
1.896091 -207.004578 196.107208
3.017352 -188.363876 193.036758
3.931376 -169.360336 190.189972
0.205744 -128.850937 183.432007
2.686033 -61.585205 171.113449
4.089168 -46.675838 167.790009
3.632344 -25.853935 162.535843
-0.944514 -5.378858 158.445511
12.642414 5.295522 156.838898
8.536819 22.874226 155.338608
4.347716 40.808681 154.478806
12.965785 51.773308 153.177536
3.140542 78.936424 148.040680
0.042805 98.998520 140.505066
-3.254041 121.606819 129.255844
-0.203828 138.324844 119.707047
0.592299 187.710815 86.371826
-21.240896 189.114792 84.108650
-41.950397 196.018936 77.530098
-60.877434 208.043045 66.323311
-74.335739 226.355652 49.817467
-84.059074 245.212387 28.798822
-89.967773 261.423187 6.733150
-96.112930 274.059418 -19.843712
-95.573502 272.576996 -49.343819
-109.769768 272.237885 -37.730305
-128.545319 268.406555 -37.962093
-145.053375 266.914490 -34.335110
-155.466217 270.371582 -10.031459
-154.736282 266.114929 10.357241
-151.267456 253.827393 27.571146
-146.466385 235.608505 39.506718
-142.392670 215.233643 49.466724
-138.007660 193.031540 59.095161
-139.050980 169.822311 68.703766
-144.148163 146.770309 75.297585
-151.758453 126.337662 75.711639
-158.532455 106.302803 66.894051
-165.625061 89.898346 48.413338
-254.800262 -502.370239 86.395058
-99.558281 -434.495972 222.235977
-56.242062 -486.393616 250.434998
-29.324778 -514.432617 262.784882
4.553707 -525.892578 269.727020
-46.661297 161.051071 103.298088
-42.529251 181.660568 87.916313
-119.028976 271.654083 -18.667196
-260.151794 -528.618286 81.200661
-239.413956 -504.591461 120.803497
-183.090622 -448.877319 172.890472
-136.673309 271.238495 -19.151888
-62.993011 -524.315918 256.267944
-26.795193 -532.024170 266.543427
-105.284134 269.258606 -6.299173
-78.130211 212.275009 59.911156
-239.037216 -524.207397 125.444069
-104.576668 253.840302 18.639019
-150.736237 -494.262756 209.797089
-43.961170 -530.119263 262.544006
-228.922333 -524.475403 141.465302
-136.738037 259.825775 19.545864
-98.973007 -519.991516 242.849716
-133.937851 -524.281006 226.207138
-82.237946 -532.172729 251.277115
-205.881744 -525.483826 169.579681
-138.211197 246.585495 32.214279
-122.633705 249.540756 26.805889
-171.844269 -525.964722 200.869385
-188.787201 -517.926147 185.408554
-131.617828 229.369873 42.516418
-80.085136 -512.422791 248.506851
-155.045654 -520.828430 212.482269
-143.762817 -508.278595 217.471237
-116.294601 -112.592331 134.839325
-106.508148 1.652126 126.540619
-152.918045 59.804123 93.176498
-253.853592 -471.058380 66.303543
-263.604370 -508.060028 57.487045
-209.114212 -373.652710 114.657898
-20.386776 -477.847443 255.838150
-18.935707 -499.309540 261.351013
-12.470602 -520.745728 266.876617
-22.111277 147.836807 113.400291
-100.287109 125.870529 118.518181
-264.451324 -525.954895 61.671772
-62.661663 190.834808 78.547119
-57.590294 172.749969 93.095757
-80.382668 194.934433 72.581657
-104.515320 169.216965 84.834198
-66.380753 153.462158 107.137650
-78.885239 175.994141 87.094894
-100.591484 184.909607 75.616531
-250.748718 -512.328186 101.128250
-218.177643 -519.182190 154.719376
-59.865356 -502.595734 252.979126
-76.043785 -489.335754 245.350922
-119.036201 264.802185 5.629404
-118.939186 -521.823486 233.837296
-65.523705 -213.887405 183.983826
-166.237091 -183.383331 101.403107
-66.599564 -112.663826 166.179199
-53.630569 20.758205 152.159195
-159.219986 90.347588 67.014648
-162.571365 60.482620 59.363598
-243.482849 -429.077271 67.813011
-256.136169 -469.342590 48.031750
-260.164520 -488.680237 51.808670
-258.109497 -492.932892 68.825806
-260.793427 -510.979950 73.347588
-224.697113 -369.435883 77.415138
-24.643469 -403.304596 236.138992
-7.174049 -485.193573 259.348175
-56.074203 116.098907 134.689743
-19.917944 127.741333 126.297890
-123.015160 181.398346 70.356194
-111.033951 148.754196 96.194298
-227.766479 -506.392792 139.368149
-202.360062 -506.578613 170.059708
-214.515259 -495.172607 154.043274
-36.758915 -495.286469 257.002655
-40.641323 -480.505219 252.790100
-59.051594 -451.924835 241.009186
-68.505928 -471.109467 243.337204
-46.002750 -512.460083 258.626007
-99.787163 -466.261475 230.439087
-106.438736 -485.844696 232.278442
-87.718353 -475.139557 237.759689
-81.160500 -453.815552 234.699600
-197.347610 -237.827606 64.314850
-167.909988 -113.674416 67.979614
-166.653931 78.251633 44.472725
-166.565842 57.089653 42.800781
-160.725571 43.492306 59.460331
-251.957870 -448.874634 44.286469
-249.415802 -447.517395 61.607571
-246.313217 -428.494049 50.203289
-23.207256 -360.673615 226.016678
-26.323666 -326.411713 217.415115
-23.631985 -437.003784 244.751312
-17.790131 -421.859161 241.909317
-12.488205 175.248291 94.676659
-26.247566 164.639130 101.663750
-60.739624 135.092056 121.640167
-32.675137 90.382622 145.130478
-20.030556 107.573990 136.691376
-147.046722 120.270378 82.856987
-134.195740 138.275757 87.109894
-128.333252 159.422028 80.027611
-120.212677 131.141388 102.755089
-135.702225 98.817459 109.106239
-121.538574 113.260605 113.967422
-136.927322 117.453293 96.478928
-198.560822 -484.537537 168.621613
-186.729538 -496.205627 183.005325
-173.270020 -497.169128 194.637436
-30.539995 -459.782257 249.464188
-43.560799 -443.230286 242.766983
-37.139343 -422.773102 238.912964
-44.810925 -404.858612 232.644394
-24.569044 -379.565552 230.449844
-19.942387 -238.556732 199.529510
-2.825635 -226.381012 198.968597
-21.504562 -218.374573 195.534271
-41.466393 -236.568253 195.178970
-210.036514 -278.045715 50.053555
-13.848425 -112.995407 179.943787
-21.264729 -131.417633 182.128815
-160.778763 -80.610596 65.639610
-156.095139 -47.266575 59.159969
-175.538635 -126.334206 55.954697
-165.084488 -96.145920 64.086258
-182.295380 -139.305420 44.394543
-13.540636 14.805049 155.155746
-153.958557 4.555349 58.304413
-154.029861 -13.260077 58.082092
-159.688522 72.045082 70.309204
-163.707367 34.695568 43.379200
-156.866257 51.670021 78.860954
-241.636307 -412.639313 54.267788
-244.557220 -489.969666 105.243393
-235.578674 -380.388733 30.677179
-228.682755 -356.564514 41.763618
-4.417715 -366.533691 229.770309
-3.673149 -332.661621 221.682785
-11.168560 -290.336456 211.437439
-15.561104 -270.315918 206.855362
-41.536888 -257.607910 199.707092
-7.660189 -386.180206 234.193298
-49.576569 145.765289 114.279312
-38.127960 131.679840 124.165016
-79.506035 120.108109 129.856445
-97.672592 141.156967 107.991623
-77.744942 140.717346 114.960869
-34.227699 117.136284 133.201736
-14.602226 87.488121 145.316757
-47.982517 101.761826 141.799881
-226.396423 -491.351929 138.005493
-183.226685 -472.698639 179.565170
-65.521461 -404.208649 227.299561
-67.087166 -382.123322 220.819000
-47.040627 -370.814789 223.369797
-63.562454 -359.056793 216.338135
-83.607834 -416.878571 224.307281
-61.875450 -421.830383 232.678879
-15.883606 -196.563187 193.011978
-13.567767 -180.430298 190.657867
-21.508493 -165.535080 187.347519
-12.205532 -253.215469 203.889847
-26.621836 -252.718536 201.828934
-204.231201 -240.971848 41.003593
-214.035736 -285.572388 28.544643
-215.268311 -297.369690 43.484955
-2.136027 -93.838860 177.428543
-13.335491 -73.471748 172.647522
-48.188961 -97.255402 170.481705
-19.451248 -54.898602 168.196671
-161.837234 -44.073776 40.192123
-158.734314 -27.273539 46.336281
-157.742355 -105.274323 83.757248
-189.820511 -179.187637 50.647690
-12.140589 33.072617 154.607574
-15.764473 49.160522 154.335663
-35.952877 26.931040 154.056198
-37.537468 9.739000 153.776947
-145.605270 -6.827265 76.838646
-149.766144 -28.059803 70.221115
-156.798569 26.517548 60.600708
-153.376312 35.330315 78.911430
-247.281876 -462.167694 83.287949
-232.548370 -433.313232 102.076515
-241.892258 -441.382629 84.442207
-231.551605 -391.739746 75.560806
-235.757492 -408.741608 75.734299
-224.851807 -401.601135 100.641907
-234.251343 -421.574432 90.975014
-225.184952 -353.757538 59.206635
-221.623688 -321.210236 31.597595
-19.496040 -344.426239 222.747025
-52.076130 -327.382111 212.287872
-42.092194 -347.202515 219.432465
-36.143044 -317.224884 213.573624
-11.657567 -310.978363 215.905426
3.248698 -282.495178 210.602631
-46.704052 -292.522156 206.378174
-96.317619 86.655174 143.906403
-116.720406 95.798302 128.668106
-86.398598 157.223770 99.804115
-14.440865 67.656807 150.667892
-54.416962 86.337837 148.646362
-74.233131 99.298531 143.112839
-75.665619 75.921425 152.318634
-99.853989 107.165459 131.736237
-211.741028 -479.321930 153.691360
-195.271591 -466.620209 166.887665
-171.473373 -478.752594 190.949249
-144.503448 -421.223541 194.104675
-81.116707 -435.412720 229.697311
-42.685951 -163.189560 182.707977
-52.942383 -198.066925 185.478180
-56.714436 -181.616501 180.884491
-194.128723 -201.141968 50.599419
-195.225189 -221.949509 61.079514
-184.761200 -187.986832 70.114311
-177.777145 -195.751175 88.033318
-188.587570 -209.602509 71.991707
-186.807526 -226.679901 83.770157
-192.175186 -248.617966 84.060074
-216.142700 -313.190674 56.568504
-208.963074 -292.603729 66.585167
-204.097900 -273.871826 69.404411
-25.105673 -92.593025 175.077835
-32.760281 -73.535332 170.205566
-44.390732 -60.535336 164.858246
-57.794468 -72.685577 162.751938
-54.256161 -52.971657 159.997299
8.508191 -146.576111 186.552368
-13.391602 -35.556419 164.482498
-13.939803 -18.052210 160.139389
-48.156685 -32.407688 157.297394
-148.374405 -49.125618 77.402504
-34.003773 55.951073 154.003448
-30.788254 40.742451 155.113480
-70.375710 30.640598 154.342087
-69.397018 -2.109162 146.296051
-23.797626 -4.455490 157.312759
-139.616364 -23.642464 86.380455
-122.835083 3.227614 111.166977
-148.500763 41.456612 100.259613
-250.638809 -480.827545 85.943108
-237.214310 -452.968872 101.412941
-233.893127 -483.440887 123.189140
-221.988968 -472.788147 137.867004
-232.493210 -376.883209 54.169151
-238.203979 -396.414124 51.912918
-220.865921 -382.923553 97.416679
-222.647552 -333.507141 47.257137
-64.333519 -339.510498 211.696106
-32.022854 -276.783569 205.823654
-35.267387 74.784012 150.132202
-158.547668 -483.354828 201.877274
-135.097061 -453.517578 209.051697
-81.795006 -371.566833 213.074509
-30.114035 -145.266769 182.537521
-35.061501 -184.985504 187.804703
-107.426247 -184.188522 156.151016
-73.339981 -196.776871 177.582520
-179.676666 -210.056702 89.723740
-173.514954 -174.467041 86.644089
-180.405502 -244.021835 102.826370
-201.659348 -254.506714 62.168831
-207.244675 -261.062927 46.531704
-31.988739 -22.690125 159.270844
-32.653938 -42.739277 163.276108
-48.911869 40.503822 155.171204
-66.417496 43.168434 156.629929
-53.979431 4.742594 150.611450
-48.518726 -9.562644 154.651611
-63.951916 -41.439384 153.332138
-81.995529 -53.531601 147.550919
-73.283226 -65.771263 154.610260
-79.622337 -82.664543 154.517838
-65.978409 -96.130196 163.891129
-87.186218 -102.277199 153.950119
-98.846504 -122.207542 150.201920
-68.154503 -131.997177 168.467178
-94.068123 -68.104271 142.761337
-84.455254 -123.235886 159.055695
-87.243362 -140.867188 160.538696
-111.246758 -81.903610 131.691025
-73.078644 -151.226120 169.030334
-53.119133 -147.283676 176.358765
-100.482811 -167.917618 157.086990
-80.938118 -175.563156 169.745560
-65.576241 -163.816925 174.693817
-124.476357 -32.296413 107.710770
-114.160675 -50.468544 122.670471
-105.955971 -34.737476 126.164703
-130.840195 -9.543087 98.264931
-94.875809 -16.263351 132.432236
-85.936333 -5.841429 138.729324
-69.929184 -21.194223 147.733551
-133.274414 18.564964 110.399269
-124.102097 64.068726 137.081329
-143.794281 26.689127 96.705612
-231.733566 -464.651184 118.752129
-55.032551 61.986847 154.728546
-117.627693 -475.383759 224.378464
-127.841072 -491.613708 222.978027
-168.578888 -452.471588 185.873047
-153.357971 -465.227509 200.651627
-112.211006 -422.521423 213.214020
-45.142994 -216.817078 190.818909
-168.261765 -133.553467 78.132233
-199.287094 -288.650513 89.711479
-206.967682 -326.796997 92.468605
-205.594360 -344.299377 105.281342
-213.902054 -363.883789 100.505363
-198.740036 -306.652649 98.525826
-207.455490 -308.342468 81.541580
-215.866409 -328.523773 70.961670
-159.507965 -282.131012 142.435394
-196.647690 -266.433990 83.703789
-187.194305 -272.924591 104.636696
-179.093475 -256.973480 110.690025
-87.303291 -315.589203 197.860184
-170.827789 -333.588745 146.710464
-173.663300 -278.269714 125.718803
-73.249901 -319.447754 204.196457
-175.021790 -300.329865 130.542831
-187.781097 -315.690887 119.624725
-198.837921 -327.344360 107.820953
-158.099106 -302.292480 149.239960
-164.852020 -239.759918 122.917778
-186.863403 -293.904236 112.799011
-172.221390 -313.985596 138.456390
-55.373642 -309.011230 207.318924
-152.980865 -92.035973 86.287338
-139.591690 -86.091278 103.404457
-104.008232 -151.409363 151.920258
-112.112106 -64.512520 128.150726
-100.476402 -50.724449 134.403992
-72.152359 15.164911 147.589523
-107.109703 26.555168 142.710052
-89.186218 26.061893 149.800293
-89.967064 41.175194 155.339691
-91.993889 10.782384 140.151840
-109.152260 17.711081 135.003494
-85.337135 -36.638885 141.221466
-137.954208 8.859330 93.780777
-113.383568 78.027054 139.276230
-131.615097 81.864426 123.397354
-102.087532 59.863682 150.426834
-145.337311 81.111557 104.819832
-143.751007 48.117607 114.363640
-121.153854 39.151272 138.673279
-138.258270 67.174355 121.531998
-123.400429 27.231880 130.843384
-104.884552 36.709568 148.597580
-136.004913 34.842983 119.620697
-137.323471 -474.943787 213.339066
-159.202560 -437.978973 188.727386
-176.762207 -411.382172 166.580688
-172.867889 -433.204498 176.723633
-210.591202 -388.109161 119.067490
-98.145508 -415.433594 218.069656
-132.688644 -429.971191 204.073914
-86.761826 -396.019348 217.550323
-98.677109 -384.061157 209.120377
-106.562576 -403.830750 210.856918
-123.819649 -409.214417 203.214920
-33.662090 -203.091431 191.517487
-168.378998 -154.020996 87.013252
-158.584290 -140.402908 97.476875
-138.575821 -141.785553 121.501602
-150.289368 -147.199310 110.513458
-148.790726 -235.003952 137.931122
-85.590378 -334.466034 202.850845
-116.472435 -321.690247 185.037079
-201.177475 -356.614868 119.521736
-109.753113 -133.275040 144.935059
-128.552490 -77.489983 114.138191
-128.074203 -56.335926 109.459412
-120.872795 14.339328 122.602943
-79.369148 55.861794 155.749161
-92.759361 71.463730 150.545639
-148.720963 101.115700 87.790665
-153.959717 79.686325 86.999283
-147.094147 64.190422 107.528976
-113.439690 49.866421 145.133270
-224.200104 -419.159943 111.023323
-122.299377 -462.421844 218.560120
-150.739471 -446.070282 196.978104
-120.051155 -441.477539 214.218246
-111.664680 -373.319946 200.652664
-123.178841 -147.545746 137.015976
-121.948059 -166.991821 142.103302
-139.849457 -157.978012 124.700325
-152.351532 -168.747269 114.108246
-94.184265 -198.701050 167.787064
-90.782463 -183.267624 166.275146
-129.105957 -127.572624 127.357986
-156.736191 -120.471848 92.042763
-153.123428 -201.225327 122.030060
-157.514938 -218.636276 123.124825
-166.795105 -202.437256 106.433083
-50.183163 -274.060944 201.151505
-64.464203 -286.895752 199.751984
-82.353195 -277.964844 191.001572
-93.277313 -298.652374 191.347977
-96.339531 -280.554718 185.732040
-110.289009 -297.160278 182.617584
-145.129959 -286.471771 156.656265
-129.204376 -286.922485 168.849854
-76.705750 -298.571625 198.175217
-85.636177 -351.072388 206.664948
-105.308334 -340.767273 195.714783
-128.072632 -340.782135 183.027710
-134.701675 -321.621582 173.400589
-117.605865 -356.657532 193.377487
-99.963554 -318.925629 192.990036
-194.330826 -339.621063 121.188377
-166.913696 -353.027557 157.186111
-181.834274 -355.007202 142.969772
-159.555649 -340.248535 159.845413
-141.741455 -303.900696 164.069321
-161.920731 -417.339417 180.537079
-160.783112 -403.182617 177.094406
-144.088394 -387.925751 184.626373
-212.011734 -402.710663 123.457977
-216.909027 -453.255280 136.738449
-136.529709 -398.994995 192.504242
-117.888367 -388.558380 200.720901
-99.261414 -362.137970 203.754745
-179.658142 -167.885696 71.486420
-176.811264 -147.550491 67.256805
-185.444229 -160.186234 51.742859
-86.116653 -216.356949 175.743881
-103.819000 -216.083084 166.029938
-78.103279 -229.392731 182.336472
-62.722027 -231.536713 188.460098
-143.057571 -215.524948 136.632294
-123.593117 -189.800842 145.866974
-84.882820 -261.164886 186.230209
-135.177292 -112.086693 116.718132
-143.809128 -128.676575 112.116035
-154.382751 -186.039856 116.964401
-140.068924 -180.284485 130.472229
-171.623520 -222.011093 106.672539
-143.105835 -269.398376 153.990295
-135.669342 -248.152542 153.679382
-155.003342 -256.738678 139.587433
-114.498802 -274.605652 174.786407
-101.845108 -257.007629 177.242783
-97.053780 -236.225662 174.717148
-116.170776 -252.019562 168.013992
-118.546272 -233.129181 161.490555
-125.351578 -266.386078 165.828110
-136.665955 -359.830750 182.464798
-151.611771 -355.099121 170.651733
-127.498489 -373.754364 192.012039
-155.067078 -321.527405 157.210876
-198.708481 -373.230072 129.587341
-156.312531 -387.191284 175.518112
-170.864761 -392.337708 165.250748
-224.532730 -440.546051 119.835999
-210.621109 -465.121307 149.770584
-109.528969 -199.427322 158.554047
-124.095818 -210.989594 151.074905
-133.830551 -227.256073 148.464172
-64.555321 -264.422119 194.501511
-124.578194 -97.342590 123.001938
-139.236862 -197.154312 134.502106
-145.366150 -373.780579 179.962936
-146.001999 -339.491150 170.392807
-161.613510 -370.929382 166.668442
-199.523651 -392.862610 136.266068
-188.208694 -375.865601 142.891281
-177.048279 -375.246063 154.295059
-215.968506 -419.281830 124.600410
-211.008713 -434.906677 137.816284
-199.379211 -446.019104 155.776245
-194.409119 -422.136230 152.951157
-187.522125 -397.356323 151.472626
-204.220657 -413.453583 138.525681
-95.422302 -497.840149 239.829880
-94.077934 237.688797 35.838287
-111.701057 238.283615 35.096848
-96.362000 224.677734 47.221542
-115.984573 202.035599 60.530838
-99.156654 206.573914 60.865517
-115.024399 221.572830 48.135666
-129.427658 213.708603 51.517437
-38.524803 -112.519386 175.618668
-148.042053 -74.446487 88.068420
-152.662720 -63.669941 76.078606
-48.025154 -129.745346 175.763733
-127.293663 -306.268677 174.620865
175.322662 80.482460 19.825241
169.335068 50.980305 34.204586
165.507263 32.570030 40.633144
159.652237 -22.186214 37.114243
162.073776 -40.612694 35.258484
166.323776 -59.258751 34.994225
170.924667 -78.695595 34.814442
176.028854 -100.107475 38.373703
184.597961 -135.752014 38.976379
189.698212 -153.276199 31.275932
201.733566 -211.268845 32.084023
215.972855 -287.144287 32.856834
219.679779 -304.659485 33.874702
224.399918 -323.903564 35.016682
228.887543 -343.061676 36.919449
233.195053 -359.329895 39.112919
236.726700 -380.715393 31.688843
242.284805 -395.714264 44.237831
256.982666 -449.557190 52.057343
261.104431 -469.252899 44.886864
267.355042 -495.626373 52.718132
269.482971 -514.552429 57.063129
271.105438 -529.956970 62.950954
272.001587 -532.273376 62.355755
271.598145 -534.313965 61.373936
272.277039 -537.316406 81.734688
267.226532 -535.864502 100.421402
261.344635 -534.648315 117.737228
253.535721 -533.511841 134.233994
245.424637 -532.889771 150.665344
235.632492 -532.230347 166.113388
224.602188 -531.819763 180.779755
212.772522 -531.684814 194.909805
199.982346 -531.766846 208.287506
185.571243 -531.974365 220.145584
170.322952 -532.363831 231.134171
153.921310 -532.986084 240.733444
136.797821 -533.897400 249.220383
118.827766 -534.930786 256.266296
100.450447 -536.353455 262.428955
81.388832 -537.833069 266.952942
61.959599 -539.400208 270.202362
42.283390 -541.033752 272.246185
22.467783 -542.478699 272.948669
22.715084 190.971664 84.392471
43.569595 200.227707 77.253670
61.850559 213.113602 65.748184
75.791061 231.632614 48.709869
84.206352 250.164307 27.917187
92.432480 265.228271 6.406589
95.737602 277.169647 -19.288462
96.789322 274.554382 -49.814510
126.682564 273.080933 -34.451500
148.070084 269.298035 -32.442055
156.003082 273.499756 -8.946085
156.548645 270.583923 12.225895
152.789917 259.542725 28.803602
147.121140 241.915543 41.184372
142.791458 222.031601 50.276211
138.123093 200.012405 60.016258
138.756119 176.827179 69.325218
144.031754 155.501190 75.126808
152.115067 133.396561 76.221832
161.331696 113.588264 67.707771
169.218597 94.958298 50.854416
43.431171 -505.497467 265.645538
12.421373 178.372910 92.915634
86.670921 173.319870 90.656082
109.568649 276.368195 -36.268593
242.005508 -449.793488 128.359482
92.800598 -501.268097 257.142090
88.993088 204.586304 66.493195
107.214981 238.384659 38.949909
119.829041 275.302856 -17.099844
103.889000 259.910797 16.526623
246.065857 -486.035400 138.924042
48.877983 -526.177734 269.485413
78.687607 217.787231 58.743664
89.157066 239.287918 39.347477
138.182510 275.060455 -9.358794
134.109497 266.273010 18.107805
105.900871 273.573029 -7.108908
155.024612 -500.787445 233.816925
229.415695 -489.496735 165.422318
268.606903 -526.186523 94.137825
97.382454 -522.122803 260.707581
125.195145 -519.001709 251.677521
159.984741 -518.203918 235.158325
247.322449 -517.779175 144.155014
215.312973 -515.136230 189.144669
66.717949 -516.663269 265.723053
187.527359 -512.994934 214.740387
172.000854 -505.846863 224.542435
144.051193 -520.393921 243.756317
172.427246 -519.484802 227.122620
146.686951 -236.697830 155.777313
108.089302 5.153001 134.795715
150.752380 69.607796 106.576508
35.531189 -483.157196 260.274078
41.541870 152.553787 111.227852
80.995735 -363.158203 222.695923
252.626511 -449.073486 93.381287
19.975086 -514.372070 268.252686
21.261927 -497.961792 264.342316
104.163055 249.667099 28.767931
97.311409 223.537018 50.831005
110.765465 204.211441 62.951706
119.804382 220.423294 51.580956
128.159653 207.722580 58.406582
126.241653 189.949356 67.860756
128.518799 234.762024 42.982101
110.992920 182.620804 76.992805
125.076935 163.455154 82.757385
76.901489 188.842941 80.522118
95.220993 188.979172 76.955757
103.494614 124.099426 121.907272
34.949692 181.095474 90.558197
104.306038 143.148422 107.535202
104.463188 163.941467 92.247177
269.800293 -519.789856 78.467499
269.575165 -506.148590 73.264984
265.883270 -507.328918 96.293205
253.449524 -478.308441 120.143242
260.868378 -491.631653 105.753311
254.804260 -496.741302 124.869797
258.169189 -473.442139 100.177589
264.629395 -484.231110 71.897316
255.805496 -517.796326 128.441147
261.788116 -513.580383 112.596527
244.932739 -466.535248 132.420135
251.858170 -462.858124 113.231140
239.787247 -499.021088 153.107162
236.263611 -511.967010 161.146378
225.759583 -512.109497 176.067230
117.550346 268.781708 6.110996
204.016876 -494.847931 196.050262
189.496811 -231.396423 99.951828
80.459312 -265.466675 198.209518
158.706207 -104.940208 94.394691
82.576828 -67.875626 154.247299
158.666229 90.640251 79.902870
12.133542 -481.013336 259.664795
137.497009 141.392380 86.318184
120.419006 143.658936 98.095879
120.636795 124.307961 111.833099
255.719269 -448.301178 71.495934
242.007462 -401.759155 75.931984
53.170837 -482.908630 259.175110
69.741386 -497.911621 261.034241
68.107040 200.042465 73.635719
58.060303 183.364700 87.233765
49.289791 167.512955 99.823204
70.513489 173.757950 93.073700
65.004845 156.236130 107.327110
27.770781 165.554337 101.895241
0.737106 159.954178 105.255646
20.240444 147.339890 114.428894
248.974365 -502.728271 138.814468
264.633972 -489.821045 86.754730
259.889038 -469.148132 82.129639
261.079742 -468.325806 65.192368
173.917297 -470.250214 214.155121
144.188431 -478.991211 233.363144
121.720139 -445.519073 233.897934
140.170990 -459.641205 230.025681
165.714767 -487.040314 223.765305
160.783310 -466.245972 221.337006
185.602463 -491.876038 211.138931
191.535400 -477.382050 202.821945
178.941910 -433.381683 198.835220
137.265488 -440.338776 225.824677
154.780853 -447.875488 219.234543
164.454437 -430.043304 207.731018
125.729652 -421.927002 224.931076
104.492401 -428.458832 234.740982
108.965851 -406.183319 226.705109
128.269775 -399.602631 217.296417
91.084213 -407.648163 232.455048
157.821976 -407.419952 204.714828
139.970703 -411.397247 215.397827
87.622208 -439.560242 242.809021
106.758018 -449.920502 240.340805
87.803589 -454.300598 246.438889
86.380890 -470.593231 250.668228
92.207565 -390.907928 227.670944
193.226700 -407.996918 177.502182
228.742249 -458.219330 156.374466
177.247437 -415.122131 193.905319
145.273010 -426.359985 217.430618
110.027969 -387.439941 221.171555
79.603493 -420.156525 238.799194
72.205780 -403.376892 235.260880
234.031113 -451.527252 144.580505
220.068314 -436.232758 158.873093
226.649536 -472.195526 163.978149
63.625595 -433.436676 245.094879
236.812424 -477.335052 151.787842
65.237740 -388.541718 232.523361
38.919949 -425.425232 245.095276
55.694710 -412.994080 240.310730
136.202347 -500.880005 243.132721
103.025932 -482.386597 249.751923
202.810516 -231.293121 62.769608
40.839478 -195.738937 192.264847
50.506977 -313.454926 215.370346
150.572968 -23.075529 73.717827
152.729492 8.788538 73.271202
43.744961 29.690035 154.902969
36.350418 -1.183914 156.608627
25.619421 -32.717854 163.227875
164.610580 46.858391 56.810963
163.240082 63.159576 66.796776
167.059097 63.426338 48.802597
160.197968 45.060715 75.239647
163.171417 97.484665 65.620598
148.942047 120.347374 85.503906
168.171875 82.901817 46.422394
17.429501 -458.604980 254.065002
85.130219 140.788132 115.826080
129.930313 93.870514 124.138924
18.579893 128.226212 126.006439
19.411697 -364.211426 230.364502
251.611206 -429.652100 60.929188
240.567200 -389.931244 63.741825
231.987610 -353.679321 58.112480
39.746941 136.033859 122.171448
186.945099 -460.057953 201.627411
171.166763 -450.388947 210.170258
46.093399 -463.882660 254.853485
65.090126 -463.943573 252.889694
66.477730 -449.846527 249.217621
67.785522 -479.275391 256.341583
214.678299 -473.953796 178.796371
31.251423 -406.390503 240.219467
42.497303 -378.221497 232.938049
71.672096 -374.503784 227.730804
59.982521 -351.890900 224.051392
18.840618 -419.597290 243.922623
21.297174 -436.158997 248.365524
115.211411 -502.333984 251.284393
123.532814 -483.057983 243.246399
123.150742 -466.521393 239.081726
85.630470 -486.232391 255.112411
200.086624 -212.850250 56.623699
209.316284 -260.450500 59.489002
204.548325 -226.571091 38.459221
208.061707 -246.626221 42.549141
49.487724 -163.242142 185.066010
32.344067 -326.814697 220.510086
180.706635 -119.126045 40.715012
174.997086 -111.047287 60.430775
184.364761 -146.463913 57.670033
171.023193 -88.975311 54.881363
165.238968 -79.842407 67.487930
22.089241 -59.363445 169.791824
29.185335 -130.438538 182.654526
31.830826 -109.457169 178.649597
9.361941 -112.862228 180.898026
160.205215 11.891313 46.724991
159.892059 27.658606 59.876686
21.594906 34.229935 154.902649
34.489601 15.056972 155.390671
40.042503 -446.566132 250.641678
88.608231 156.761200 102.714539
62.653793 138.666611 120.613670
71.140556 105.860374 140.888321
59.441685 121.639595 132.184509
32.672905 114.340729 134.106705
83.440506 123.091896 129.160217
9.709044 109.895035 135.237671
22.693859 91.771294 144.084610
192.222488 -426.034760 185.633942
31.049892 -466.674866 256.206360
205.109146 -481.672058 191.274689
215.087967 -492.952942 183.956833
54.750301 -369.191620 229.378494
105.396729 -466.120483 244.811722
197.219940 -192.548126 42.244625
193.836182 -196.388184 67.809601
194.633652 -216.196899 80.775833
186.783173 -198.248367 89.428482
204.938278 -249.383453 69.072220
197.380508 -248.340118 91.551781
182.182999 -212.714203 104.884041
176.437637 -191.560913 104.464645
212.624466 -270.501312 42.365665
211.739975 -277.124847 67.326538
205.067810 -264.428833 83.354225
207.594498 -283.859528 90.499512
191.581741 -249.131836 104.983681
221.868088 -312.850708 52.213894
217.132980 -292.927917 50.956337
18.016277 -198.847473 194.850388
18.480558 -223.255478 198.969559
21.314535 -269.317322 207.844711
24.597853 -289.014496 211.749298
166.846924 -99.626259 75.729279
189.639984 -161.150848 50.324623
193.502472 -171.719910 36.344597
183.343414 -177.948441 83.937279
173.410049 -163.084335 95.281181
182.639725 -159.940277 73.913322
174.536560 -144.365814 83.412560
163.008698 -151.623718 107.258034
170.310913 -175.974335 106.968719
179.351379 -132.395203 63.121468
169.164551 -121.915283 82.250725
138.563339 -165.798874 139.332657
165.330414 -66.826057 53.268009
151.975113 -42.570885 79.196571
161.220337 -50.194710 56.814690
27.010569 -155.308640 187.186676
49.282642 -141.298843 180.781952
24.658804 70.098534 151.248810
40.425518 -19.665455 158.949036
54.326759 -12.503418 155.436829
19.531612 -15.018736 160.327271
227.228348 -335.717316 61.197964
220.656723 -319.076294 77.070602
229.119995 -364.906555 92.153496
236.898087 -374.973358 53.716831
189.035065 -445.976898 195.125870
215.139069 -452.513214 171.704330
201.699112 -451.884552 185.785843
204.191223 -438.032623 178.599060
203.776672 -465.263794 187.952835
12.899667 -399.676941 238.478821
27.806480 -385.998138 235.213989
81.395226 -337.778198 215.659851
198.320251 -236.436310 82.612381
169.065598 -203.929779 120.236069
162.237457 -187.695007 122.011673
162.722992 -229.497238 138.096375
175.715347 -243.582825 128.806229
158.634445 -206.367264 133.438400
172.452301 -223.592560 124.115952
49.312290 -212.127533 194.002670
33.220592 -217.270554 197.219650
77.074455 -228.528427 190.531754
67.100998 -204.684174 188.208847
62.044075 -222.490311 193.449097
60.950775 -243.351471 197.797012
29.688005 -309.695313 216.587128
43.788925 -292.435913 211.063187
63.198364 -295.696594 209.015915
17.277966 -343.404877 225.183868
38.808041 -356.224121 227.647507
142.460022 -104.846733 116.616661
190.679092 -175.743195 59.029484
163.173828 -136.452179 100.130234
143.552826 -188.731018 141.515427
152.249435 -171.820557 128.052475
109.776024 -181.500336 164.101044
146.069473 -214.478531 148.388458
128.312866 -176.707932 150.296616
123.951035 -191.947327 157.810135
161.206909 -165.171036 115.274323
158.275101 -35.569489 55.876331
156.766174 -62.578289 77.366562
158.464813 -86.870033 86.771652
12.319468 -80.141777 174.529160
35.691334 -92.810684 174.576340
58.180496 -89.784477 168.539795
73.892632 -102.654778 165.905258
39.529076 -75.234680 170.722748
156.452393 -21.444181 54.073734
159.604065 -6.736300 41.852634
145.819977 -9.660684 87.076309
68.355614 30.270588 154.626205
60.189541 41.121578 155.988983
79.920830 19.130367 149.422760
230.793625 -357.416504 76.001968
236.689774 -386.204834 83.894012
97.451553 -349.730103 214.555466
54.678955 -331.124268 219.148422
183.031158 -236.371765 114.168800
38.409901 -251.744247 203.105835
54.509949 -183.643402 187.755035
76.124527 -185.028427 181.520538
39.799492 -273.392120 207.484314
86.051582 -305.253784 206.077286
154.004074 -120.344231 106.398018
135.662476 -121.093811 128.024155
149.052505 -136.726059 119.731316
145.783585 -153.344269 128.244446
130.060669 -140.314468 138.929657
125.230225 -152.876862 146.206177
36.740955 -174.461807 189.630310
17.216690 -96.131111 177.271957
56.822021 -108.863113 173.298477
96.701904 -122.745674 158.837738
77.822243 -84.994095 159.738373
155.188354 -6.220401 63.145542
152.177719 24.241537 81.803612
153.831497 39.214294 94.677216
58.994186 2.923409 153.054062
47.429348 79.522980 149.656906
48.160610 103.391068 141.468857
61.976902 92.081619 146.870712
98.540428 73.591682 150.173233
85.925201 87.871284 147.567291
97.890984 103.491333 137.646683
117.847244 105.885147 126.114891
129.925049 60.637714 136.225739
72.598457 -8.343956 150.331619
61.374683 15.867542 152.030579
83.348198 5.998232 146.616516
235.096786 -373.188110 71.690498
246.832031 -426.253754 90.438881
245.810059 -440.229828 109.668625
103.274734 -366.245178 217.067398
44.114052 -232.076920 198.657303
59.675156 -259.771729 201.921371
62.417927 -275.400604 204.627563
105.230339 -197.774734 171.009842
66.202110 -169.611038 182.065384
81.067436 -170.426254 176.695511
67.548576 -154.174820 178.187057
90.630470 -137.662659 165.052429
69.964012 -131.830307 173.377060
80.741364 -117.235519 166.138870
123.418106 -122.690834 139.897812
110.641800 -115.708122 148.135788
74.073128 -317.493652 211.995316
104.589508 -308.333710 200.863129
98.484200 -321.307495 206.258148
97.684441 -290.255249 198.848206
105.683861 -334.775055 207.472214
133.009918 -206.659088 156.146439
118.145782 -165.541901 154.833649
140.489761 -26.811029 94.634155
142.714355 -48.579460 97.811409
136.073975 -64.219849 110.577469
148.890884 -69.152206 95.193733
113.611412 -74.995697 134.854263
125.742195 -42.975765 118.300507
127.416252 -75.127525 122.391449
130.979294 -29.369156 108.778214
100.835487 -62.797485 141.888458
104.798683 -42.461735 136.273056
119.717789 -56.064072 125.984596
119.372421 -26.859465 121.557495
98.177856 -23.118191 137.592361
134.381729 -92.218643 120.569763
143.647217 -82.382690 106.832581
63.046425 -68.190147 162.857590
152.905960 53.731949 105.138351
74.373505 72.647575 152.782669
59.595306 56.451275 154.893219
80.218491 47.485050 156.683807
92.079407 -9.064363 141.758591
239.072357 -406.005157 96.341385
251.551270 -433.915894 76.589310
247.394211 -418.936829 74.373772
235.582260 -431.747711 129.976578
239.508011 -421.117310 111.782593
37.126347 -341.449219 223.869797
161.457748 -271.622894 155.582108
162.083145 -250.594772 146.829910
174.351639 -259.939178 137.142014
186.484253 -258.603546 119.679543
78.892860 -247.986847 194.250839
95.824364 -234.939774 185.159821
112.144791 -136.431213 151.564590
92.883690 -102.543350 156.322845
151.291901 -94.771164 101.749321
100.265526 -166.566559 166.034851
99.095940 -81.613472 147.095856
114.766777 -12.240786 126.624840
131.895004 -13.481650 108.504417
127.794296 3.046495 116.818474
141.989532 6.336491 97.920784
133.138992 28.641396 125.893295
141.649170 21.743099 106.132217
126.523209 14.902283 123.282051
127.377762 -105.428436 131.784164
158.968262 72.216629 85.375587
142.167206 57.984943 123.868828
116.754799 32.729595 142.525314
100.664162 47.472569 153.885025
93.339012 31.450804 152.946457
116.829391 54.557091 146.856506
117.113777 23.158346 137.646805
97.872078 17.876101 144.237366
131.904465 42.797398 134.484253
230.032623 -385.009491 106.357582
222.856064 -370.823303 115.520126
232.324783 -400.063385 113.957535
106.433220 -150.777039 158.765503
64.213234 -38.108696 156.055695
72.599228 -51.998047 155.552078
85.772194 -36.077484 146.703873
73.082344 -21.924469 150.304474
49.813419 -31.947191 159.238235
88.034958 -52.876259 148.230087
144.326218 39.027668 116.378349
158.197891 58.155190 89.629295
153.492203 83.859612 96.925049
148.545425 101.898865 95.532516
134.756027 107.614998 110.545235
143.231903 88.122063 111.813126
135.882599 77.406120 126.543205
135.938293 123.040092 100.080605
193.084778 -363.136230 158.614685
217.723831 -417.718079 153.119446
114.723549 -93.587830 139.078186
210.506180 -366.995026 138.284119
228.360550 -413.354248 132.923325
187.778564 -388.665558 174.523117
174.289536 -397.768616 189.637115
144.945297 -390.053833 206.333603
138.659088 -369.562256 203.029373
124.301163 -376.766174 212.327759
135.598312 252.006714 33.277569
119.838142 253.452271 27.312777
215.997589 -298.217529 71.188446
198.284317 -268.587463 103.427032
49.417618 -124.877266 178.744919
222.597610 -354.475342 104.710136
225.957214 -343.835724 83.681702
79.298447 -285.799866 203.134827
117.632553 -210.136093 167.222092
101.585922 -214.536804 177.056076
112.126755 -227.313202 175.408203
119.196930 -242.410980 176.137466
103.344009 -251.831650 186.442398
101.924583 -268.123810 191.890961
88.131989 -200.548843 179.978577
85.787643 -216.912720 184.774490
126.936554 -261.347961 177.816772
115.179184 -278.360138 189.099075
149.610748 -266.584473 164.272476
130.655563 -227.359650 164.352158
93.260124 -184.990067 174.169937
135.085236 -248.266754 168.360641
31.516251 -45.616310 165.539948
48.848064 -53.228134 163.856216
203.191376 -399.900787 163.142563
216.076569 -399.212372 145.813522
193.647446 -379.229767 164.790878
162.551193 -320.508789 171.914490
197.868851 -346.362701 146.049942
179.510666 -329.310608 159.405899
191.330719 -333.731934 148.643188
184.464523 -348.943268 162.167404
142.673248 -353.783539 196.229553
156.320023 -370.959717 192.881607
148.558624 -334.612915 186.524887
127.595680 -335.265869 198.603699
170.968460 -342.681458 172.554794
162.155945 -355.010345 183.947739
171.998337 -378.537537 183.982513
120.730110 -353.136200 206.967468
145.409409 -312.854370 181.583237
132.421097 -319.925476 191.701767
115.803108 -320.646667 199.791107
132.485687 -296.302856 184.701889
116.484764 -301.186462 194.068924
137.224411 -279.777161 177.540588
150.742310 -299.105560 174.144653
157.016006 -287.160919 165.211014
180.414368 -366.074127 172.361252
171.092468 -291.855591 154.153687
168.999542 -309.070709 162.658371
208.710129 -324.003967 116.492973
204.107208 -307.436066 116.293480
213.168427 -315.718506 101.260338
211.703766 -303.250580 94.510040
195.064102 -314.969971 134.987366
202.507446 -331.501373 132.152557
195.062317 -297.361389 126.718178
189.755783 -278.764618 125.391129
181.667648 -313.031189 151.178757
178.999268 -275.418243 138.358337
183.863876 -295.738129 141.374619
212.847427 -351.412079 124.733505
213.931671 -339.234802 115.658722
218.266220 -331.776428 98.370125
270.911530 -540.218323 41.401348
266.432129 -543.980652 21.996414
260.001770 -547.078186 2.818813
251.682632 -549.211853 -15.734756
242.253738 -551.173279 -33.925228
231.094467 -552.803040 -51.242519
219.345932 -554.795349 -68.127098
206.239426 -556.686646 -84.124817
192.478958 -559.360596 -99.524429
177.621704 -562.164185 -113.921043
161.750183 -564.716309 -126.871231
145.077774 -567.537537 -138.511307
127.884727 -570.134094 -149.028183
110.090454 -572.325684 -158.177139
91.891006 -574.175720 -166.109100
73.303360 -575.490906 -172.440903
54.482380 -576.448669 -177.526443
35.574154 -577.017090 -181.447189
16.518251 -577.224426 -184.081619
-2.537458 -577.106384 -185.456085
-2.040859 -538.944031 -187.076416
2.840268 -498.255981 -185.209534
3.369679 -437.789154 -179.843399
3.860801 -414.773010 -177.936981
-3.665991 -380.993317 -174.778549
-1.438980 -361.067719 -172.264450
-1.738347 -341.383301 -169.478790
-2.487224 -322.522644 -166.896790
-0.919503 -303.224731 -164.107529
-5.008623 -262.394806 -157.880447
-1.471647 -214.830215 -149.160522
4.037368 -166.351273 -136.854233
2.404098 -143.975189 -132.078323
-1.508987 -127.896812 -128.957932
-0.057494 -110.123329 -125.096901
5.522403 -92.283089 -120.717224
-8.975576 -39.643860 -109.366478
-3.687900 -17.445683 -106.759842
-2.645277 -0.113742 -107.736183
0.456062 67.260185 -115.961685
0.484702 85.675385 -117.232742
0.769772 122.592430 -117.907448
-0.075583 175.027115 -111.169342
2.236356 200.948318 -105.256752
20.411371 212.887054 -101.566414
38.379250 222.753693 -98.739189
55.267471 233.803268 -94.352051
72.010887 246.360199 -86.526878
87.415771 262.161163 -71.394341
152.123840 254.469513 -53.241489
153.330429 236.317520 -68.392715
152.047531 215.847366 -79.439774
148.652710 192.984619 -87.095863
147.631012 170.713806 -89.874741
147.669693 148.202744 -90.272507
151.885056 126.196754 -85.913605
158.129272 104.282471 -77.810814
168.534271 88.924271 -64.290291
179.465714 80.175148 -43.097458
181.269089 78.647118 -20.007584
125.424431 27.655699 -83.467216
78.557983 165.305542 -113.893974
176.298401 68.727859 -26.189375
141.531998 82.872528 -87.063705
116.323158 168.719589 -105.052864
122.240051 255.490128 -66.530235
127.677322 237.832092 -78.749222
87.737137 234.860611 -91.354126
136.426910 113.718185 -95.259605
129.998871 157.432297 -99.755569
120.049736 267.330933 -51.565582
135.634094 261.827454 -52.275425
104.260773 260.442413 -68.088211
141.692017 228.378983 -78.308769
136.038956 204.012238 -90.118141
90.920387 249.665344 -81.005707
172.603653 79.499016 -55.336830
132.345932 133.159332 -98.405029
139.030807 247.354706 -66.588203
104.319092 269.881683 -54.906342
122.965439 219.868683 -90.165565
131.151001 180.935043 -96.887466
105.063759 188.247040 -105.613716
119.751595 195.649551 -99.147675
158.069901 66.972389 -65.243240
128.244965 96.425217 -98.056290
106.080238 215.061691 -97.540535
97.455025 166.247833 -111.197121
109.751022 145.671509 -108.970772
82.025826 71.039223 -111.563591
73.631683 202.036270 -106.269135
109.830185 70.563980 -103.033134
99.659218 130.157303 -112.752266
109.033852 95.339439 -107.249840
119.221581 125.791489 -105.389259
122.833336 82.456734 -99.082359
73.320099 225.492050 -97.384834
77.223457 108.044205 -116.323097
52.764862 209.480209 -103.430351
83.757698 148.091980 -114.864693
97.400726 112.082626 -112.528351
78.348877 126.421616 -116.525398
62.135670 117.305847 -117.884766
272.754211 -525.866638 44.390053
267.391968 -525.599121 23.344833
199.510605 -430.691528 -79.448502
139.054779 -286.106293 -113.028191
55.340099 -508.364319 -177.890320
14.369836 -546.703369 -185.809677
-3.266653 -562.982666 -186.554901
23.010927 -563.032959 -184.542694
172.169724 70.874077 25.382389
19.860106 193.031448 -107.413948
109.135406 240.835617 -83.449219
168.708328 65.094101 -48.748844
168.922760 51.814011 -33.145451
127.008499 68.372261 -93.340233
150.683716 51.912106 -68.521721
141.629547 65.481110 -82.388817
160.495636 45.896320 -51.364395
146.182007 31.933655 -66.023262
163.194351 31.000931 -35.372128
168.775757 35.315563 -17.632870
154.979980 27.023985 -50.429840
153.712860 15.710905 -42.723469
42.320774 102.902893 -117.804375
59.846371 98.651955 -117.529495
23.819427 116.007072 -117.699249
68.234726 85.418373 -115.688469
55.896145 67.480766 -114.127586
40.577679 82.879578 -116.610664
90.727959 90.553131 -112.511513
100.519493 56.575417 -104.018509
19.127018 73.800377 -116.160187
37.876656 64.874321 -114.842056
22.212042 57.013241 -114.418510
51.465755 191.856812 -108.660355
84.414314 185.514374 -109.889503
60.024357 158.824341 -115.151382
261.420929 -530.893433 5.331916
238.474335 -467.243317 -31.051062
259.737244 -507.436859 5.395155
219.863510 -380.070709 -30.696236
70.546822 -289.506836 -150.483612
171.087997 -208.264343 -66.541496
183.732620 -279.837708 -63.046402
67.586807 -153.983292 -125.436157
162.759247 -96.627701 -34.042389
24.665352 -508.665985 -183.766037
18.507105 -528.978760 -185.290665
169.613480 34.344536 18.235754
160.080551 -1.070704 -14.475883
152.835526 3.453041 -38.497707
172.314804 50.907875 13.203186
166.242828 20.534325 -3.600277
171.074860 39.682587 1.401613
14.331957 153.703125 -114.813454
136.163300 39.661835 -79.258141
135.460327 52.086926 -83.776619
140.351715 18.796518 -65.962921
4.160334 106.665581 -118.055885
21.998266 94.247231 -117.415298
17.236284 132.630157 -117.172150
60.515720 137.890640 -116.854362
36.016689 139.400085 -116.701942
40.588726 175.226151 -111.813591
49.994263 27.686783 -109.053719
47.737648 47.942940 -112.070564
74.293541 54.822140 -110.052238
93.250725 41.966022 -103.589203
24.963339 37.631641 -112.357719
263.661041 -491.824341 27.951250
267.540436 -509.729858 31.859200
259.991394 -470.849457 28.904762
230.295059 -520.790527 -53.480541
252.371368 -518.498718 -15.608840
241.860596 -528.131592 -35.690559
252.384247 -536.471130 -15.922919
233.927475 -537.223450 -48.625263
252.547745 -457.053894 10.242482
208.560806 -533.483459 -82.100861
30.844143 -287.849396 -159.066254
61.974228 -234.069962 -145.693192
75.399071 -370.218475 -159.215347
190.862289 -196.773575 -22.931217
204.608856 -259.623322 -9.598676
22.590038 -424.461060 -177.285080
149.126465 -549.480347 -136.951263
83.435814 -554.960083 -170.442322
66.648964 -561.560181 -175.610260
19.210928 -489.345428 -183.185898
3.873869 -517.595276 -186.096848
44.767632 -563.068054 -180.750870
161.541702 -9.452379 14.107011
26.174656 -82.101608 -116.610489
165.263565 18.869984 21.965963
162.017365 3.743413 23.591396
162.771820 4.902522 4.383649
150.193588 -13.078085 -38.127697
114.486458 -24.819929 -78.374390
137.183533 -26.506205 -56.440983
106.886093 -5.558758 -86.376823
107.599220 16.065422 -90.618683
155.229675 -21.406712 -23.446936
172.870422 62.984867 13.447993
161.862106 17.231657 -23.055765
117.981087 47.507725 -94.180527
29.802284 6.883803 -107.056252
6.413536 30.020615 -111.862183
4.009231 47.641006 -114.275047
231.596954 -488.667480 -47.400684
251.111603 -495.533844 -13.616510
257.826294 -483.040405 10.081585
241.533676 -442.148865 -12.920361
228.174271 -352.556488 13.470624
216.786942 -319.161438 -5.015871
195.435974 -542.298340 -96.850571
217.613022 -517.178894 -70.383492
34.012314 -330.374695 -164.745636
39.722645 -256.318604 -153.442596
32.750725 -212.646164 -146.432541
198.088791 -205.204941 1.245745
21.846991 -153.158157 -132.834213
19.961533 -128.343262 -127.482323
173.809540 -91.224289 12.707180
169.287750 -73.492294 12.736825
185.901901 -139.803299 10.769808
2.866406 -477.771484 -183.417953
4.841341 -457.780701 -181.459793
132.397217 -539.596497 -147.355850
165.033279 -543.860229 -125.098900
115.562904 -552.306763 -156.482956
51.982967 -547.297791 -179.794373
35.634697 -543.025635 -183.107239
38.132904 -521.037537 -182.276566
53.816498 -527.850647 -179.220734
36.034706 -495.471649 -181.290268
23.376127 -474.097412 -181.399277
53.248802 -487.957062 -177.000473
4.530463 -75.381142 -116.761688
20.716152 -103.197845 -122.100647
6.781460 -53.105930 -111.856636
14.631143 -31.469704 -107.533958
24.235422 -65.750916 -113.327805
124.034637 8.906171 -77.729263
126.923561 -10.304593 -70.802895
97.199013 -25.348387 -88.987076
61.850624 1.547077 -102.991005
50.526546 13.293027 -106.544731
57.606979 -20.324644 -101.431595
107.277222 32.892849 -95.694084
148.491776 -66.969757 -46.781025
4.490576 13.470708 -109.337631
28.077789 20.313662 -109.486275
252.231155 -434.777466 40.561775
241.975266 -415.798706 9.735579
239.744278 -506.097961 -37.063347
225.148102 -501.709625 -58.891945
241.636032 -484.462036 -30.092388
247.469711 -471.388947 -12.971000
219.084335 -311.534546 12.814688
223.391754 -537.673096 -63.393326
181.924194 -500.660553 -108.129776
23.854307 -270.144012 -157.252914
22.273039 -246.033981 -153.911896
10.647141 -259.825714 -156.869659
14.091519 -199.633453 -145.155304
18.175531 -222.267120 -149.656326
5.845363 -184.637527 -141.861053
27.546663 -190.274811 -141.935043
199.841660 -200.718002 22.604387
202.525909 -220.833466 12.444437
196.449310 -183.349121 15.292761
209.193130 -257.302399 17.177336
212.961655 -278.348206 16.523813
178.793488 -108.659271 15.112914
182.819443 -124.540146 18.554909
179.696884 -122.611053 -4.228351
182.542542 -142.615585 -14.780857
175.364426 -127.247826 -23.530148
159.189819 -74.565063 -29.585308
151.927979 -89.731453 -50.191017
153.762589 -51.748264 -29.966558
161.021790 -49.093277 -6.714081
141.430603 -44.568905 -50.550575
166.896103 -82.143692 -11.678514
163.927078 -63.211777 -7.657887
161.691757 -33.203171 11.904436
28.713148 -450.845001 -178.377716
43.104824 -471.892181 -177.987732
11.090273 -391.598999 -175.303207
22.660072 -402.268890 -175.246994
134.742844 -558.140076 -145.764236
182.860336 -546.720459 -109.463478
179.009872 -529.482483 -112.900627
81.383324 -464.798737 -166.709244
86.623283 -502.519379 -167.348495
73.742287 -520.031921 -173.280502
156.303955 -34.600567 -16.799271
160.187775 -19.587599 -2.044974
39.158073 -118.553513 -122.872475
42.415783 -71.543686 -112.087448
139.686508 -11.186445 -56.880669
86.055832 5.099285 -97.367393
82.978302 -10.691987 -95.837456
72.813942 19.012630 -103.743782
73.048210 37.388683 -107.567383
91.452744 23.614487 -99.560860
55.501335 -42.630138 -104.216766
36.187176 -24.225887 -104.722649
79.484871 -32.786411 -96.516991
58.571590 -62.132244 -106.919853
79.808746 -49.859879 -98.328720
255.537354 -454.170410 27.475069
247.881760 -433.099609 15.359759
240.153625 -399.250153 18.980011
246.677124 -416.442474 33.308544
213.590134 -497.241241 -74.051491
208.345673 -480.345551 -78.155685
219.785065 -479.921387 -63.184792
231.906097 -366.851990 17.221722
234.025879 -386.323456 6.903194
11.615473 -331.822906 -167.526611
19.798700 -348.143219 -168.911057
14.469633 -371.349487 -172.371902
41.274086 -232.274567 -148.986938
57.138775 -248.630875 -149.035934
74.963051 -260.329071 -146.114227
45.360588 -272.812164 -154.366898
58.574982 -270.567535 -151.301682
4.956882 -281.359070 -160.439545
60.285210 -209.316574 -141.113281
52.558014 -220.769516 -145.099899
194.578033 -232.945129 -27.367657
193.324341 -214.647369 -23.621525
201.069687 -228.947388 -5.075403
184.735352 -214.179657 -44.525448
186.566162 -177.275131 -27.579596
187.475983 -162.789032 -13.552813
179.828781 -190.450912 -47.602745
193.873032 -184.120392 -4.367574
166.938202 -185.422424 -67.272789
182.242615 -160.194565 -29.510677
212.348755 -294.672150 -2.434325
209.475388 -275.013885 -0.193852
216.205826 -295.791016 17.117813
167.743835 -130.069748 -42.697025
147.892654 -32.000404 -37.192619
129.129639 -43.725269 -65.437126
39.204601 -411.381653 -173.788147
191.859879 -521.096375 -100.200859
69.450722 -543.149170 -175.141907
112.538368 -527.588623 -157.864685
134.494781 -517.102234 -145.140289
159.073547 -521.084351 -128.887527
165.448166 -499.350739 -122.149750
183.243637 -478.607758 -104.444908
197.167007 -493.294678 -92.375359
196.388824 -471.364319 -90.387764
183.132874 -455.387695 -101.367256
196.356491 -448.321716 -86.329079
68.533806 -476.888794 -172.105911
115.412140 -487.329071 -153.356277
104.848663 -502.563477 -159.599091
105.068260 -465.588837 -156.899429
91.213242 -485.751953 -164.406296
120.450798 -504.412994 -152.070358
125.140770 -469.666351 -147.034592
93.203026 -519.703857 -166.179672
42.436501 -97.163155 -117.166061
33.611790 -49.559776 -109.006958
113.104523 -79.925110 -86.440376
230.593414 -470.684570 -45.731674
220.712662 -366.565430 -20.925293
220.269073 -344.944672 -10.061433
223.508789 -333.497467 12.331421
19.678247 -298.546631 -162.283401
18.967730 -316.461395 -164.902695
46.703854 -344.886353 -163.935547
34.250084 -367.864594 -169.323593
25.272614 -382.118347 -172.732010
26.222946 -172.627914 -137.494537
47.617466 -157.764404 -130.752258
39.156414 -139.091614 -127.516449
44.068626 -200.043228 -142.071823
62.780106 -189.114197 -136.136383
203.137100 -244.983139 -5.968622
192.565140 -167.387985 10.355513
188.765869 -153.918243 4.730153
156.572861 -166.264465 -74.519539
175.181915 -148.107986 -38.325127
165.835449 -147.655075 -54.905407
167.885498 -114.320770 -33.783787
126.383156 -27.269653 -68.697449
100.193451 -40.379444 -87.815292
95.885674 -66.839432 -93.531952
114.739517 -44.538414 -78.670937
103.794624 -57.857788 -87.519928
39.384811 -387.308258 -171.002319
51.833595 -399.757233 -170.031586
37.071625 -427.898529 -175.322708
81.430695 -431.761719 -164.229202
92.805595 -447.616425 -161.011093
67.827080 -451.960907 -169.957214
64.628555 -434.451904 -169.772202
67.653870 -416.776917 -167.535980
86.319916 -407.915924 -159.882278
143.726181 -402.835571 -127.510193
103.370247 -427.436462 -154.310196
108.727097 -408.087799 -149.819427
174.198288 -514.537842 -116.275597
183.764877 -433.511230 -97.263657
220.019073 -454.797729 -57.317734
72.485519 -497.498810 -172.184464
168.899628 -464.769165 -115.532738
166.526291 -443.210663 -114.829529
133.018250 -494.683838 -144.256287
230.686050 -428.668793 -29.988932
226.267059 -367.093811 -5.097405
188.329697 -349.976196 -74.207489
200.071136 -322.562469 -47.858341
49.782150 -366.373566 -166.038742
64.998756 -353.524353 -160.240860
58.620720 -377.611755 -165.267441
46.188660 -179.306366 -136.777374
159.542847 -129.362259 -55.616520
51.604736 -419.605682 -171.963013
69.393944 -393.411682 -164.248062
116.086021 -444.265259 -149.405670
201.600693 -396.580566 -68.506691
191.116837 -413.444733 -85.642357
165.390823 -394.630310 -108.150566
155.777954 -409.684723 -119.104652
178.045929 -399.454681 -96.738472
143.273148 -422.596252 -130.653168
210.630219 -439.088470 -66.520027
149.882050 -500.643982 -133.775620
141.563644 -473.977112 -137.300461
148.349930 -455.575439 -130.751816
155.235886 -478.836487 -127.841713
168.483948 -482.766846 -117.885582
79.596062 -73.203133 -102.096466
97.561409 -87.013885 -96.839157
238.448715 -452.842346 -25.038649
230.300018 -447.952881 -38.654922
229.327896 -409.505859 -23.914694
209.793777 -360.909821 -42.266514
213.095230 -346.300201 -29.890608
51.713737 -290.210083 -155.479965
50.905708 -323.697266 -160.380493
111.131615 -328.755829 -137.755280
151.285721 -145.853378 -73.269905
142.539200 -124.833107 -74.981262
141.121567 -158.916473 -88.333641
110.826653 -97.670517 -92.136856
123.937767 -125.529198 -91.291481
104.059113 -117.107353 -101.447937
98.298073 -135.095993 -109.198212
139.440353 -102.445526 -70.075211
126.909973 -90.126450 -78.672058
93.225906 -103.722954 -102.923553
125.023109 -66.631920 -74.116470
81.582703 -117.328804 -111.564285
137.393158 -60.754845 -60.242191
155.224884 -112.349281 -54.360249
126.078232 -427.456238 -142.193466
129.914597 -405.652222 -137.647751
136.021317 -385.271362 -130.439606
116.488701 -385.627655 -142.688416
98.574944 -344.631470 -146.546768
206.387222 -418.359894 -67.710663
142.389099 -440.172791 -133.112961
155.072861 -432.445801 -122.950607
55.899574 -114.562119 -118.456223
55.271313 -135.375656 -123.840729
71.948021 -131.297089 -118.490250
78.502106 -93.984833 -106.535973
238.317856 -423.275696 -8.629070
219.793335 -416.472839 -45.682392
227.419785 -386.781555 -15.644791
221.957474 -397.897949 -34.878925
235.016922 -404.058838 -5.518343
212.923935 -384.731415 -46.535587
206.286728 -335.515778 -39.793545
197.961746 -346.812408 -59.281311
187.376297 -328.340698 -69.371231
191.363449 -386.644104 -79.376938
180.288605 -360.227356 -86.099464
213.179596 -330.295288 -22.370438
63.164413 -309.891357 -155.132385
133.828934 -143.321976 -89.685394
151.604156 -387.833130 -118.916588
167.088211 -376.609344 -103.056007
148.652756 -368.663452 -118.135117
145.541199 -322.345581 -113.171066
148.931244 -345.215057 -114.855400
212.818176 -403.551758 -53.574512
188.172409 -308.026611 -64.083000
199.990601 -370.317139 -62.174503
209.254211 -311.764374 -24.487432
66.860588 -333.778656 -157.149063
85.063240 -340.725311 -151.799973
91.673256 -367.837921 -152.649841
106.624123 -368.200500 -145.589981
85.126442 -383.857452 -157.542358
98.266663 -387.230042 -152.475601
128.614090 -369.608734 -132.795898
175.063126 -338.735596 -87.766159
165.680832 -354.721924 -100.536171
136.954147 -354.254547 -125.533195
200.565872 -290.175751 -36.214378
84.058205 -303.179657 -147.367950
105.981735 -274.487885 -134.673172
98.198517 -293.171478 -140.029800
161.802109 -332.928528 -100.670685
177.094299 -291.073822 -75.656853
119.297981 -350.154785 -136.513412
132.259918 -333.902435 -125.397667
137.331741 -307.753601 -117.627350
121.495613 -290.455292 -126.720276
156.140686 -309.963806 -102.007637
142.310577 -230.572495 -103.814285
127.384483 -267.724762 -120.635345
156.788300 -219.138046 -87.116440
156.854507 -202.956192 -83.734375
82.386490 -241.453278 -141.195740
171.653000 -315.136810 -87.122238
148.740509 -267.438507 -102.942307
139.387314 -250.000351 -109.137383
155.741379 -247.617157 -93.039856
161.794830 -230.521103 -83.230843
174.940491 -227.013733 -64.620705
171.719131 -245.330627 -73.091942
112.984543 -218.214783 -123.320061
94.770821 -223.609283 -133.430344
141.473816 -207.863052 -100.569229
126.319092 -212.020859 -113.696976
148.926865 -189.168610 -89.201279
99.144997 -182.148193 -121.757973
137.623810 -175.131470 -95.603043
111.083664 -195.814835 -119.587112
102.393311 -155.352875 -112.687927
116.804459 -178.310883 -111.299988
128.195496 -191.509460 -107.431107
106.096924 -169.474136 -114.824974
122.580986 -159.132324 -102.073906
163.320847 -293.880737 -92.233002
151.030869 -296.259857 -104.068367
153.428192 -281.939148 -99.937485
184.809982 -239.625244 -50.875957
194.994080 -249.435898 -32.666904
183.548538 -260.066772 -58.305355
167.426529 -269.237701 -83.056503
125.848633 -245.074722 -119.487686
100.729507 -237.531616 -133.258942
88.082291 -167.569977 -122.627174
81.432701 -184.908295 -129.697479
95.522491 -201.383606 -128.553635
79.509674 -204.449982 -135.209747
64.729309 -171.038300 -130.993988
76.970551 -222.946838 -139.591141
16.367540 -3.637456 -107.003807
40.452499 -5.890107 -104.943230
174.125168 -167.166443 -49.345108
138.818314 -80.529945 -64.606339
202.749329 -270.014526 -21.298061
195.388260 -271.084473 -39.490170
-268.568146 -545.887024 24.097549
-265.069855 -549.023682 4.523823
-259.741211 -551.691650 -14.883816
-252.140549 -553.463074 -33.509087
-242.826813 -554.862793 -51.327553
-232.900940 -556.524780 -68.626015
-221.197983 -557.925476 -84.745667
-208.610962 -559.846252 -100.021759
-194.599319 -561.644775 -113.937653
-179.948669 -564.198486 -126.899498
-164.478119 -566.689087 -138.773972
-148.173309 -569.240967 -149.107895
-131.245880 -571.480774 -158.208344
-113.920471 -573.567505 -166.278046
-96.081009 -575.234131 -173.018967
-77.796341 -576.306213 -177.928329
-59.199692 -577.001953 -181.549637
-40.470215 -577.385620 -184.112152
-21.533043 -577.348145 -185.237198
-16.519123 211.595383 -102.529175
-34.747112 222.400345 -99.399368
-52.354912 232.523331 -95.128288
-69.541321 244.111313 -87.632568
-84.725578 260.230011 -72.346092
-148.955200 251.867416 -57.070396
-151.291992 233.042114 -72.943970
-150.597702 213.139084 -83.350388
-148.028152 191.777267 -90.017342
-146.338226 169.192429 -93.026657
-147.370712 147.432083 -91.977119
-150.971390 125.119598 -89.209213
-159.413498 103.738792 -82.041092
-170.046066 87.067833 -66.397003
-181.729034 77.959709 -44.710148
-122.138634 246.645599 -72.710205
-126.616714 25.848465 -86.560104
-119.020638 169.264236 -104.585281
-118.354218 260.383240 -58.735504
-49.303394 214.777405 -101.748138
-145.226257 81.432495 -86.946014
-132.278763 160.388428 -99.382996
-137.625366 244.018005 -69.276390
-134.753662 206.272873 -91.068108
-85.179543 241.695175 -86.661064
-175.973129 63.978680 6.980720
-135.615448 116.145363 -97.776176
-136.487961 258.585815 -53.673874
-101.694702 266.934875 -56.025097
-174.703278 77.735962 -57.361008
-54.914097 201.331512 -106.024582
-28.538158 200.360397 -105.701210
-145.975327 104.349304 -90.744179
-135.367340 137.328262 -98.266129
-159.021011 89.755646 -77.936295
-25.991899 -565.232971 -186.225174
-24.495132 -549.474365 -187.084991
-119.957436 -441.973114 -156.291229
-145.016159 -294.621643 -120.676086
-219.806046 -447.904266 -73.830368
-270.256592 -530.929077 28.706617
-76.184952 -31.183147 -101.591545
-163.767456 11.113987 -15.771296
-134.914734 183.594009 -96.247803
-70.536819 220.635437 -99.208412
-172.978546 44.602558 4.302931
-170.402130 30.220537 5.591367
-171.205429 34.934357 -17.815952
-28.343599 167.825256 -113.015587
-154.313675 62.379318 -73.750298
-116.319145 129.381424 -107.757477
-114.995941 149.596237 -107.826408
-92.038948 161.266708 -113.422150
-65.022026 135.488785 -118.406746
-91.158585 136.455536 -115.451797
-70.720726 154.785355 -116.265923
-79.472458 116.948296 -117.818558
-101.646263 112.789482 -112.986633
-49.900684 157.708145 -115.733551
-88.691795 97.374893 -115.606583
-129.764587 94.000015 -99.044060
-45.340607 -562.594299 -184.708069
-74.967056 -414.467896 -170.268600
-192.396698 -269.474335 -58.505379
-78.772469 -312.340881 -156.627258
-80.786583 -93.469116 -109.883575
-217.231339 -376.187317 -49.510921
-262.068085 -498.320068 9.916530
-252.597244 -541.466858 -33.475834
-255.101685 -519.516296 -27.647314
-261.728149 -513.289429 -5.215555
-249.149918 -506.283051 -39.012890
-262.057709 -534.503113 -9.058433
-33.198643 35.529926 -113.277794
-42.939823 3.585331 -108.683105
-163.189880 -15.664801 -7.537532
-17.422457 95.662453 -117.955078
-72.756218 194.767303 -108.178017
-103.197525 213.085098 -98.342049
-120.064484 218.867691 -91.124809
-131.849228 229.141266 -81.983078
-116.822556 194.822128 -100.389572
-95.464943 190.148087 -107.162842
-176.318604 52.526821 -12.280059
-172.596344 49.491707 -34.739407
-165.716980 16.793358 17.624344
-167.965958 32.428612 23.887230
-155.247055 20.799610 -52.633877
-167.659393 19.638041 -4.627722
-164.736832 22.792522 -30.818197
-164.136932 1.076105 1.114192
-161.593552 47.272449 -57.368736
-157.282974 10.219029 -38.941586
-15.319589 186.754990 -108.871452
-38.454445 183.176376 -110.309135
-121.616119 108.734138 -105.012894
-24.357145 -512.216003 -186.302094
-16.531364 -529.275085 -186.992981
-34.105785 -433.638947 -179.072388
-193.545364 -523.804321 -115.556480
-181.473846 -122.830879 0.762139
-62.148441 -152.608231 -129.685699
-266.264801 -513.611755 21.367512
-260.655060 -485.366089 30.644007
-21.401907 126.223740 -118.070862
-44.907059 131.946320 -118.658768
-15.006575 41.839840 -114.101364
-26.710188 -29.443398 -107.965248
-163.174225 -16.962662 21.513079
-60.967037 179.632034 -112.010178
-87.227776 206.419922 -103.310738
-90.741661 223.294220 -96.274933
-104.522964 235.669861 -86.463715
-102.858559 173.672424 -109.109261
-79.429550 177.305450 -112.106781
-160.354874 -3.522787 -23.944622
-162.320206 0.799054 22.138990
-65.382202 -520.992798 -181.700821
-26.514019 -387.962555 -175.427826
-43.853348 -468.968872 -181.331436
-104.217186 -558.596252 -171.091049
-119.939323 -553.722839 -164.710297
-200.594574 -225.250916 -15.887188
-196.219910 -183.087631 -6.268027
-23.826717 -232.483978 -152.488632
-55.394676 -195.587585 -141.795059
-184.367767 -132.782608 18.124449
-169.087585 -76.109016 2.620617
-36.456764 -145.712234 -131.807571
-225.358414 -539.284607 -80.281326
-246.107498 -529.977234 -47.478214
-252.745117 -456.865326 9.568283
-232.705917 -372.495972 6.240223
-231.603165 -382.061737 -13.750968
-217.747559 -320.318573 -13.950438
-5.965575 139.111115 -116.413445
-15.397029 112.611725 -118.525551
-78.016541 77.270981 -115.113007
-59.170540 118.396263 -119.253395
-64.358978 97.333893 -118.505363
-16.498684 24.975677 -111.719498
-21.086220 8.525728 -109.330666
-51.044746 33.638218 -112.311752
-16.739445 59.013950 -115.519363
-56.815765 55.980286 -114.448891
-19.990355 76.832146 -117.120903
-164.103989 -11.079340 8.488482
-163.999954 -31.926054 6.405412
-145.243347 6.775467 -59.512020
-33.604488 -347.698120 -169.827148
-29.238997 -411.982513 -177.400772
-135.641815 -536.697266 -157.417847
-84.115883 -558.970276 -177.566360
-197.964035 -543.953918 -111.973312
-168.650238 -540.178406 -136.804321
-180.926697 -552.027954 -126.806747
-212.663879 -281.499756 4.026858
-203.868378 -225.790771 9.683503
-196.699844 -182.725983 11.726982
-188.927185 -149.866074 9.168137
-192.687576 -162.686829 9.906025
-2.223253 -237.741974 -153.538681
-19.426842 -250.829636 -156.023087
-19.542421 -214.712204 -149.433456
-16.835310 -293.339813 -162.750305
-178.090088 -108.369232 14.338248
-173.615479 -90.165741 18.025394
-168.016907 -70.591896 20.322004
-172.821259 -93.794083 -4.035551
-9.748663 -100.299843 -123.089577
-18.241114 -118.659187 -127.306953
-12.413483 -85.672539 -119.503700
-17.450830 -137.417343 -131.179153
-30.653107 -128.311813 -128.764160
-17.016073 -156.909271 -135.002548
-237.017548 -539.359680 -62.902340
-230.599060 -521.382446 -72.581947
-240.637665 -515.367920 -56.593262
-212.782593 -544.356995 -95.929291
-216.923157 -505.641998 -89.288063
-218.412430 -485.996246 -84.250969
-244.951584 -434.645294 -8.386314
-228.638199 -354.251312 6.574347
-223.368988 -343.201477 -12.373559
-228.119110 -364.677155 -13.682927
-210.522446 -356.557953 -55.347889
-219.700272 -355.834320 -33.833057
-209.017059 -337.140472 -49.650551
-216.157593 -336.873901 -32.114155
-185.300079 -308.557922 -81.171143
-202.015869 -307.503784 -51.675652
-209.413422 -321.963470 -41.312088
-243.963974 -417.946777 10.308911
-238.496307 -396.348785 8.178472
-248.614655 -457.393311 -14.683441
-250.255798 -484.627747 -28.726536
-257.360931 -476.502289 7.490968
-256.977875 -492.580963 -11.583259
-255.272232 -502.823822 -23.345953
-24.139545 -8.641004 -106.870285
-37.000336 17.825094 -110.607841
-34.816128 50.956898 -114.798393
-79.335213 58.553886 -112.478111
-38.229149 67.748734 -116.346375
-42.278412 88.430573 -118.064087
-163.472382 -33.901237 24.510004
-141.263412 19.356119 -71.148293
-152.272659 33.094589 -64.937859
-138.896637 31.856916 -79.028008
-34.236588 -528.856140 -186.200760
-44.792950 -545.318665 -185.502472
-55.890987 -532.941589 -183.828934
-63.582489 -556.368652 -182.409470
-74.028618 -542.758972 -180.544937
-13.150509 -352.395172 -171.312424
-17.619541 -370.615265 -173.769012
-49.843674 -413.130585 -175.603561
-9.541027 -402.361145 -177.107071
-50.889439 -448.798920 -178.128372
-14.476169 -448.446777 -181.130035
-14.907243 -469.087646 -183.066910
-18.023464 -489.416809 -185.008606
-30.215754 -457.295715 -181.207245
-150.756699 -549.124634 -148.659424
-94.804962 -541.585815 -174.663422
-97.408806 -522.109924 -173.279999
-204.048553 -529.545410 -105.540474
-177.001022 -515.588379 -129.346832
-208.089218 -264.511627 -10.446653
-214.120667 -298.893158 -7.771120
-217.146988 -303.438202 8.914342
-195.976318 -212.345322 -26.950781
-199.896805 -203.361176 1.911907
-184.390717 -239.930923 -62.613636
-193.078430 -228.092255 -41.722942
-205.394653 -241.763107 -2.177755
-189.240601 -190.102783 -36.784473
-18.001944 -275.061554 -160.180893
-38.947800 -242.783051 -153.492233
-73.331528 -266.759705 -151.691025
-55.111160 -251.536224 -153.225571
-73.796295 -244.163528 -148.302170
-46.338692 -265.928711 -156.540344
-50.658993 -229.529282 -149.645294
-30.803305 -197.968491 -145.220581
-19.796614 -179.284286 -140.870331
-82.286308 -222.651245 -142.125473
-19.954165 -332.494720 -168.180420
-164.178833 -76.844238 -20.838442
-175.893616 -112.061974 -15.580830
-26.780628 -105.460060 -123.684029
-39.519215 -94.506126 -119.936150
-36.434990 -74.685432 -115.878571
-53.549725 -133.909317 -127.074677
-60.767132 -101.494705 -117.686104
-216.606171 -527.829285 -91.368111
-207.084351 -513.047180 -101.384964
-192.842300 -505.164734 -114.839302
-184.066559 -492.828918 -121.052246
-248.702026 -439.855347 7.236533
-186.302246 -354.662170 -91.725517
-200.437408 -341.959595 -68.031342
-240.215317 -413.757599 -6.462341
-252.689148 -473.186127 -13.389899
-236.578201 -465.579102 -51.765835
-231.028229 -481.534943 -66.393021
-40.134785 -22.147661 -107.346687
-67.624649 44.938354 -112.381332
-165.416183 -52.372658 19.505426
-86.287468 18.421011 -103.857613
-110.274117 -2.772900 -90.336449
-137.914856 -7.615448 -67.243103
-50.362766 -509.403290 -183.769012
-34.396851 -501.216644 -185.159424
-49.244671 -378.278320 -171.808380
-33.279713 -366.202209 -172.435974
-15.322448 -424.547546 -179.108170
-31.233826 -479.514465 -183.633682
-139.823944 -512.600525 -154.035233
-159.004227 -522.448792 -142.936752
-154.461563 -504.846558 -144.451889
-155.674118 -482.600311 -141.469284
-140.067078 -486.980072 -151.472458
-120.550194 -516.652466 -163.924835
-123.965858 -494.493286 -160.575241
-181.938110 -534.485779 -126.210571
-185.370041 -138.756104 -3.488097
-179.555557 -132.085983 -22.534811
-180.849289 -153.904663 -37.212887
-26.834496 -263.445129 -158.044449
-37.490688 -284.730865 -160.363098
-42.008720 -213.104340 -147.628952
-169.171234 -113.595779 -37.044029
-166.329269 -95.601326 -30.230740
-14.867672 -62.495659 -114.211136
-32.618317 -50.741180 -110.728813
-39.888290 -165.220795 -135.596817
-41.486420 -181.246124 -140.084412
-61.497963 -79.742477 -112.581604
-52.974529 -62.743076 -110.843475
-47.239750 -114.490288 -123.550148
-64.206604 -121.054848 -122.101471
-209.133865 -284.270905 -20.950674
-210.777435 -304.352325 -27.686893
-195.227402 -316.572815 -67.562035
-244.921097 -468.863159 -34.832203
-241.833435 -490.282379 -49.740326
-224.636780 -464.286285 -70.893204
-212.105957 -460.647583 -86.929764
-204.516205 -476.953583 -98.484665
-202.210129 -492.346954 -103.849113
-198.288803 -455.753601 -101.656937
-173.919846 -454.389221 -124.468201
-186.771118 -445.554840 -111.256096
-170.190170 -471.967102 -129.589783
-188.080719 -468.288361 -114.037514
-61.420513 -23.887497 -104.959625
-53.727070 -38.690231 -106.413132
-70.621529 -48.255985 -103.932144
-49.319332 -10.138348 -106.188332
-165.509613 -63.120739 -1.614918
-163.613007 -49.180218 -4.423999
-110.770279 17.330301 -94.143341
-93.373108 0.586235 -99.063354
-71.493401 27.206392 -108.903587
-59.749344 16.273184 -109.082748
-74.236977 -12.597295 -102.776009
-98.620346 -18.739929 -94.194618
-127.460640 6.230849 -79.383781
-121.025208 -16.212919 -82.436996
-114.186394 -33.944595 -84.265526
-134.460388 -27.006233 -67.832634
-146.933990 -23.236395 -51.408615
-152.157257 -6.367671 -46.473423
-74.295212 -347.511536 -162.699417
-44.979671 -398.785339 -174.798447
-57.388393 -428.960541 -175.662476
-149.519806 -466.816254 -143.688889
-186.627945 -151.484619 -17.287651
-158.875336 -158.425156 -75.575714
-74.711830 -135.844040 -122.549538
-78.382462 -113.159973 -115.745949
-202.157898 -285.197876 -43.202030
-184.060623 -259.121796 -69.845337
-232.393219 -500.396301 -67.824448
-67.760612 1.471832 -105.791458
-91.388466 -39.228142 -96.165443
-140.437302 -70.639175 -62.606140
-89.449638 -387.486908 -162.730133
-69.658119 -379.367584 -167.825882
-126.881584 -468.388031 -156.636047
-171.252213 -156.984604 -57.845932
-181.427414 -219.821259 -62.612930
-93.515518 -125.864685 -113.366669
-185.850479 -282.675598 -73.210197
-177.776703 -295.653015 -88.256912
-171.051514 -308.464783 -99.097267
-181.799652 -325.262756 -90.058022
-177.008591 -371.054138 -105.874245
-77.662506 -59.661171 -103.981247
-88.415070 -73.365807 -102.914719
-148.704926 -53.346954 -48.600983
-124.760361 -108.161011 -90.405800
-66.686691 -328.621552 -161.985062
-76.534744 -399.077209 -168.280106
-117.103348 -420.029205 -154.782227
-107.746559 -373.310181 -153.727356
-96.020584 -410.584137 -162.891479
-111.559570 -397.986572 -154.924316
-132.821396 -407.647034 -144.996216
-86.965599 -366.616211 -161.278214
-114.174637 -335.824768 -146.124832
-112.946320 -353.619141 -149.162338
-67.226219 -363.348480 -166.496399
-73.513268 -443.958069 -173.094650
-103.596626 -434.553619 -162.279724
-172.480408 -238.078552 -80.542686
-183.277756 -174.330582 -44.497894
-160.452667 -177.104568 -81.184090
-171.007751 -177.749863 -67.776482
-181.575729 -197.459549 -57.471424
-151.073883 -322.942383 -120.350243
-206.168274 -378.345795 -69.787781
-144.084808 -37.944080 -53.581554
-130.275192 -42.136524 -70.736694
-137.222748 -55.018944 -64.814659
-153.271667 -69.367104 -42.762875
-99.250870 -87.790482 -100.744698
-117.168221 -89.954239 -90.350327
-136.398361 -89.578323 -73.635124
-51.530746 -356.906250 -168.960419
-124.077003 -366.196625 -144.861099
-140.338287 -449.011078 -146.961960
-136.136612 -427.707855 -145.973984
-148.997101 -409.720001 -135.188705
-173.150681 -434.016541 -121.354401
-154.509888 -429.344757 -134.832001
-170.874207 -407.673706 -117.933411
-181.955719 -390.735626 -104.427849
-203.288025 -436.709930 -92.768227
-211.123398 -428.173950 -81.069733
-201.231552 -414.286011 -89.892075
-70.247780 -461.020203 -176.025009
-106.418938 -480.827332 -167.183990
-170.224976 -134.747772 -46.717987
-174.542130 -253.186462 -82.104828
-172.029221 -204.408325 -74.475822
-188.623703 -207.933426 -45.572369
-165.601242 -327.787415 -108.186676
-157.723221 -310.290802 -112.622681
-138.999603 -312.555145 -128.088776
-156.546722 -341.733948 -119.070351
-137.391113 -333.451843 -132.629532
-161.184967 -361.582275 -118.991295
-151.767181 -375.322052 -128.794388
-139.183502 -368.415009 -136.344635
-167.865662 -387.482544 -117.571861
-157.421738 -395.526550 -126.823486
-174.109589 -346.783112 -103.963455
-198.758057 -356.467590 -75.015175
-191.858002 -371.020874 -88.080208
-119.845543 -51.984402 -81.373924
-128.246628 -72.687401 -77.087036
-101.577499 -103.917946 -103.605080
-110.704193 -122.857063 -104.066841
-148.463913 -87.384056 -58.436680
-157.551071 -101.801247 -50.593204
-156.997543 -86.267776 -44.284573
-158.790604 -119.033600 -58.043007
-127.495125 -349.377106 -140.888443
-143.876129 -351.281189 -130.529083
-230.188492 -445.887299 -55.367146
-240.349075 -447.162628 -32.769730
-224.888214 -402.473328 -46.043381
-213.707458 -405.279236 -69.092827
-96.876961 -350.748383 -155.636002
-90.335503 -332.309906 -155.806427
-58.037640 -308.601959 -160.914352
-90.379280 -451.876862 -169.325165
-107.980682 -459.200317 -164.049561
-86.336609 -470.198334 -172.929733
-72.342743 -485.403412 -178.115219
-51.858105 -488.437988 -182.191437
-66.729813 -503.842834 -180.634552
-88.687798 -487.950348 -173.978821
-83.819702 -506.665466 -176.824432
-103.007378 -502.463928 -170.131393
-100.908775 -315.663422 -149.515808
-123.270699 -318.043915 -138.878113
-89.758408 -297.236145 -151.362686
-110.561378 -296.917023 -142.820023
-128.001068 -298.767700 -133.426346
-55.233021 -290.608093 -158.857162
-85.607468 -283.044220 -150.758224
-124.565254 -385.410004 -146.980789
-137.996796 -391.311005 -140.025986
-198.068466 -393.872711 -87.254829
-102.598679 -55.214123 -93.526993
-111.223419 -71.988510 -90.798775
-124.148735 -130.606110 -97.526299
-144.633255 -105.516975 -70.002701
-142.539276 -123.237053 -79.406311
-157.540146 -136.956589 -68.090179
-233.862091 -428.024902 -39.557590
-134.149323 -284.827698 -127.511818
-71.644501 -297.670837 -156.610794
-141.964828 -141.742386 -87.399010
-89.332809 -253.155914 -145.241379
-94.984344 -267.932556 -145.126953
-128.387833 -263.036133 -127.881538
-120.942177 -277.317871 -134.543747
-108.155327 -258.234894 -138.522354
-144.165604 -254.970337 -115.102318
-161.582596 -265.221161 -100.203316
-130.222000 -243.327316 -123.902908
-160.028992 -250.672791 -98.936012
-145.402893 -273.185760 -117.112152
-160.771194 -288.013519 -105.578316
-173.067871 -273.542267 -88.631775
-125.905380 79.240982 -99.299591
-136.264923 60.423161 -89.303276
-96.177643 67.487358 -110.062309
-145.676407 45.552940 -77.573883
-102.545044 80.988701 -109.978203
-101.556458 50.358078 -105.570297
-124.715385 42.015457 -92.890488
-106.325714 32.046513 -99.832680
-86.182640 38.085094 -107.770950
-157.617401 -22.646627 -29.600405
-152.631897 -35.884663 -39.016071
-161.552139 -33.883659 -12.276140
-37.669365 110.549309 -118.968056
-194.836853 -250.970627 -46.573086
-201.970963 -267.923492 -34.906395
-201.431213 -245.703552 -25.732759
-78.442986 -187.365387 -134.907242
-100.704765 -178.461685 -124.655212
-103.104446 -158.849670 -118.075165
-86.652718 -146.979218 -121.546928
-82.082855 -165.722778 -127.735657
-60.371117 -173.518082 -135.244339
-144.382904 -165.035324 -93.303101
-124.061501 -170.239166 -109.778381
-115.296661 -189.600449 -120.459000
-159.463303 -57.275600 -23.868650
-157.715637 -41.604458 -26.171478
-168.267563 -222.708771 -82.921310
-44.695095 -327.059235 -165.328995
-103.701546 -220.575623 -134.291611
-120.296837 -207.234161 -122.666946
-97.652588 -240.635071 -140.885986
-144.316513 -211.207367 -106.880539
-129.473694 -225.355148 -121.463165
-147.539703 -235.029449 -108.857101
-150.569901 -192.224030 -96.317841
-162.519501 -191.852814 -83.691933
-157.181946 -210.363205 -94.184990
-135.601929 -191.326370 -108.098610
-143.738205 -179.727631 -98.552498
-94.135963 -202.084427 -133.512482
-68.907715 -208.205948 -142.259888
-124.207657 -152.077332 -104.712646
-105.754913 -142.586838 -112.009880
-170.147217 83.214546 33.702015
163.535522 79.969765 65.828606
172.073502 87.768684 34.979702
155.570053 106.550575 79.848183
39.622601 55.266300 153.642090
114.606384 81.100807 140.957474
89.253632 209.513184 -102.573891
158.465881 89.322441 -74.562920
177.109818 70.910095 -3.413323
178.795898 79.407639 3.525285
147.576157 102.783615 -86.142952
173.276245 55.852402 -7.837741
-101.166435 253.008301 -73.738068
-171.622772 65.695816 -51.882374
-164.458237 34.243347 -42.707108
-167.943344 78.684601 -64.028252
-179.603516 64.789116 -26.377441
-184.084930 74.954887 -22.210085
-179.983337 75.224442 2.732758
-162.328979 74.673332 -68.607277
-116.329315 62.868042 -101.546600
-247.838303 -430.675568 31.640768
-167.099777 -507.821930 201.529922
-135.512985 269.893799 -0.928163
-115.994591 -504.930450 232.161316
-185.796906 -430.300690 164.419739
-60.254044 -436.449005 236.709244
-50.270515 -464.410614 246.524536
7.941494 -380.974335 233.862518
-199.728973 -224.894424 46.484245
-114.386665 -15.063766 115.941513
-216.493393 -349.753693 84.264343
-84.507744 -159.713760 164.857895
-96.305450 -90.008842 145.224197
-166.201065 -261.314880 129.125320
-181.942032 -333.956238 134.557190
-146.875061 -109.983429 102.251457
-163.117676 -163.591705 98.971954
-191.123627 -357.080750 133.318527
-83.729668 -246.778641 183.322525
82.436066 -514.022278 262.322144
206.648300 -420.246307 168.563660
50.450771 -396.172241 236.243469
22.250338 -178.617081 191.536926
222.280563 -390.002991 129.892654
84.798042 -148.670013 170.088425
207.681381 -382.972870 149.504211
202.334900 -289.092499 107.883141
64.932304 181.689835 -111.253845
115.014671 113.789078 -106.641708
-8.887353 153.919327 -114.800537
141.726807 3.476289 -57.346210
42.522766 152.350159 -115.406555
206.138992 -236.578781 21.681971
20.612291 -440.611267 -178.623444
90.402733 -537.089783 -167.926376
101.260498 -550.403503 -163.306732
46.857533 -442.363556 -174.475006
-7.872500 -199.041214 -145.857391
173.748322 -105.459213 -11.648712
165.044540 -53.533951 16.324738
80.606888 -277.365662 -145.758667
207.590775 -460.299469 -75.133217
129.240219 -451.479645 -142.670135
172.524506 -419.405975 -105.809975
42.477242 -308.536163 -160.237900
125.048012 -112.351898 -86.339783
114.642426 -136.616531 -100.856590
85.510231 -145.396072 -117.578629
104.260979 -306.536469 -138.484436
124.049500 -314.521393 -128.023682
92.530876 -259.062225 -139.543793
110.986603 -255.838806 -130.025467
205.268478 -285.582520 -21.437750
-209.547775 -261.242615 9.341754
-113.520462 94.573891 -107.279259
-266.518127 -526.006897 10.572236
-29.783560 146.769135 -116.424500
-113.665649 -537.935486 -167.533783
-132.267899 -560.043335 -158.410980
-194.587662 -191.582855 -19.815397
-189.271042 -168.831451 -24.187271
-160.572769 -451.990082 -134.258575
-188.757309 -338.048431 -84.363144
-188.457123 -413.419067 -103.099243
-224.120071 -429.688751 -60.326485
-239.016022 -421.631134 -20.196823
-79.579315 -522.214111 -178.498947
-102.719383 -279.413635 -143.691940
-117.648605 -240.732590 -131.477875
-249.548615 -526.377441 106.395271
-34.529072 -301.419281 210.512054
-99.654968 -449.508026 226.065079
-44.253574 -390.080780 229.037155
-141.049805 -41.571629 87.601952
-147.704422 15.952052 79.432648
-141.524323 -62.241936 94.077049
-240.895493 -473.034637 105.169907
-104.602074 -99.061638 141.113464
-132.986801 48.790730 128.799362
-189.135101 -260.064026 95.278183
-65.830765 -249.450272 190.870819
26.274616 -527.713196 270.736053
199.473923 -510.531311 204.098328
247.368057 -415.351410 53.964123
92.314865 -377.528198 223.636398
227.958801 -430.021759 143.333817
24.078560 -245.709824 202.894211
155.581207 -383.959686 197.735779
39.876816 123.730461 -117.678268
25.911499 168.914917 -112.595009
55.934658 -84.112968 -111.619820
200.635132 -508.717651 -89.995773
149.326660 -532.067017 -136.403000
65.524567 -101.687965 -112.750557
219.009491 -431.271088 -52.015347
193.340378 -291.968597 -51.339554
190.610565 -364.864716 -74.304405
182.189941 -378.029449 -87.827324
200.366287 -306.181915 -42.780590
126.486420 -228.895493 -116.478767
117.956871 -234.429550 -123.214943
-179.373993 67.121086 -8.620304
-171.412262 50.627384 18.791145
-226.240433 -381.783661 -31.755295
-60.832718 75.785316 -116.619415
-222.857971 -327.152283 9.342488
-235.637161 -399.339813 -12.752164
-230.450943 -400.523773 -31.873144
-60.575470 -399.535583 -172.140366
-156.535583 -228.315033 -98.479980
-24.630327 -315.756256 -165.635498
-54.664356 -342.753418 -166.479767
-192.665512 -292.453674 -65.008232
-168.235260 -494.394684 -133.750595
-81.044876 -430.534637 -169.841675
-185.024002 -426.813843 -109.221092
-39.170383 -303.853149 -162.718475
-67.246101 -280.025757 -154.976807
87.100388 -319.311371 -147.823410
