72.164505 96.794136 72.448723 85.768661 58.075607 
72.164497 56.202236 75.356033 74.190857 88.524361 
96.794128 56.202236 60.020905 73.664246 75.740158 
75.356033 60.020908 68.103554 58.956764 58.827377 
74.190857 68.103554 66.643608 83.466217 72.072563 
58.956760 66.643608 65.525925 63.153404 63.218349 
72.448723 89.699989 56.970802 96.411255 72.231400 
56.970802 81.157143 88.695824 57.212044 84.246353 
81.157135 55.966850 83.553375 66.165024 84.633934 
55.966858 81.987236 68.494873 70.695900 73.414619 
72.072571 65.525932 74.448914 73.593254 72.459686 
85.768661 96.411263 97.404579 80.625381 59.385696 
88.695824 83.553375 55.530609 57.390541 106.488434 
57.212044 97.404572 55.530609 97.028839 85.528122 
68.494873 68.222916 56.434834 68.849724 72.147102 
58.075607 92.573105 73.664246 69.231110 90.511063 
83.500862 72.231392 84.246353 66.165024 70.695908 
73.414627 57.390541 68.222923 82.610001 74.735275 
63.153404 65.383575 59.865337 69.704086 66.097382 
68.131439 65.383575 69.082718 58.586868 63.125683 
80.786026 69.082718 74.648071 76.972519 70.325516 
82.001251 94.039139 86.677536 60.117409 68.259933 
94.039139 72.945770 58.145405 54.792519 102.430809 
93.765579 86.677528 93.584435 55.746090 91.319206 
105.592361 72.945770 93.584427 97.456673 83.574631 
103.134079 73.951027 58.683323 105.294220 58.450642 
97.456665 73.951027 105.771927 72.292130 72.291435 
99.502441 62.285439 96.677246 81.799255 65.156525 
67.873375 92.575943 65.815102 68.888153 94.157227 
94.453400 100.294998 57.976334 101.291115 97.783150 
72.292137 96.029182 99.609367 74.592911 51.213623 
67.873367 65.968430 60.085175 59.677704 70.088478 
58.145401 58.683319 81.405151 101.958572 64.196053 
55.746094 83.574638 96.029190 102.127197 74.988823 
65.968430 73.716660 64.406563 81.118805 65.399643 
99.609367 77.171387 66.820435 70.954437 65.239075 
54.792522 81.405151 87.824799 65.201851 58.338364 
60.313835 58.655151 93.090958 79.571060 73.488937 
58.586868 79.979919 57.848068 63.869980 63.369759 
77.171379 87.812561 67.156471 70.760719 105.039474 
74.592911 50.535809 70.446907 95.349258 64.532806 
64.574455 56.728653 86.254425 65.001434 57.664436 
60.313835 64.574448 69.039215 88.300674 58.821419 
85.588295 69.039207 74.554176 58.752384 79.568291 
76.132492 73.509918 72.955887 58.144218 78.141747 
51.213623 87.812561 50.535812 82.462326 100.333313 
97.971680 83.121506 57.443161 64.228043 74.259377 
100.294991 74.988823 66.820435 65.867165 78.677956 
70.954430 67.156471 62.519600 69.085419 82.055954 
65.239082 65.867165 87.113853 85.585159 82.708397 
92.575943 78.871887 76.033012 88.850662 86.859177 
58.453941 65.329834 66.136932 60.162781 84.072968 
58.453941 59.771336 67.917297 72.030655 92.142082 
72.459686 56.434834 74.554176 68.484802 75.584747 
65.815102 78.871887 97.896202 77.202316 97.629906 
83.524887 88.497208 75.034714 66.908897 64.822647 
59.945793 79.567673 70.089279 84.889847 58.696877 
85.711349 56.581135 58.814751 78.142197 69.207199 
72.047226 53.484089 52.532574 68.960167 73.069527 
72.047226 66.741867 79.612679 60.854580 68.979805 
83.524887 66.741867 73.306885 81.043335 102.214226 
63.975105 96.543777 76.292023 71.007523 85.050125 
94.078659 63.498314 68.563141 52.164322 54.019276 
59.771336 58.574642 93.835724 84.914574 93.320038 
88.497208 59.945793 71.845627 64.031448 74.564980 
53.484089 79.612679 84.723701 72.154449 68.493484 
84.723701 77.743225 64.277893 91.888428 99.409393 
79.819641 91.964638 69.989914 61.675331 79.277641 
104.581108 73.306885 71.845627 102.613640 83.289368 
72.154449 77.743225 92.929497 88.164619 67.115501 
79.819633 80.618805 81.139236 85.720169 67.673294 
63.498322 66.779556 74.919060 79.401932 61.929756 
70.541321 66.175446 95.902390 54.955521 95.359558 
74.648071 60.117409 54.222397 63.895500 66.901550 
64.031448 102.613640 104.016418 68.254051 56.478844 
92.929489 100.607872 85.666580 84.611778 71.904152 
80.618805 59.977715 80.965813 67.866379 103.235336 
59.977715 58.941822 74.620361 62.502323 69.184929 
88.164619 100.607872 66.527878 55.438381 75.805862 
104.016411 80.965813 58.941822 56.739449 101.959259 
81.043335 69.371834 78.000229 61.106037 83.488754 
60.854580 91.194160 66.527878 69.371834 91.620560 
55.438381 90.474045 92.921219 73.191216 107.785286 
75.805862 78.000237 90.474045 73.654839 54.455387 
83.289368 61.106037 79.785553 95.518433 71.964500 
74.620361 56.739449 79.785553 77.394333 52.801041 
68.386528 87.124680 56.410805 82.831161 76.021576 
68.386528 63.261963 85.638954 52.820122 55.333015 
73.654839 63.261963 55.753597 76.165237 75.377380 
73.191216 55.753597 64.559708 56.813835 106.791138 
87.124680 57.018494 55.966766 76.559158 76.970963 
57.018494 95.038132 84.250626 54.655350 54.030293 
62.502323 77.394333 55.966766 59.870796 81.368660 
64.559708 101.938004 104.459000 55.661976 68.981049 
52.801041 56.410805 85.638962 76.559158 92.178467 
82.831161 52.820122 76.165237 68.830078 73.375107 
75.377380 56.813835 87.339935 71.194359 94.000969 
76.021576 84.250626 86.552666 70.585228 68.361526 
71.194359 103.469162 90.261826 87.554390 61.740894 
103.469154 72.682877 81.119263 67.539635 111.900833 
103.630386 68.830078 86.552658 63.407536 63.798309 
111.245010 90.261826 128.542908 65.460991 64.744598 
72.682877 97.328430 72.506226 105.356728 87.720901 
63.407536 97.328438 118.309654 68.092941 63.537140 
81.119255 65.460991 100.978119 110.399193 69.145691 
72.506226 68.948059 75.075806 94.605583 78.899483 
105.356720 68.092941 68.948059 100.054100 60.114334 
100.978119 66.503403 78.172668 103.248398 72.234810 
67.539635 75.075806 66.503403 83.740723 67.095016 
94.605583 100.054092 78.172668 57.030701 82.422531 
69.989914 81.139236 68.254059 103.928955 77.280060 
85.666580 67.866379 69.184929 67.087395 74.513565 
70.585228 87.554390 111.900833 87.720901 64.795868 
95.491776 64.277893 61.675331 85.720169 66.779556 
83.488754 54.455387 71.964500 55.333015 92.178467 
76.970970 54.655350 59.870796 55.661976 55.228115 
73.375107 94.000961 111.738823 63.798309 64.744598 
84.611778 81.368660 68.981049 67.087395 55.228115 
64.196053 87.824791 70.541321 70.892517 73.887886 
52.532574 68.979805 71.076523 75.908806 79.774643 
85.585159 64.351425 95.728088 52.958363 102.964058 
58.655151 79.979919 51.344917 70.567398 77.063713 
83.121506 68.348839 66.431671 59.389427 96.323738 
70.446899 76.132492 82.462326 90.963455 60.642265 
62.519600 82.708397 64.351433 67.406479 79.458733 
72.291435 101.657738 95.349258 76.033012 86.800133 
62.285439 94.829910 69.513191 72.906502 103.644142 
63.125683 76.972519 91.319206 57.848068 91.659866 
68.960167 71.076523 73.529213 50.033577 75.981049 
73.716660 63.975105 66.175446 63.985023 70.469971 
79.567673 74.564980 56.478844 77.280060 78.364059 
91.888420 67.115501 67.673294 71.904152 74.513565 
54.030293 105.104179 68.361526 61.740894 64.795868 
96.677238 95.728088 67.406487 69.513191 59.177597 
81.799255 57.976337 78.677956 102.450584 72.906502 
101.291115 69.085419 79.458725 103.644142 68.594322 
65.329834 67.917297 75.908806 73.529213 58.009884 
58.574642 74.919060 57.525188 73.416435 74.752380 
63.537140 69.145691 60.114334 103.248398 106.827698 
73.069527 68.493484 81.113365 50.033577 69.520279 
58.450638 68.888153 60.085175 95.902390 64.635452 
64.532806 57.443161 68.348839 90.963455 86.800125 
100.250854 60.354080 73.274162 76.463806 72.724464 
81.190834 80.939407 65.584724 92.364761 62.852940 
58.183731 64.662971 71.609451 62.298279 65.081703 
60.354080 80.939407 58.183731 81.057968 72.373123 
73.274155 81.057961 63.974323 59.007175 77.737465 
65.584724 76.803978 97.518692 102.511841 58.353672 
76.463799 92.364754 63.974327 76.803978 82.598526 
62.852936 64.662964 95.843262 82.598526 73.911568 
71.609451 72.373123 59.007179 83.490799 57.036377 
59.177597 77.737473 99.320755 83.490807 102.362450 
52.958359 62.298286 73.911575 102.362450 60.638325 
65.156517 65.081703 99.134651 57.036377 60.638325 
88.850662 66.431671 60.926529 79.861008 66.582115 
85.711349 60.926529 61.270164 87.210526 61.572979 
66.136932 92.719513 64.312576 84.251953 97.619942 
60.162781 72.030655 77.202316 92.719513 60.850010 
68.563141 79.401932 57.525188 58.276932 68.244339 
99.331947 52.164322 58.276932 54.574848 60.201103 
80.537483 87.592400 63.869980 58.752380 51.344917 
63.369759 70.567390 91.659866 90.351151 91.746773 
79.571060 70.760719 82.055946 77.063705 68.594330 
72.724464 103.536682 102.511848 75.749992 79.887932 
93.691742 58.353676 75.749985 62.022575 58.767513 
63.194214 66.218788 72.480896 81.435394 65.977028 
79.887932 62.022575 63.194210 54.999039 74.572395 
58.767517 66.218781 54.999039 64.222748 105.068863 
72.480896 106.046555 100.566795 118.317619 105.043785 
81.435394 64.222748 106.046570 100.247360 54.448746 
105.772598 147.033295 100.566803 100.247368 119.705132 
93.726990 105.068863 118.317619 54.448746 119.705132 
65.977020 74.572395 115.623787 105.043793 130.380325 
68.259933 65.201843 54.222393 69.815521 83.914787 
56.728657 58.821415 68.484795 78.000725 54.274269 
86.859184 101.244019 79.861015 64.312576 92.175980 
64.406563 76.292023 93.711601 73.416428 68.244339 
59.677704 81.118797 92.142090 84.914574 60.850010 
73.488937 86.254433 90.839447 73.509918 60.642262 
59.389427 66.582115 61.270164 57.659622 66.061722 
65.001434 72.955887 78.375214 68.824898 72.449150 
58.338367 70.892517 69.815521 70.179077 68.403778 
59.865341 70.325516 63.895500 84.909767 62.854507 
75.034706 79.774643 89.214157 56.105904 59.589714 
84.072968 58.009884 84.251945 56.105904 68.696335 
66.908897 70.089279 91.858360 54.210476 72.612877 
64.822647 59.589714 68.696335 54.210476 100.697884 
56.581135 97.619942 92.175980 93.786819 74.727325 
91.960587 58.814751 72.612877 74.727325 59.576698 
78.142197 59.576698 84.848412 76.265732 61.903595 
58.827377 63.218353 69.704086 82.262718 65.500786 
78.899483 83.740723 85.998283 53.968853 90.224861 
57.030701 85.998291 68.577675 85.362167 63.858604 
72.234810 67.095016 68.577675 79.299004 75.329132 
53.968853 85.362160 61.759869 99.156868 67.958481 
73.187553 67.328712 84.936348 119.209625 139.382874 
73.187553 87.798615 55.617996 127.442917 100.166397 
67.328705 87.798615 77.375992 71.722015 121.429550 
79.299011 61.759865 64.221840 68.575783 66.038200 
63.858604 75.329132 64.221840 80.353973 57.942593 
84.936348 55.617996 77.375984 78.919250 57.891758 
71.722015 68.575783 80.353973 78.919250 71.179718 
95.059219 57.942593 71.179726 67.876297 105.678070 
99.791061 109.784729 87.744247 67.876297 87.045914 
99.156860 66.038200 57.891758 87.746941 59.749638 
67.958481 85.909622 105.678078 87.045914 59.749641 
93.320038 61.929756 75.981049 74.752380 69.520279 
70.088486 65.399643 54.955521 63.985023 64.635452 
58.144218 64.228050 78.375214 60.021694 81.407745 
69.231110 55.759727 57.923435 52.783028 98.790558 
90.511063 55.759727 58.720566 68.185417 86.781143 
75.740166 92.873436 82.262718 58.720562 76.052132 
68.185417 76.052132 67.480362 77.964615 96.162285 
72.886826 65.500786 67.480362 66.022552 57.238842 
57.923439 62.211300 55.257992 79.379204 75.796120 
80.625381 93.926964 52.783028 62.211300 68.274536 
97.028847 55.257992 79.126648 71.435699 84.726997 
82.610001 101.438278 79.126648 54.509277 56.277863 
68.849724 74.735275 54.509277 74.566673 67.055763 
72.147110 75.584747 77.964622 66.022552 74.566666 
59.385696 85.528122 79.379204 68.274536 71.435699 
86.781136 75.796127 84.726997 56.277859 67.055756 
66.097382 84.909775 57.238846 53.951565 68.895325 
88.936378 53.951561 84.935295 89.747200 52.324326 
101.272095 89.708664 87.389709 57.067947 66.090622 
89.708664 68.638084 99.500656 70.280434 72.234245 
84.935287 86.805481 66.049759 57.451309 58.709568 
68.895325 89.747200 93.951859 71.873802 91.278481 
102.824043 68.638084 86.805481 94.430382 68.303352 
99.500656 75.006989 98.015465 64.157272 81.341873 
94.430382 75.006989 65.603912 75.244011 50.900658 
86.799004 62.704819 79.203712 101.560349 66.713371 
66.254814 50.362930 52.728859 53.202354 87.749161 
67.775673 65.922707 60.047237 56.587440 89.884674 
65.603912 79.247551 73.929832 64.557365 96.661369 
66.254814 54.685028 56.863396 57.980469 54.980377 
66.049759 68.303360 79.247551 78.672302 67.371300 
68.795944 68.429695 60.920338 65.821877 59.181744 
79.135826 68.591484 76.477325 66.430092 77.399681 
73.887878 70.179077 70.280434 86.035461 82.256897 
59.137192 86.617554 70.314835 72.032486 55.313461 
79.135834 69.712013 70.559151 88.323090 59.650597 
73.929832 83.642288 79.114075 94.314301 74.541855 
57.664433 68.824898 61.682465 70.725906 59.954521 
88.642929 54.274269 59.137184 61.682461 60.212925 
82.446831 84.057770 91.424072 86.617561 60.212925 
78.141739 72.449142 60.021694 70.725906 52.944855 
64.557373 87.954765 69.712006 83.642288 92.418068 
74.259377 81.407745 91.082809 88.314056 79.830070 
78.672302 68.591492 60.714226 62.866127 73.870415 
76.477325 70.559151 80.260071 82.818703 82.877937 
86.799004 66.430092 60.714230 61.875824 82.701889 
77.399681 80.260063 61.875820 68.873543 78.855408 
60.164055 85.553871 80.088898 88.934036 88.983025 
50.362930 96.876472 60.164055 63.825661 51.413391 
70.879395 54.973782 66.094940 61.524719 62.528824 
70.879395 63.202938 94.507484 76.398361 87.076569 
81.271698 74.039246 62.415184 62.008781 59.016182 
58.696877 78.364052 84.848404 71.868408 86.873428 
69.207199 87.210526 76.265732 57.961205 62.087376 
52.728859 54.685028 63.825668 56.521854 52.110886 
53.859238 104.416901 51.832188 67.877121 86.717773 
81.271698 74.233322 76.238411 95.752670 89.127457 
71.007523 68.429695 76.286835 93.077591 55.133766 
54.019276 54.574848 82.823471 63.438423 70.682686 
63.202938 63.926727 92.733536 96.204132 78.632698 
53.859238 76.591400 85.389603 102.317200 81.880188 
76.591400 69.671799 76.268028 69.813156 95.143341 
101.799332 74.039246 98.993088 74.233322 59.456825 
76.238411 85.389603 93.878654 77.799980 100.844933 
69.671799 121.644012 82.685562 77.376801 97.023895 
82.823463 63.926727 90.458588 61.273144 99.399551 
104.500618 101.419640 86.035461 67.539665 81.675064 
66.901550 62.854511 93.210045 57.067951 76.112556 
102.317192 76.268028 79.974976 108.529503 87.783356 
93.878654 79.974976 93.848381 55.945702 73.067375 
105.440155 109.621414 79.648796 62.926056 64.255478 
77.799980 93.848381 81.264503 60.864307 83.624283 
55.945702 61.942009 74.313789 90.681412 101.875725 
73.067375 81.264503 61.942009 98.996689 55.956154 
79.648796 60.864307 78.586784 85.715996 55.748783 
62.926056 78.586784 95.301361 65.069595 99.011192 
55.292969 57.461918 63.707104 73.735825 72.895859 
55.292969 60.461922 57.851704 70.595665 61.590771 
60.461918 57.470398 71.949585 62.777443 75.790756 
74.313789 57.470398 64.756546 95.246841 84.192650 
57.461922 59.652657 59.959148 56.911877 101.732559 
59.652657 80.608047 81.288803 61.802299 90.148109 
64.756546 80.608047 69.258377 100.390045 88.787979 
90.681412 55.956154 57.851704 71.949577 60.118248 
85.715988 63.707104 70.595665 60.118248 82.742165 
65.069595 93.099426 59.959148 81.288803 82.742172 
95.246834 61.802299 69.258377 76.182983 101.785172 
73.735825 56.911877 55.679462 102.355644 69.456268 
72.895859 61.590771 55.679462 55.423084 60.926926 
71.070564 62.777443 55.423080 76.544243 90.585678 
75.790756 76.182983 76.544243 66.951492 71.079437 
119.872574 109.889175 74.659912 109.825951 113.725006 
90.585678 66.951492 65.541565 63.016911 105.275627 
119.872574 114.443680 72.233978 77.198021 87.701996 
102.355637 60.926926 103.593124 79.612991 61.569195 
109.889175 65.541565 124.871086 73.174026 91.923347 
101.785172 71.079437 74.659912 63.016911 78.712784 
72.233978 92.921570 79.032654 78.330139 95.842712 
77.198021 79.612991 92.921570 109.199692 64.701828 
120.167664 73.174026 64.434509 54.267811 89.858337 
109.825958 64.434509 79.585342 59.806664 89.534683 
79.032654 54.267807 108.715210 66.524490 104.451294 
82.685562 109.383865 135.360779 81.149490 72.285080 
99.011192 90.148102 100.390045 81.149490 84.853989 
107.803284 69.456268 87.701996 105.864746 78.712784 
124.820602 69.813156 77.376801 64.400146 69.536774 
87.783356 101.875725 88.787979 72.285080 84.853989 
94.507484 51.832188 70.660515 87.332123 79.159111 
96.746124 71.873802 67.775665 69.614006 56.534126 
91.278473 70.314835 81.231567 57.935806 85.682159 
96.323738 57.659622 88.314056 67.099731 66.366180 
103.913605 79.114075 52.944855 92.423615 61.298351 
68.403778 66.090622 72.234238 82.256897 76.112556 
75.244011 94.314301 85.553871 51.187279 68.145386 
79.277649 63.438423 97.023895 90.458595 64.400146 
62.704819 96.596420 104.330322 103.599136 59.498302 
76.398361 67.877121 92.733536 70.660515 86.633934 
85.050125 70.469963 76.286835 67.539665 93.430115 
79.203705 65.922699 62.866119 82.701881 79.628029 
68.873550 65.409019 95.030647 64.298416 85.861481 
82.818703 96.248199 75.730339 70.571884 61.140617 
54.973782 87.076569 87.332123 56.491451 64.274338 
95.752663 59.456825 64.255478 83.624283 55.748783 
105.006294 96.470963 61.569195 91.923340 64.701828 
56.863396 60.920338 81.675072 93.430122 66.991768 
64.157280 53.202354 57.980469 66.991768 67.812706 
81.341866 50.900658 87.749161 51.187279 67.812698 
74.541855 79.830070 80.088898 67.099731 68.145386 
86.717773 81.880188 95.143333 69.536774 86.633934 
82.877937 93.257126 59.498302 65.409019 75.730339 
82.105217 62.455994 74.036011 104.028168 74.476288 
82.105225 82.886635 83.443161 75.631752 84.586365 
59.725937 70.886597 73.536087 76.481728 63.027641 
62.455994 83.443153 59.725937 79.764984 70.081741 
74.036011 79.764984 70.271042 57.428642 76.771866 
104.028160 75.631752 82.362350 114.458466 88.918045 
84.586365 70.271042 82.362358 90.501869 55.898865 
70.886597 70.081741 57.428642 79.187279 57.695526 
95.030647 76.771866 90.501869 79.187279 57.654026 
78.855408 64.298416 73.536087 76.948227 61.310970 
85.861473 76.481728 55.898865 57.654026 76.948227 
66.713364 63.027645 97.721352 57.695526 61.310970 
61.572979 66.061722 88.934036 66.366180 79.659859 
66.094940 99.293900 78.346634 65.320801 51.203598 
51.413391 61.524719 56.521854 78.346634 71.444412 
62.528824 52.110886 96.204140 71.444412 55.606552 
60.201103 93.077591 70.682686 61.273144 71.344582 
60.047237 69.614006 81.231575 70.571884 73.115738 
57.451309 56.587440 67.371300 73.870415 64.144577 
88.323090 57.935802 61.140617 73.115738 80.402481 
52.324326 58.709568 89.884682 56.534126 64.144577 
74.476288 104.680977 114.458466 68.357803 72.693108 
88.918045 68.357803 92.998138 62.630299 68.871368 
67.650970 73.515511 74.918602 70.162323 62.463829 
62.630295 67.650963 56.786823 85.144234 105.314545 
73.515511 117.724983 61.156876 105.726234 107.279274 
74.918602 56.786823 89.983292 56.568096 54.300228 
72.693108 68.871368 85.144226 89.983292 87.115112 
70.162323 61.156868 56.568100 62.340401 88.558342 
111.349167 105.726234 114.211342 62.340401 139.724869 
108.973686 107.838974 134.655167 54.300228 88.558327 
105.662735 62.463833 105.314545 87.115112 106.391983 
88.983017 79.659851 65.320801 97.501167 91.312798 
65.821877 55.133766 99.399551 71.344582 80.819847 
54.980377 59.181744 68.093277 78.632698 55.606552 
72.032478 59.954517 83.171944 61.298351 79.612694 
55.313461 59.650597 85.682159 80.402481 79.612694 
62.415184 79.159111 56.491451 83.596779 58.650368 
62.008781 71.868408 102.697823 54.142498 74.877075 
83.167938 64.274338 51.203598 68.864334 83.265106 
59.016182 96.064049 58.650368 54.142498 68.864334 
57.961205 100.431320 91.312805 83.265106 75.060829 
61.903595 86.873428 62.087376 74.877075 75.060829 
78.330139 79.585342 117.098114 52.087978 91.003441 
95.842720 66.524490 72.563339 102.749489 79.548508 
59.806664 72.563332 72.532837 75.272278 71.936157 
52.087978 62.367752 84.800896 81.194809 87.432838 
74.155052 65.913239 84.598602 130.010544 142.274261 
74.155060 85.689133 73.686012 141.142395 100.141724 
65.913246 85.689125 58.345993 68.387802 121.915619 
72.532837 62.367752 81.800583 58.867714 67.865753 
79.548508 75.272270 54.261795 58.524338 70.709358 
84.598610 73.686020 58.345993 76.250366 63.685837 
68.387810 81.800583 76.250359 94.001297 53.527817 
54.261795 94.001297 64.013496 66.234238 74.910652 
71.936157 58.867714 58.524338 53.527817 64.013496 
81.194809 70.709366 66.234245 109.173157 69.020477 
102.717697 100.141724 67.865753 63.685837 67.098793 
87.432838 102.720680 74.910652 69.020477 67.098793 
