2 3 7 12 16 
1 3 4 5 17 
1 2 4 16 212 
2 3 5 6 191 
2 4 6 10 11 
4 5 11 19 191 
1 2 8 12 17 
7 9 13 14 17 
8 10 13 17 18 
9 11 15 17 18 
5 6 15 20 54 
1 7 14 216 221 
8 9 14 18 218 
8 12 13 217 221 
10 18 54 219 220 
1 2 3 210 211 
5 7 8 9 10 
10 13 15 218 219 
6 20 183 191 223 
6 19 21 39 128 
19 20 74 128 183 
21 23 24 74 174 
22 25 33 37 174 
21 22 25 34 128 
22 23 24 27 34 
23 27 33 119 141 
25 26 29 31 126 
50 127 134 135 154 
32 51 55 141 178 
24 48 135 136 162 
27 34 36 41 46 
29 35 141 178 208 
23 26 37 73 119 
24 25 31 36 48 
32 130 177 178 208 
31 40 48 49 50 
23 33 119 174 182 
43 122 161 163 179 
20 122 128 161 162 
36 46 49 163 179 
31 46 124 126 142 
43 175 179 181 244 
38 42 44 122 175 
11 43 54 161 175 
124 179 181 209 247 
31 40 41 124 179 
45 123 142 209 249 
30 34 36 50 135 
36 40 125 136 163 
36 48 49 121 125 
29 55 126 155 176 
53 137 157 158 185 
52 64 137 158 178 
11 15 44 175 220 
29 51 52 158 178 
61 65 184 186 187 
65 131 186 190 259 
156 188 189 190 260 
60 66 120 129 140 
59 61 66 82 120 
56 60 69 81 82 
130 159 177 264 324 
68 72 159 160 265 
53 138 177 178 207 
56 57 69 75 131 
59 60 67 70 140 
66 70 114 132 140 
71 72 111 114 321 
56 61 65 75 85 
66 67 76 79 132 
68 77 111 114 132 
63 114 138 159 207 
119 130 141 208 324 
21 22 174 183 274 
65 69 80 111 131 
70 79 112 118 132 
71 78 80 112 132 
77 80 86 93 112 
70 76 82 83 84 
75 77 78 86 93 
61 82 84 85 115 
60 66 79 81 84 
79 84 89 90 94 
79 81 83 89 115 
69 81 86 95 115 
78 80 85 93 95 
88 91 95 96 98 
87 89 95 96 115 
84 88 90 96 97 
83 89 94 97 99 
87 92 93 95 116 
91 93 98 116 133 
78 86 91 116 118 
90 92 97 116 118 
86 87 88 91 115 
87 88 89 101 117 
89 90 96 99 117 
87 92 101 113 133 
97 100 102 113 133 
99 103 105 109 113 
87 96 98 104 117 
97 99 101 105 117 
100 104 106 107 113 
101 103 106 107 139 
100 102 108 109 139 
103 107 109 110 192 
103 104 106 110 139 
105 109 110 139 194 
100 106 108 192 194 
106 107 108 193 194 
68 71 75 77 131 
76 77 78 118 132 
98 99 100 103 133 
63 67 68 71 72 
81 84 85 88 95 
91 92 93 94 118 
96 97 99 101 102 
76 93 94 112 116 
33 37 73 182 240 
59 60 129 137 184 
50 125 134 153 154 
38 39 161 162 163 
47 142 155 180 317 
41 45 46 142 179 
49 50 121 134 136 
27 29 41 51 142 
28 125 134 135 136 
20 21 24 39 162 
59 120 137 140 207 
35 62 73 208 324 
57 65 75 111 259 
67 70 71 76 112 
92 97 98 99 113 
28 121 125 127 152 
28 30 48 50 127 
30 49 125 127 163 
52 53 120 129 185 
64 72 159 177 207 
104 105 107 108 110 
59 66 120 129 207 
26 29 32 73 208 
41 47 123 124 126 
144 146 147 149 164 
145 146 148 149 150 
146 150 151 153 154 
143 144 145 147 151 
143 146 149 151 152 
144 149 150 164 165 
143 144 147 148 150 
144 145 146 149 153 
145 146 147 152 154 
134 147 150 151 153 
121 145 150 152 154 
28 145 146 151 153 
51 123 156 176 180 
58 155 180 260 349 
52 158 176 185 188 
52 53 55 157 178 
63 72 138 160 177 
62 63 159 265 353 
11 20 39 44 122 
39 122 128 161 163 
38 40 49 122 136 
143 144 148 165 167 
144 148 164 167 168 
167 168 169 170 173 
164 165 166 168 173 
165 166 167 170 172 
166 170 171 172 173 
166 168 169 171 172 
166 168 169 170 172 
166 168 169 170 171 
166 167 168 169 170 
22 37 74 182 319 
42 43 54 244 245 
51 55 155 157 188 
35 62 130 138 159 
32 35 53 64 158 
38 42 43 45 124 
123 155 156 317 349 
42 45 209 244 247 
37 119 174 240 319 
19 21 74 223 274 
56 120 137 185 187 
52 137 157 184 187 
56 57 65 187 189 
56 184 185 186 189 
58 157 176 186 189 
57 58 186 188 190 
58 189 259 260 379 
4 6 19 212 214 
106 109 193 195 199 
110 192 194 195 200 
108 109 193 199 200 
192 193 199 205 206 
197 198 201 202 205 
196 198 201 202 205 
196 197 201 202 203 
194 195 200 202 205 
193 194 199 202 203 
196 197 198 202 205 
198 199 200 201 203 
199 200 202 204 206 
193 195 200 203 206 
195 199 201 202 206 
195 199 203 204 205 
64 72 129 138 140 
32 35 73 130 141 
45 47 181 247 249 
16 211 215 216 222 
16 210 212 213 222 
3 4 191 211 213 
211 212 214 220 222 
19 191 213 220 223 
210 216 217 221 222 
12 16 210 215 221 
14 215 218 221 222 
18 215 217 219 222 
15 18 218 220 222 
15 54 213 214 219 
12 14 215 216 217 
211 215 217 218 219 
19 183 214 224 228 
183 223 227 228 357 
224 226 227 274 319 
225 229 230 240 319 
224 229 237 355 357 
223 224 246 315 316 
225 226 227 231 237 
226 231 331 332 333 
229 230 235 320 333 
252 322 325 344 348 
236 255 261 332 333 
315 325 354 355 357 
231 237 243 248 320 
233 261 331 332 371 
227 229 235 250 355 
236 264 331 370 371 
242 250 251 252 253 
119 182 226 273 319 
245 246 316 372 373 
239 248 251 356 373 
235 248 318 320 334 
42 181 245 247 372 
42 175 241 244 246 
54 175 220 241 245 
45 181 209 244 318 
235 239 242 243 373 
47 209 247 317 334 
237 239 252 325 355 
239 242 253 327 336 
232 239 250 253 325 
239 251 252 326 346 
255 320 334 349 369 
233 236 254 261 351 
257 328 350 351 352 
256 266 314 323 328 
263 269 374 375 377 
57 131 190 375 379 
58 156 190 378 379 
233 236 255 351 352 
267 270 314 323 335 
258 269 270 329 374 
62 238 324 353 370 
63 160 272 321 353 
257 272 323 352 371 
262 268 270 275 335 
267 271 275 312 335 
131 258 259 263 329 
263 267 276 278 314 
268 275 309 312 321 
265 266 321 353 370 
73 119 240 324 331 
74 183 224 225 319 
267 268 276 279 313 
270 275 278 279 280 
269 278 281 282 329 
270 276 280 281 329 
276 280 286 290 313 
276 278 279 285 290 
277 278 282 291 329 
277 281 291 292 310 
284 287 291 294 295 
283 285 290 291 295 
284 286 290 296 297 
279 285 289 293 297 
283 288 292 294 295 
287 289 292 293 310 
286 288 293 310 313 
279 280 284 285 291 
281 283 284 290 292 
282 283 287 288 291 
286 288 289 297 303 
283 287 295 301 311 
283 284 294 296 301 
284 285 295 297 299 
285 293 296 299 303 
300 302 303 307 311 
296 297 302 303 330 
298 301 304 305 311 
294 295 296 305 330 
298 299 303 306 330 
293 297 298 299 311 
300 305 308 380 381 
300 301 304 308 330 
298 302 307 308 382 
298 306 380 382 387 
304 306 330 381 382 
271 275 277 310 313 
282 288 289 309 313 
293 294 300 301 303 
267 268 271 321 335 
275 279 289 309 310 
257 262 323 328 374 
224 228 234 354 357 
228 241 354 356 373 
123 180 249 334 349 
209 243 247 248 372 
182 225 226 240 274 
231 243 254 333 334 
68 265 271 272 312 
232 325 326 327 336 
257 262 266 314 335 
62 130 264 273 331 
232 234 250 252 355 
253 336 345 346 347 
251 316 336 354 356 
256 257 314 374 376 
263 269 277 278 281 
295 296 301 302 305 
236 238 273 324 332 
230 233 236 331 333 
230 231 233 320 332 
243 249 254 317 320 
262 267 268 312 323 
251 253 322 326 327 
338 340 341 342 358 
337 339 340 342 343 
340 344 346 347 348 
337 338 339 341 344 
337 340 343 344 345 
337 338 343 358 359 
338 341 342 345 347 
339 340 341 345 348 
326 341 343 344 347 
253 326 339 347 348 
326 339 343 345 346 
232 339 340 344 346 
156 180 254 317 369 
256 328 351 369 376 
255 256 261 350 352 
256 261 266 351 371 
160 264 265 272 370 
234 315 316 327 356 
227 234 237 250 357 
242 316 327 354 373 
224 227 234 315 355 
337 338 342 359 364 
342 358 360 361 364 
361 362 363 365 368 
359 360 363 364 368 
360 363 365 366 368 
360 361 364 365 367 
358 359 361 363 368 
360 362 363 366 367 
360 362 363 365 367 
360 361 362 363 365 
359 360 361 364 365 
254 349 350 351 378 
238 264 272 353 371 
236 238 261 266 352 
241 244 247 318 373 
241 242 316 356 372 
258 314 328 376 377 
258 259 374 377 379 
256 328 350 377 378 
258 328 374 375 376 
260 350 369 376 379 
190 259 260 375 378 
304 307 381 383 387 
304 308 382 383 388 
307 381 387 388 392 
380 387 388 393 395 
385 386 389 390 394 
384 386 389 390 394 
384 385 389 390 392 
382 383 390 392 394 
381 382 391 392 393 
384 385 386 390 394 
386 387 389 391 392 
388 390 392 393 395 
382 387 388 390 391 
383 388 391 394 395 
383 385 387 389 395 
383 387 391 393 394 
