0.648828 0.287400 0.704574
0.853783 0.190391 0.484569
0.238708 0.079026 0.967870
0.702659 -0.338302 0.625957
0.918605 -0.385244 -0.088047
0.757905 -0.265949 0.595694
0.900424 0.395790 0.180516
0.744150 0.605655 -0.281820
0.859439 -0.045374 -0.509220
0.744932 -0.550453 -0.376932
0.882383 0.330406 -0.335011
0.299205 0.939791 0.165132
0.229134 0.150002 -0.961768
0.314771 0.713209 -0.626300
0.048280 -0.294047 -0.954571
-0.016974 0.143139 0.989557
0.694526 0.568647 -0.440765
0.034055 -0.339421 -0.940018
0.073399 -0.168263 0.983006
0.297169 0.664022 0.686123
0.053205 0.574779 0.816577
0.177448 0.636062 0.750958
0.493524 -0.049560 0.868319
0.460713 0.286551 0.840019
0.937749 0.091702 0.334990
0.748958 0.045778 0.661035
0.961859 -0.244210 0.123246
0.119957 0.251900 0.960290
0.987764 0.093404 0.124889
0.112149 0.597403 0.794061
0.961783 -0.258484 -0.090331
0.783270 0.205946 0.586578
0.260230 -0.741741 0.618143
0.458533 -0.452341 0.764941
0.617463 0.159531 0.770253
0.609988 -0.777243 0.154301
-0.135169 0.015721 0.990698
0.265067 0.214114 -0.940157
-0.170411 0.940329 0.294519
0.356244 -0.244262 -0.901901
0.654023 -0.340598 -0.675461
-0.122543 0.149938 -0.981072
-0.078664 0.272278 -0.958998
-0.005165 0.589993 -0.807392
0.026861 -0.143827 -0.989238
0.718489 -0.410444 -0.561524
-0.162081 -0.364675 -0.916920
0.404262 -0.822305 0.400483
0.129817 -0.343289 -0.930215
0.093481 -0.943611 0.317583
0.679053 -0.042691 -0.732847
0.979706 0.075684 -0.185603
0.956626 0.085180 0.278588
0.005105 0.539683 -0.841853
0.862823 0.441313 -0.246536
0.397555 -0.446020 -0.801883
-0.283974 -0.627157 -0.725281
-0.002055 0.253464 -0.967343
0.945357 -0.115877 0.304749
0.972247 -0.213164 -0.096419
0.557123 -0.260439 -0.788534
0.114979 0.101767 0.988141
0.160786 -0.435852 0.885540
0.688470 -0.002893 0.725259
-0.306832 -0.557435 -0.771440
0.832779 -0.122181 0.539954
0.138249 -0.025515 0.990069
-0.449540 -0.647271 0.615592
-0.015567 -0.145750 -0.989199
0.508934 -0.163078 0.845217
-0.797715 -0.184065 0.574257
0.041663 -0.055378 0.997596
0.335274 0.199926 0.920663
-0.098390 0.618584 0.779534
-0.862992 -0.052522 -0.502481
-0.087893 -0.249013 0.964504
-0.974202 -0.173093 0.144807
-0.992566 -0.118613 0.027274
0.945602 -0.215017 0.244139
-0.872865 -0.121844 -0.472504
0.678715 -0.085079 -0.729457
0.972303 -0.221741 -0.073876
0.933472 -0.173261 0.314025
0.935090 -0.124483 -0.331831
0.061910 -0.055418 -0.996542
-0.794112 0.006294 -0.607739
-0.360791 -0.115609 -0.925454
0.191061 0.083246 -0.978042
0.956349 0.012518 -0.291959
0.835122 -0.233423 0.498082
-0.971828 -0.124244 0.200283
-0.766351 -0.322111 0.555834
-0.963997 -0.128059 0.233047
0.227102 -0.233025 0.945581
-0.617697 0.087153 -0.781572
0.283114 0.194825 -0.939090
0.919474 -0.020404 0.392621
-0.976186 -0.106496 -0.188994
0.310410 -0.064111 0.948438
-0.197246 -0.170262 0.965456
-0.277514 0.241505 -0.929872
0.985781 0.043717 0.162249
-0.981311 -0.131215 0.140754
-0.311640 0.035464 -0.949538
0.977924 -0.121704 0.169858
-0.937751 -0.167207 -0.304410
-0.250306 -0.140423 -0.957929
0.975129 -0.176397 0.134195
-0.176197 -0.121076 0.976880
0.548656 -0.176741 -0.817153
-0.994782 -0.074861 -0.069315
-0.774996 -0.186954 0.603680
-0.797469 -0.101905 0.594692
-0.416847 0.054282 0.907355
0.479169 -0.033622 -0.877079
-0.766315 -0.243770 0.594422
0.764038 0.213104 -0.608961
-0.607051 -0.245643 0.755744
0.115656 0.061070 0.991410
0.998666 -0.048340 0.018165
0.153631 -0.860377 -0.485952
0.337325 0.532152 -0.776548
-0.102409 -0.239925 -0.965375
0.289965 -0.173764 -0.941130
0.108231 -0.140084 -0.984206
0.894730 -0.201675 -0.398479
0.015941 0.990006 0.140123
-0.118348 0.548985 0.827411
0.907020 0.033586 0.419746
0.273182 0.131848 0.952884
-0.071053 -0.940345 -0.332721
-0.413359 -0.177842 0.893032
-0.553494 -0.243818 0.796365
0.031104 0.633243 -0.773328
0.077816 0.662964 0.744596
-0.138256 0.738890 -0.659489
0.989651 0.106500 -0.096169
0.469291 -0.166018 0.867297
0.416989 -0.072497 -0.906016
0.766766 -0.018205 0.641668
0.742710 0.171474 0.647285
0.269889 -0.243618 -0.931563
0.191147 0.870121 0.454261
0.130920 -0.862334 0.489121
0.201060 -0.510545 0.836013
0.090111 -0.000264 0.995932
0.050234 0.939711 -0.338259
0.069532 -0.848605 -0.524437
-0.018668 0.314954 -0.948924
-0.036902 -0.839411 -0.542243
0.056589 0.428937 0.901560
0.062802 0.511084 -0.857233
0.024603 -0.995649 -0.089879
0.134038 -0.009411 0.990931
0.096621 0.359583 -0.928097
0.029137 0.416627 -0.908611
0.768868 0.213018 -0.602881
0.968056 0.234973 0.087500
0.353693 -0.302742 0.885013
-0.018047 -0.317148 0.948204
0.208070 0.846975 -0.489225
0.493584 0.839807 -0.226051
0.190243 0.329265 -0.924874
0.088717 0.692398 0.716040
0.119368 -0.982139 0.145444
0.279053 -0.897747 -0.340850
-0.664053 -0.266743 0.698486
-0.229007 -0.884453 -0.406568
-0.015075 -0.830340 0.557054
-0.013119 0.833576 -0.552249
-0.077806 0.437435 -0.895878
0.336857 0.885056 0.321252
-0.403769 0.424102 0.810622
-0.091231 0.589655 0.802486
0.018648 0.265045 -0.964056
0.359505 0.452541 -0.816066
0.523412 0.005098 0.852065
0.820813 0.266818 0.505048
0.273524 0.027246 -0.961479
0.031095 0.239026 -0.970515
0.018194 0.315116 -0.948879
-0.068155 0.050614 0.996390
0.031919 0.500032 0.865418
0.823945 -0.063836 -0.563063
0.875960 0.067768 -0.477599
0.250139 -0.246807 -0.936225
0.630659 -0.012157 -0.775965
0.318503 0.264013 -0.910413
0.031062 0.011782 -0.999448
-0.015424 -0.080921 -0.996601
0.021062 -0.945957 0.323608
-0.976987 -0.094111 0.191412
0.598335 -0.125124 -0.791416
0.822130 -0.145901 0.550286
-0.959768 0.052585 -0.275828
0.475467 -0.159107 0.865226
-0.454494 0.818771 0.350783
0.773348 0.529734 0.348303
0.073059 0.402005 0.912718
0.992350 0.114746 0.045548
-0.148181 0.917450 0.369227
0.615961 0.758289 0.213517
0.981941 0.013878 -0.188680
0.523623 -0.137115 -0.840844
-0.988279 0.103427 0.112281
-0.991070 -0.097062 -0.091428
0.430382 0.134769 0.892530
0.643013 0.124625 0.755647
0.011409 -0.205530 -0.978584
-0.809492 0.201942 0.551309
-0.864181 0.179756 0.469977
-0.388813 -0.136893 0.911090
-0.945566 -0.309469 0.100665
-0.725724 -0.239248 0.645047
-0.912403 0.375587 0.162649
-0.613987 0.674506 0.409953
-0.741217 0.609286 -0.281724
-0.834471 -0.092586 -0.543218
-0.741189 -0.474730 -0.474627
-0.905921 0.046231 -0.420915
-0.322915 0.933642 -0.155045
-0.592767 0.651551 -0.473400
-0.272024 0.582514 0.765950
-0.074712 0.605755 0.792135
-0.195632 0.630456 0.751168
-0.432059 -0.073143 0.898874
-0.541486 0.305269 0.783329
0.121888 0.924827 0.360331
-0.904000 0.103148 0.414904
-0.721258 0.037021 0.691676
-0.955754 -0.230887 0.182281
-0.112761 0.254808 0.960395
-0.987745 0.121752 0.097655
-0.169100 0.577045 0.799015
-0.956820 -0.287008 -0.046067
-0.840788 0.156387 0.518285
-0.708344 -0.357839 0.608440
-0.674337 0.143978 0.724251
-0.577322 -0.800670 0.160083
0.008960 -0.474287 0.880325
-0.174366 0.253952 -0.951370
-0.364348 -0.276054 -0.889407
-0.675233 -0.366159 -0.640303
0.145525 0.138206 -0.979654
0.091802 0.275565 -0.956889
-0.143333 0.594440 -0.791262
-0.054692 -0.118786 -0.991412
-0.607244 -0.549910 -0.573458
0.021730 -0.288934 -0.957102
-0.514280 -0.738615 0.435848
-0.143426 -0.266830 -0.953011
-0.103120 -0.874036 0.474791
-0.152414 -0.876020 -0.457558
-0.651374 -0.009377 -0.758698
-0.887485 0.267214 -0.375456
-0.965287 0.069571 -0.251756
-0.963098 0.140046 0.229846
-0.469779 -0.442130 -0.764087
0.258218 -0.650493 -0.714270
-0.007437 0.220746 -0.975303
-0.913912 0.361995 0.183642
-0.959257 -0.114479 0.258302
-0.585269 -0.188452 -0.788636
-0.347054 0.104140 0.932045
-0.087498 -0.369196 0.925223
-0.684572 0.161556 0.710817
-0.840335 -0.157409 0.518710
-0.069525 -0.157203 0.985116
0.138739 -0.243392 -0.959954
-0.949392 -0.200708 -0.241600
0.643660 -0.154625 0.749528
-0.344756 0.044486 0.937638
-0.312591 0.225995 0.922612
0.071500 0.635923 0.768433
-0.451886 -0.226469 0.862850
-0.962069 -0.210732 0.173250
0.634248 -0.096552 -0.767077
-0.677106 -0.086769 -0.730752
-0.948749 -0.190723 0.251994
-0.909850 -0.129271 -0.394286
-0.062327 -0.058852 -0.996319
0.790743 -0.019030 -0.611852
0.347170 -0.132940 -0.928332
-0.228578 0.118551 -0.966280
-0.969160 0.056279 -0.239918
-0.854179 -0.221765 0.470317
0.956627 -0.257642 0.135962
0.795501 -0.319310 0.514994
-0.206071 -0.230299 0.951050
-0.779791 -0.027073 -0.625454
0.057484 0.007047 -0.998322
0.995534 -0.009855 -0.093889
0.103629 -0.509333 0.854307
0.985707 -0.093942 -0.139847
0.375858 0.299847 -0.876825
-0.624567 0.315816 -0.714267
-0.849781 0.017347 0.526850
0.198243 -0.181225 0.963253
-0.993505 0.048576 0.102895
0.973080 -0.134020 0.187496
0.326658 0.169143 -0.929885
-0.986166 -0.119059 0.115332
-0.324224 -0.119114 0.938451
0.957641 -0.178532 -0.225944
0.261099 -0.073363 -0.962520
-0.980017 -0.186644 0.068777
-0.310405 -0.114367 0.943700
-0.449985 -0.133228 -0.883042
0.791351 -0.185292 0.582607
0.844845 -0.180785 0.503542
0.817843 -0.095964 0.567382
0.254273 -0.047422 0.965969
0.122787 -0.248937 0.960705
-0.997915 -0.060540 -0.022356
-0.110796 0.712683 0.692681
-0.369371 0.572558 -0.731944
0.126391 -0.217040 -0.967946
-0.277371 -0.149459 -0.949067
0.053761 0.516413 0.854651
-0.901961 -0.126833 -0.412771
0.361052 -0.164130 0.917988
-0.042327 0.981918 0.184516
-0.907505 0.041542 0.417982
-0.096506 0.109239 0.989320
-0.131417 0.423296 0.896410
-0.097628 -0.327749 -0.939707
0.113508 0.774810 -0.621920
-0.926404 0.067021 -0.370519
-0.023445 -0.022290 -0.999477
-0.418374 0.043469 -0.907234
-0.684753 0.176208 0.707152
-0.825880 0.177691 0.535116
-0.995819 -0.015191 0.090079
-0.435241 -0.222729 -0.872328
-0.505673 -0.041092 0.861746
-0.086636 0.542716 -0.835436
-0.179984 0.888367 0.422386
-0.129101 -0.896195 0.424462
-0.181639 -0.593008 0.784442
-0.070180 0.018992 0.997354
-0.011880 0.953315 -0.301743
-0.055094 -0.504072 -0.861902
0.090641 -0.115821 -0.989126
-0.030867 0.483532 0.874782
-0.010109 0.555109 -0.831716
-0.064896 -0.991772 -0.110353
0.022706 -0.411618 -0.911074
-0.150594 -0.082500 0.985147
-0.042933 0.388055 -0.920636
-0.708409 0.163126 -0.686692
-0.882289 0.390292 -0.263133
-0.936181 0.229160 0.266555
-0.367663 -0.227768 0.901635
-0.504936 0.862111 -0.042475
-0.162150 0.122798 0.979096
-0.217188 0.533621 -0.817361
-0.274581 0.342753 0.898402
-0.077480 0.717797 0.691928
0.018076 -0.884715 0.465781
-0.194749 -0.942534 -0.271482
0.261069 -0.889558 -0.374872
0.015877 -0.822736 0.568202
0.315877 0.416107 -0.852688
-0.119826 0.837827 0.532623
-0.124484 0.830343 -0.543171
0.121450 0.439660 -0.889915
0.351556 -0.113256 -0.929291
0.545132 -0.111099 0.830956
-0.311655 0.333250 -0.889840
-0.589154 0.042676 0.806893
-0.782954 0.215246 0.583654
-0.199298 0.026400 -0.979583
-0.240809 -0.044721 -0.969542
-0.805764 -0.087523 -0.585734
-0.304504 -0.279705 -0.910518
-0.766385 0.028821 -0.641735
-0.644462 -0.077610 -0.760688
-0.326481 0.202809 -0.923190
-0.059211 -0.007035 -0.998221
0.981012 -0.099223 0.166643
-0.153207 -0.105488 -0.982548
-0.992200 -0.117273 0.042271
0.979591 0.033323 -0.198219
-0.463199 -0.128526 0.876885
0.435432 0.857302 0.274648
-0.755976 0.547853 0.358270
-0.095125 0.436751 0.894539
-0.764534 0.108803 -0.635335
-0.205048 0.886498 0.414822
-0.801846 0.596797 -0.029608
-0.941612 -0.138522 -0.306886
-0.972636 0.232304 0.003746
0.793035 0.068059 -0.605362
0.992011 0.112836 0.056410
0.670856 -0.726776 0.147479
