42.130642 468.326416 84.329788
60.573639 404.553955 72.375458
22.221819 387.878418 102.454971
40.153999 337.050476 85.838249
60.465324 354.859894 28.801470
37.428619 303.373169 40.705742
68.172478 478.509888 26.212543
59.411060 491.658356 -26.970467
64.233078 432.324707 -50.346367
51.403172 379.770172 -41.342529
44.082718 309.379364 -18.886393
19.960117 522.579224 31.322781
18.514923 448.640778 -86.698830
18.867182 494.795197 -58.194790
-0.473830 339.794037 -46.280472
-2.089472 453.842560 104.867493
75.815292 419.134399 -1.698635
-0.472738 397.503113 -82.162010
9.704828 257.084351 46.737045
66.634430 256.393341 19.824129
64.358505 208.865051 58.393524
78.419693 148.571259 105.034714
103.676926 73.211205 142.318115
138.529877 169.154587 65.722809
141.232895 89.197502 89.389549
112.347687 1.178898 81.598785
144.073746 22.440559 20.795544
327.193695 214.861694 20.527273
144.440018 -79.895309 39.136177
204.170654 222.069290 28.290709
156.298737 68.689568 -13.924862
127.085655 -106.204887 89.969353
85.972565 27.202230 116.726212
172.212494 135.808838 43.305927
96.493881 -133.063629 128.626755
221.636337 138.204956 -26.118088
52.567932 76.984886 150.451309
109.129868 205.597763 -93.834648
109.571114 277.102783 -7.351099
180.950638 136.138275 -69.184669
120.494438 34.733788 -68.021423
17.626997 178.470490 -99.354446
54.088524 213.835770 -96.537819
46.879658 260.123810 -76.678764
38.251488 97.603142 -111.208801
145.569244 77.790550 -62.707355
19.316574 10.304136 -88.277344
238.152679 165.085907 23.827467
235.096741 173.718124 -71.135681
277.504791 155.332596 -13.814222
115.809479 -82.528267 -41.246433
178.351944 -212.339951 -9.023409
176.957993 -222.622665 47.825077
-4.055846 287.250214 -60.649754
151.266815 -120.010139 -2.558520
124.164375 -342.753174 -84.496246
29.509001 -329.122101 -97.906517
39.174389 -213.499298 -114.022087
180.109451 -376.362244 52.694794
179.569824 -406.289764 11.376631
147.815033 -403.404938 -44.810467
18.142336 -149.288437 165.111923
24.276703 -271.521881 138.252075
147.039520 -214.946991 93.591225
53.672192 -361.471130 -67.677650
158.654282 -411.427582 86.909492
101.159576 -381.181946 128.502380
11.790711 -340.993896 83.492439
83.464142 -422.079529 -59.990967
126.838104 -446.143219 113.992630
15.440977 -410.539856 88.042877
73.800491 -293.042358 122.724464
47.921543 -35.792007 143.198364
31.507421 166.939575 88.614899
11.941746 -383.934418 -29.199236
84.068756 -504.412781 111.083633
6.487942 -455.268372 40.887001
14.363978 -511.685730 22.220556
154.402359 -499.716339 51.002583
19.434702 -478.824249 -18.570242
139.070053 -483.433655 -37.603592
165.462158 -465.216919 15.131626
143.608780 -553.982971 47.910400
149.255630 -540.207031 -12.611016
91.436195 -504.890747 -56.441429
31.235075 -533.213562 -29.489956
49.478592 -638.276306 -50.780285
100.580109 -605.314026 -55.603851
142.583145 -613.460205 -12.378490
130.611877 -625.237122 38.419312
21.123486 -621.367554 4.944922
47.853806 -653.637451 36.289845
20.608105 -569.751709 26.556187
93.109116 -607.209351 81.295837
39.481628 -583.439941 -43.526066
109.841530 -657.284119 -56.703049
139.103241 -668.884216 12.106370
39.668777 -696.623474 -28.059610
118.253845 -730.156860 33.090652
94.539726 -824.085144 18.111250
78.786125 -715.578979 -75.112793
154.160172 -748.134338 -17.859993
41.712807 -818.934875 -26.272930
79.674980 -778.027283 -85.674057
151.641006 -813.198120 -23.587698
55.843708 -885.151794 -46.872971
84.919182 -845.704224 -81.846352
140.749207 -884.362183 -28.802399
94.544403 -890.785767 7.520337
117.460846 -915.210449 -68.632553
-1.516851 -369.754517 25.818285
32.203266 -493.921448 82.434441
50.843201 -757.474426 4.859419
48.883751 -347.332245 119.132660
117.055954 -556.473206 -47.296104
44.502022 -604.652039 60.184589
138.238663 -711.184387 -60.907337
49.917950 -554.197876 81.973778
25.600286 23.108143 126.543282
190.252563 -338.575897 17.637972
336.395599 167.499573 -46.251160
129.838745 246.701111 -69.694916
39.167122 -53.544456 -72.133934
89.834183 84.768082 -102.274124
286.613983 191.834274 -70.721619
132.746735 -23.910137 -25.955046
301.833038 246.174530 -15.757432
116.697464 243.191406 36.822926
179.064041 -308.067200 61.473927
41.859230 -100.833824 153.679474
2.202016 -336.586884 -42.320496
61.758034 -442.265381 117.197952
64.402931 -704.096313 30.672976
331.214020 227.515762 -56.016430
260.999359 227.605164 19.708593
227.975464 233.471100 -54.867218
184.781525 -270.095245 5.244662
100.496193 -235.150955 122.515579
123.999733 -809.401062 -81.547020
161.301987 -343.256165 92.289589
114.849632 -56.328247 90.476410
74.403900 -1.311941 -81.982841
514.651245 242.572113 -18.468597
507.891602 177.860413 -23.147772
429.982117 183.670380 -1.484187
471.242188 216.811462 2.616284
453.854126 252.611008 -33.038570
545.167419 180.949249 -56.331688
488.995575 221.539932 -66.654961
451.522766 174.783508 -48.409821
416.823914 241.314346 0.576172
388.725525 235.976883 -45.747444
382.281372 165.165848 -25.387863
378.712433 201.338943 14.289139
50.822914 -117.404404 -72.606422
3.489055 -150.638489 -90.467712
152.037933 -189.172668 -58.724442
174.893814 -170.370529 24.460413
54.028728 -225.684052 148.722092
-2.818372 -231.462631 157.308868
90.847206 274.334320 -54.327389
158.946808 270.677704 -21.931761
180.070999 200.432816 -73.121208
585.897827 228.348160 -16.319218
599.490906 183.619339 -41.347195
694.569519 190.172577 -23.799030
646.423950 193.162323 -7.172116
651.242493 183.376511 -58.632641
763.459961 197.601547 -11.067765
699.641907 205.324371 -72.625397
786.192810 208.257797 -54.869057
745.654236 198.969849 -91.497597
709.200256 189.751297 29.773476
30.147795 127.963409 125.809235
-0.870046 225.270676 -87.299553
104.745605 -150.433533 -76.339111
79.276733 -178.394241 146.720169
151.256561 -149.996368 76.287170
91.321785 143.107834 -106.056633
0.938646 -97.335274 -60.853378
-0.829645 130.334793 -105.409050
1.518155 84.210396 139.545837
-0.230716 209.298828 60.592361
166.886169 -318.092163 -52.302532
166.204025 -264.560730 -49.151287
93.190758 -305.323273 -109.650833
135.165817 -285.734528 -90.549889
95.162521 -213.070267 -108.063126
64.082932 -259.601471 -122.121132
4.976073 -260.161926 -116.624413
1.321622 305.552856 84.812981
66.495384 -949.628967 -27.777441
108.565353 -971.209412 -62.617199
121.788368 -948.779724 -8.958095
67.557259 -1001.403198 -33.932186
121.644852 -1088.646973 138.585449
72.326843 -1071.821411 126.589569
151.592545 -1071.239258 95.632217
91.702950 -999.340881 13.528071
125.605179 -1016.675598 -29.732351
83.798813 -1047.792725 82.623772
127.899292 -1047.464355 39.522800
134.953461 -1066.670654 -19.603830
110.173134 -1067.629639 -80.289597
70.034431 -1053.607910 30.139414
67.769798 -1056.263306 -29.357851
132.536041 -288.614624 110.454308
81.087166 -76.457245 127.492996
0.284433 54.382423 -102.807640
-55.037540 456.292328 73.862076
-61.092327 403.739532 72.128265
-32.404812 364.812958 98.683449
-60.270847 347.782135 46.049721
-37.197014 300.892731 40.170784
-71.049767 478.313690 23.399508
-41.768799 503.740143 55.801125
-60.190063 489.351532 -27.961573
-64.597618 429.170410 -49.974144
-51.610043 378.180725 -40.103867
-47.982971 318.234161 -17.399479
-23.527851 522.318909 -4.314865
-77.315048 416.215851 -2.988238
-50.501659 247.930969 31.844330
-82.295616 213.478363 52.857681
-76.848190 146.813049 105.823174
-97.750473 74.849731 140.619247
-137.579041 163.014893 64.617111
-98.574028 275.315216 -8.398848
-139.002838 87.158264 94.317749
-107.250687 3.823535 84.666763
-141.799942 26.026199 24.894144
-324.897186 210.412796 18.181189
-145.480316 -78.083389 31.618408
-194.913239 224.716156 24.408932
-155.689453 65.211609 -8.859346
-132.254333 -105.873512 78.166763
-158.263809 121.144806 45.763458
-104.855850 -134.075226 117.517578
-223.075180 131.499863 -29.960402
-42.561741 44.954975 133.756927
-103.843842 208.127884 -95.055832
-178.747070 134.543167 -75.084351
-121.406502 38.405182 -66.994865
-35.799274 168.162018 -103.966583
-51.416016 216.888687 -96.309441
-56.392643 266.347931 -72.171310
-39.840778 98.416672 -109.830620
-154.767441 92.261139 -57.939270
-33.980503 9.873107 -90.828125
-226.457062 155.083740 27.079157
-236.372314 172.793854 -74.067505
-271.647827 157.393936 -2.195095
-294.330414 154.201828 -46.869606
-113.631958 -83.357437 -47.006607
-142.029800 -105.040916 -10.449483
-177.019745 -210.793350 -14.952226
-182.292999 -246.543640 42.832855
-121.585876 -339.697632 -77.459114
-23.173206 -328.694031 -95.955727
-29.884596 -215.717743 -114.716599
-155.855484 -129.315918 34.894958
-182.744156 -378.439240 57.526379
-147.570801 -400.645538 -43.581837
-50.049702 -145.989563 156.095505
-28.814800 -275.433624 138.334808
-153.048218 -236.620850 91.793365
-164.482224 -418.422089 88.650185
-100.461823 -422.430634 126.234634
-78.134476 -390.574768 -64.020912
-174.639221 -436.965454 12.535935
-36.021950 -418.111115 103.950439
-104.541649 -263.912567 122.942055
-39.942432 -35.172531 143.216583
-32.377861 167.901993 88.532433
-125.352386 -484.516052 107.394325
-160.766083 -503.670624 47.379845
-37.303097 -476.328522 -42.211842
-138.320236 -482.863953 -37.946308
-149.365204 -558.428650 46.319435
-148.013474 -542.380737 -12.884749
-91.187668 -504.625153 -57.535526
-33.095390 -533.560913 -30.078112
-51.303417 -639.523621 -46.454605
-105.542709 -633.367920 -53.336475
-145.021210 -641.100525 -10.976283
-134.221878 -630.678833 39.444290
-27.011570 -649.056946 -0.657416
-48.672771 -632.835632 48.102890
-97.283699 -614.171936 83.103699
-131.364227 -587.408569 -30.249329
-78.946556 -582.572083 -51.846821
-20.695038 -592.471741 -5.824114
-89.064606 -676.562927 56.018013
-40.424488 -696.090393 -25.153160
-78.617546 -687.993408 -62.339867
-131.318420 -685.351990 -53.298534
-142.588303 -697.918335 16.353134
-96.736107 -824.473328 21.002384
-156.946915 -748.672546 -16.719893
-43.306690 -818.226868 -25.185312
-78.676659 -746.411194 -79.486221
-154.198441 -813.829346 -22.210358
-122.856644 -759.896667 31.778257
-56.224380 -884.817566 -44.589043
-81.483658 -811.611328 -83.379845
-142.649963 -885.949280 -26.287664
-112.682144 -925.084900 5.121138
-120.046532 -882.184631 -72.447517
-33.752609 -497.220367 80.144669
-32.973015 -552.731506 61.461845
-52.317280 -756.794922 5.637949
-71.965355 -369.502441 128.472122
-83.061111 -537.430176 101.685547
-191.308136 -338.510406 25.605816
-141.302826 263.523438 21.289801
-137.459259 246.946625 -66.865662
-35.496635 -54.468819 -72.990868
-89.616905 89.226814 -101.554527
-46.245331 114.590797 133.171158
-132.825806 -18.863995 -27.269356
-50.317154 -324.204407 121.468826
-299.854736 242.756973 -18.681406
-182.308395 -311.883636 70.541031
-18.836927 -79.962151 155.626114
-246.305832 209.124771 27.503578
-334.401245 186.036377 -66.252991
-224.032394 234.133728 -56.299660
-177.637421 -265.466125 -19.452429
-86.128784 -449.128937 -58.962372
-124.839005 -774.072327 -81.358803
-97.180595 -74.237679 109.431915
-126.718269 -48.588955 71.337746
-141.062164 -24.669506 22.474726
-88.654709 -24.190569 -71.669624
-138.819809 -358.425903 121.829254
-286.969238 222.080933 -64.271553
-510.089508 241.010941 -21.662457
-505.517242 174.726624 -26.179937
-425.420258 178.230591 -5.464199
-466.767761 213.051865 1.485811
-448.732147 250.036118 -36.774395
-542.795532 189.460373 -66.358154
-465.915314 202.993652 -68.340820
-413.166351 235.790710 -2.820981
-387.394989 232.894867 -50.330677
-366.748688 162.523697 -29.041323
-412.310425 189.969177 -59.399155
-376.318542 193.795624 11.119629
-46.540810 -118.041031 -76.705574
-147.630219 -189.369278 -64.687378
-164.009995 -151.093201 -16.212286
-172.241806 -178.607956 37.539867
-61.691547 -229.802231 146.749130
-178.074127 256.241577 -15.349853
-182.989212 176.417740 45.176376
-174.976959 213.800552 -71.715370
-132.426147 213.580231 45.721489
-582.900452 226.027390 -18.096792
-614.052795 187.828812 -27.073437
-695.097473 187.861969 -25.017359
-652.800903 181.701736 -61.254730
-764.999207 195.669128 -12.662334
-698.845215 195.727783 -83.228287
-652.700439 219.764404 -19.623783
-732.821289 211.163162 -48.625629
-792.715454 203.387619 -57.664322
-742.905212 190.802856 -110.350510
-698.630310 183.542618 24.891348
-97.172531 -152.787781 -82.575668
-89.576447 -179.171371 137.221024
-144.244431 -159.403946 81.393700
-88.159088 147.536270 -106.951538
-141.970139 168.431183 -91.933449
-166.016830 -314.958557 -42.908360
-90.656326 -310.033722 -104.909988
-150.294479 -240.438675 -65.799446
-132.892471 -289.875702 -83.728325
-86.931602 -220.279221 -108.005852
-56.476749 -264.909607 -120.046997
-69.111427 -950.180115 -27.207371
-99.905472 -943.741516 -70.657928
-124.589188 -973.920410 -24.907482
-71.670059 -999.891357 -33.384743
-120.823219 -1088.322510 143.665222
-72.349609 -1068.661011 131.747971
-149.183762 -1076.718994 100.347969
-93.533806 -1001.328796 13.748183
-114.649475 -1018.471375 -54.436523
-101.606476 -1051.354736 82.777229
-139.205673 -1061.735229 34.930176
-126.841110 -1069.697876 -55.462196
-126.212608 -1038.359741 -7.917067
-80.013557 -1056.473999 -74.345490
-69.629166 -1055.402710 33.845356
-79.036301 -1077.916992 -14.769918
