0
8
16
54
147
150
158
170
178
184
208
247
253
274
302
336
366
446
573
585
589
594
598
602
610
614
618
626
630
634
643
657
661
673
679
680
684
706
711
712
722
726
732
745
749
762
765
771
773
778
796
807
822
828
831
832
836
840
847
849
851
858
862
868
870
873
876
878
898
906
908
913
921
930
933
947
949
953
958
965
969
973
975
981
987
991
995
1001
1007
1011
1013
1018
1027
1029
1039
1049
1052
1056
1071
1074
1080
1082
1086
1091
1094
1104
1109
1112
1119
1129
1140
1141
1151
1161
1168
1171
1179
1185
1200
1228
1231
1244
1248
1252
1258
1264
1315
1316
1322
1332
1364
1365
1370
1391
1408
1438
1446
1450
1465
1478
1484
1494
1546
1552
1564
1572
1576
1582
1604
1611
1613
1622
1633
1748
1779
1783
1786
1794
1803
1806
1811
1822
1856
1918
1933
1981
2018
2026
2027
2062
2412
2637
2708
2853
2877
2909
2920
2924
2934
3022
3027
3076
3078
3080
3084
3088
3103
3106
3117
3119
3162
3174
3182
3189
3198
3211
3232
3279
3325
3327
3338
3367
3373
3382
3402
3411
3475
3476
3505
3513
3520
3553
3656
3662
3670
3677
3683
3690
3696
3719
3761
3870
4072
4078
4082
4086
4090
4094
4098
4102
4106
4114
4118
4122
4133
4143
4160
4167
4168
4180
4194
4200
4210
4216
4220
4236
4237
4246
4254
4258
4261
4267
4279
4284
4288
4295
4310
4318
4322
4326
4332
4333
4337
4345
4348
4353
4358
4361
4383
4390
4395
4399
4407
4416
4431
4444
4452
4455
4461
4468
4473
4477
4481
4486
4493
4497
4500
4503
4515
4521
4524
4527
4533
4542
4547
4552
4556
4560
4568
4572
4576
4580
4584
4590
4594
4598
4605
4614
4627
4629
4637
4645
4671
4712
4722
4726
4731
4735
4739
4747
4758
4794
4802
4810
4816
4860
4911
4919
4932
4939
4953
4957
4959
4966
4973
5010
5015
5021
5033
5041
5046
5052
5073
5082
5089
5101
5113
5218
5244
5249
5253
5258
5265
5290
5304
5316
5355
5379
5389
5442
5487
5488
5524
5643
5730
5876
6104
6164
6368
6380
6385
6393
6400
6504
6513
6515
6526
6529
6539
6574
6580
6586
6598
6611
6634
6679
6726
6729
6740
6768
6776
6779
6788
6802
6830
