0.150684 -0.077086 0.050023
0.152168 -0.093923 0.053188
0.150035 -0.088350 0.027350
0.147834 -0.071850 0.024961
0.148254 -0.100760 0.078597
0.147478 -0.083068 0.075690
0.138706 -0.089696 0.097819
0.139207 -0.107851 0.100699
0.125712 -0.113337 0.120037
0.125742 -0.095296 0.116824
0.110686 -0.099724 0.133651
0.110943 -0.120488 0.136956
0.154653 -0.104806 0.027747
0.155943 -0.109926 0.054417
0.128107 -0.132091 0.120983
0.112462 -0.139751 0.137878
0.141634 -0.124987 0.101634
0.141823 -0.083484 0.004580
0.138967 -0.067369 0.000892
0.115686 -0.076569 -0.031745
0.111329 -0.059706 -0.035866
0.126422 -0.062947 -0.019580
0.130141 -0.079390 -0.015456
0.146218 -0.099916 0.004570
0.119503 -0.094246 -0.030388
0.134260 -0.096210 -0.014567
0.184833 -0.206846 -0.017545
0.190747 -0.211824 0.012806
0.192822 -0.238047 0.003737
0.185545 -0.234701 -0.026882
0.182121 -0.180116 -0.010470
0.187207 -0.187282 0.017930
0.189782 -0.221161 0.038111
0.194417 -0.246644 0.031643
0.161817 -0.119998 0.026709
0.154783 -0.115133 0.001844
0.129485 -0.338305 -0.102595
0.132813 -0.355855 -0.093294
0.100112 -0.355591 -0.098767
0.101015 -0.340440 -0.107540
0.031897 -0.329328 -0.106247
0.068253 -0.337703 -0.108943
0.064678 -0.351345 -0.096315
0.029307 -0.342611 -0.091727
0.038447 -0.209612 -0.112802
0.038669 -0.188022 -0.104906
0.067261 -0.186559 -0.103949
0.067898 -0.207765 -0.113164
0.142035 -0.111856 -0.018365
0.126565 -0.110430 -0.034626
0.161909 -0.125706 0.053967
0.202623 -0.377361 0.021831
0.199029 -0.410868 0.016001
0.197700 -0.407221 -0.021955
0.203680 -0.371739 -0.018228
0.159245 -0.403527 -0.072349
0.126698 -0.402050 -0.083128
0.130078 -0.378164 -0.088146
0.163945 -0.373814 -0.076838
0.094542 -0.146487 0.152435
0.096132 -0.167199 0.151387
0.113855 -0.158973 0.137197
0.035098 -0.162200 0.172050
0.034599 -0.183002 0.170861
0.055480 -0.179148 0.168054
0.056420 -0.157655 0.169030
0.047176 -0.282661 0.129234
0.051372 -0.262757 0.139386
0.034269 -0.264176 0.142170
0.033199 -0.283135 0.132371
0.182681 -0.230034 0.061951
0.178637 -0.208121 0.067229
0.164302 -0.217700 0.086795
0.167945 -0.237971 0.082486
0.060790 -0.363511 -0.081028
0.029193 -0.353305 -0.073941
0.188791 -0.379318 0.059668
0.187062 -0.415719 0.053251
0.165285 -0.419330 0.082560
0.166688 -0.385389 0.087160
0.136590 -0.387887 0.102923
0.135222 -0.419315 0.097449
0.037944 -0.350698 0.069921
0.038292 -0.358956 0.068575
0.054689 -0.343240 0.090103
0.048777 -0.331696 0.093906
0.033027 -0.294497 -0.120025
0.065323 -0.298624 -0.122898
0.066803 -0.318408 -0.117534
0.032778 -0.313636 -0.114907
0.108825 -0.110375 -0.047009
0.102517 -0.093150 -0.041951
0.084650 -0.092730 -0.050054
0.080795 -0.073240 -0.050725
0.098755 -0.074660 -0.042900
0.090854 -0.394857 -0.085456
0.095112 -0.423857 -0.080503
0.060649 -0.418884 -0.070250
0.050096 -0.382190 -0.069329
0.154680 -0.431745 -0.069788
0.184250 -0.403945 -0.053385
0.177312 -0.434424 -0.052823
0.192168 -0.445618 0.012718
0.190367 -0.440858 -0.023593
0.160784 -0.451041 0.076275
0.132719 -0.448490 0.089327
0.053038 -0.420021 0.069683
0.055682 -0.439700 0.057585
0.076928 -0.441135 0.074654
0.076754 -0.418522 0.086063
0.087754 -0.282863 0.116233
0.097912 -0.300709 0.110169
0.125145 -0.282289 0.105786
0.121561 -0.263138 0.109767
0.057461 -0.135486 0.169538
0.040121 -0.140617 0.172275
0.094030 -0.125847 0.152309
0.075514 -0.130709 0.163714
0.075529 -0.152452 0.163126
0.063052 -0.043548 0.177844
0.061389 -0.065491 0.175346
0.081396 -0.063324 0.164561
0.083898 -0.042461 0.164815
0.188403 -0.253594 0.054533
0.026054 -0.390892 -0.038724
0.034633 -0.420272 -0.044934
0.027948 -0.425723 -0.015146
0.022750 -0.401686 -0.007733
0.185612 -0.197725 0.043212
0.151281 -0.117217 0.079390
0.156888 -0.133888 0.078978
0.190661 -0.371665 -0.054270
0.153912 -0.479566 0.068889
0.128780 -0.476848 0.079241
0.119661 -0.503402 0.069797
0.143217 -0.506440 0.061225
0.046664 -0.460610 0.026422
0.048680 -0.486251 0.017199
0.059830 -0.487428 0.036855
0.058701 -0.462344 0.046545
0.049103 -0.511593 0.011118
0.060079 -0.513287 0.031019
0.181751 -0.449735 0.048472
0.167714 -0.505163 0.011264
0.179624 -0.478562 0.012426
0.170844 -0.479628 0.044360
0.157119 -0.507131 0.040264
0.126682 -0.428189 -0.079767
0.037991 -0.417204 0.048150
0.043000 -0.437193 0.037279
0.039900 -0.482965 -0.028682
0.035205 -0.454266 -0.021054
0.042342 -0.451603 -0.048151
0.050918 -0.481080 -0.058003
0.153098 -0.486704 -0.063113
0.153131 -0.459914 -0.067371
0.172578 -0.463917 -0.048287
0.168552 -0.491247 -0.045602
0.181944 -0.471290 -0.020851
0.173922 -0.499648 -0.018746
0.165821 -0.525892 -0.018248
0.165604 -0.517074 -0.041221
0.151796 -0.513082 -0.060651
0.131212 -0.511921 -0.074157
0.106680 -0.510269 -0.080249
0.109211 -0.536549 -0.077810
0.084060 -0.534951 -0.078510
0.080623 -0.508868 -0.078024
0.044439 -0.510347 -0.037854
0.056208 -0.508467 -0.063122
0.061684 -0.534468 -0.068234
0.018262 -0.369321 -0.013140
0.022509 -0.373802 -0.026224
0.022093 -0.387110 0.003394
0.021072 -0.380143 0.015531
0.077387 -0.491512 0.054565
0.078116 -0.465185 0.063979
0.073822 -0.518615 0.046293
0.105701 -0.363598 0.106765
0.105707 -0.340664 0.108455
0.079019 -0.355718 0.102628
0.077139 -0.375077 0.099940
0.026801 -0.362112 0.040216
0.025622 -0.365930 0.038277
0.030866 -0.364633 0.051949
0.031301 -0.359021 0.052671
0.106116 -0.041991 -0.038838
0.120916 -0.046251 -0.023923
0.075920 -0.174016 0.161915
0.094395 -0.254906 0.127030
0.071259 -0.259952 0.134406
0.064621 -0.283256 0.125341
0.033644 -0.336577 0.090955
0.026190 -0.347737 0.074851
0.025326 -0.357683 0.053391
0.023999 -0.361043 0.039286
0.021000 -0.363337 0.022344
0.018751 -0.365538 0.013630
0.023491 -0.370013 0.033804
0.052140 -0.399806 0.079344
0.052697 -0.383241 0.085167
0.035707 -0.386807 0.065585
0.035891 -0.400476 0.058550
0.206719 -0.336200 -0.009376
0.202692 -0.342516 0.030117
0.094991 -0.373486 -0.089098
0.066384 -0.230917 -0.120643
0.036446 -0.231347 -0.118443
0.038887 -0.047739 -0.064070
0.037036 -0.027129 -0.069499
0.055714 -0.030798 -0.067225
0.058454 -0.051227 -0.061769
0.164903 -0.346816 -0.080730
0.192617 -0.329970 -0.051083
0.132886 -0.018574 -0.014515
0.131313 -0.034694 -0.009365
0.118274 -0.029703 -0.029108
0.120235 -0.013435 -0.035019
0.075400 -0.396500 0.095521
0.074811 -0.321384 0.103842
0.066764 -0.310325 0.109443
0.022840 -0.360736 0.027219
0.022440 -0.360383 0.027826
0.204892 -0.302990 0.003872
0.199053 -0.309063 0.038594
0.148272 -0.059877 0.045904
0.146647 -0.065184 0.071539
0.016565 -0.045738 0.179625
0.017195 -0.067341 0.179059
0.039679 -0.067236 0.179846
0.041487 -0.044189 0.184448
0.057743 -0.111522 0.170821
0.059439 -0.087595 0.173425
0.038135 -0.090223 0.176819
0.036302 -0.117239 0.173953
0.026820 -0.143221 0.173506
0.025172 -0.155152 0.173343
0.043571 -0.298479 0.120459
0.032666 -0.298438 0.122170
0.094860 -0.103663 0.150641
0.076988 -0.107311 0.163855
0.019328 -0.357483 0.015588
0.020011 -0.360246 0.018279
0.028888 -0.411350 0.021499
0.027448 -0.396707 0.032002
0.027107 -0.359498 -0.051417
0.016221 -0.357904 -0.034013
0.011068 -0.349802 -0.038488
0.009536 -0.344137 -0.049319
0.103326 -0.446135 0.086740
0.105502 -0.418230 0.097611
0.101641 -0.471625 0.075576
0.100242 -0.498198 0.065888
0.195976 -0.265925 -0.011518
0.186119 -0.261813 -0.037923
0.130681 -0.150734 0.120434
0.145829 -0.142921 0.101104
0.121111 -0.241989 0.115695
0.037423 -0.368079 0.067958
0.055793 -0.356523 0.089270
0.033621 -0.432973 0.011534
0.199167 -0.272305 0.016978
0.041578 -0.484966 -0.003714
0.038995 -0.458515 0.003174
0.075802 -0.481300 -0.077199
0.068074 -0.451511 -0.072759
0.100060 -0.453956 -0.081456
0.103724 -0.482978 -0.081903
0.128538 -0.456388 -0.078907
0.130006 -0.485601 -0.076482
0.027043 -0.386029 0.041156
0.008491 -0.340494 -0.064526
0.183785 -0.318374 0.073844
0.186963 -0.347439 0.066639
0.103014 -0.319857 0.109397
0.129159 -0.303756 0.105152
0.127065 -0.076683 0.114311
0.112238 -0.080254 0.130974
0.128546 -0.037329 0.108824
0.128082 -0.057331 0.111068
0.138640 -0.052398 0.091256
0.138614 -0.033971 0.089103
0.144331 -0.025885 0.035477
0.144803 -0.042925 0.041382
0.140419 -0.038976 0.014293
0.141190 -0.022399 0.009023
0.134152 -0.050923 -0.003820
0.143964 -0.055375 0.019939
0.071977 -0.013771 -0.065958
0.088274 -0.018694 -0.056710
0.055559 -0.301870 0.115422
0.029141 -0.370860 0.049598
0.105960 -0.390136 0.103783
0.137120 -0.357563 0.106114
0.164256 -0.353033 0.092078
0.147283 -0.248863 0.098017
0.151172 -0.270973 0.095390
0.173433 -0.260800 0.078620
0.014621 -0.359200 -0.018269
0.012835 -0.351807 -0.026027
0.078832 -0.338348 0.104194
0.042274 -0.511658 -0.012316
0.017490 -0.358834 0.007949
0.015433 -0.359488 -0.004301
0.006678 -0.332668 -0.080167
0.005731 -0.321396 -0.094483
0.025588 -0.130221 0.173263
0.012333 -0.156374 0.171920
0.011904 -0.168275 0.171327
0.050913 -0.112338 -0.065809
0.055855 -0.131340 -0.074173
0.030124 -0.131788 -0.076933
0.026495 -0.114116 -0.068420
0.003888 -0.146683 -0.086382
0.001744 -0.129834 -0.078341
0.034688 -0.150279 -0.086292
0.153216 -0.181914 -0.062018
0.148402 -0.160396 -0.055128
0.165051 -0.157833 -0.032235
0.170448 -0.179731 -0.038162
0.170306 -0.144099 -0.003818
0.177113 -0.160367 -0.006700
0.158154 -0.140465 -0.027052
0.176508 -0.150556 0.023054
0.182665 -0.167132 0.020670
0.175995 -0.158952 0.050162
0.181257 -0.177877 0.047115
0.173983 -0.188537 0.071080
0.160914 -0.199044 0.091967
0.144687 -0.229470 0.102888
0.142192 -0.210263 0.109181
0.121208 -0.220652 0.123217
0.097370 -0.229837 0.134888
0.074930 -0.236639 0.144296
0.054145 -0.241174 0.150347
0.035098 -0.243401 0.152807
0.018417 -0.244945 0.152434
0.020023 -0.265568 0.142272
0.078856 -0.084568 0.163974
0.103388 -0.023901 -0.044535
0.036767 -0.005480 -0.075845
0.054814 -0.009005 -0.072273
0.144592 -0.029602 0.064492
0.144461 -0.047258 0.068152
0.116317 -0.039452 0.127621
0.114059 -0.060271 0.128258
0.139486 -0.071174 0.094800
0.077263 -0.053359 -0.055884
0.073780 -0.033640 -0.060292
0.090242 -0.037813 -0.050707
0.094597 -0.056404 -0.047464
0.018455 -0.023710 -0.066424
0.104262 -0.143948 -0.072334
0.097487 -0.127549 -0.063289
0.116328 -0.127782 -0.053794
0.123996 -0.142704 -0.062118
0.024114 -0.093976 -0.059189
0.046293 -0.093225 -0.058952
0.169775 -0.135101 0.025537
0.162818 -0.129680 -0.000706
0.150093 -0.126667 -0.022579
0.134327 -0.125721 -0.040082
0.169505 -0.141620 0.052828
0.097842 -0.188122 0.149083
0.116914 -0.179511 0.135222
0.034806 -0.203366 0.167880
0.055622 -0.200487 0.165619
0.163201 -0.150871 0.077585
0.076878 -0.195372 0.159605
0.135070 -0.170136 0.119180
0.151095 -0.161129 0.099383
0.090352 -0.110831 -0.055926
0.070936 -0.112017 -0.061924
0.066200 -0.092624 -0.055782
0.042172 -0.070203 -0.059358
0.021418 -0.067948 -0.058128
0.019341 -0.044764 -0.061357
0.001499 -0.111875 -0.068733
0.000706 -0.093007 -0.055735
0.000770 -0.042911 -0.055786
0.000814 -0.021119 -0.061077
0.174493 -0.311625 -0.071881
0.155040 -0.328158 -0.090518
0.145575 -0.312562 -0.098399
0.160768 -0.300485 -0.085360
0.171275 -0.257549 -0.062529
0.172606 -0.232861 -0.053659
0.172506 -0.206025 -0.044993
0.124446 -0.319434 -0.109238
0.094576 -0.300043 -0.119968
0.098439 -0.321214 -0.115607
0.155897 -0.205791 -0.068266
0.155752 -0.231567 -0.075813
0.151280 -0.293031 -0.093616
0.153497 -0.278344 -0.089634
0.168540 -0.281369 -0.073851
0.120033 -0.300107 -0.113484
0.139231 -0.297280 -0.103085
0.062513 -0.147855 -0.082485
0.066671 -0.166703 -0.092566
0.038597 -0.167869 -0.095055
0.142230 -0.140931 -0.047040
0.129964 -0.160578 -0.070574
0.004307 -0.308502 -0.104293
0.137131 -0.279047 -0.103023
0.092735 -0.279239 -0.122071
0.116956 -0.278938 -0.114031
0.094222 -0.206788 -0.109124
0.116723 -0.206293 -0.099800
0.116574 -0.231452 -0.107399
0.093061 -0.230280 -0.116378
0.137205 -0.206486 -0.086350
0.134601 -0.181777 -0.078601
0.092412 -0.184419 -0.099315
0.114691 -0.182646 -0.090780
0.110193 -0.162008 -0.081240
0.136239 -0.232611 -0.094240
0.091795 -0.255362 -0.121444
0.063555 -0.254706 -0.125189
0.034010 -0.254319 -0.121920
0.004933 -0.258229 -0.117445
0.004588 -0.234135 -0.115696
0.089417 -0.164062 -0.088449
0.076971 -0.129629 -0.069433
0.084056 -0.146862 -0.078426
0.062173 -0.071661 -0.056163
0.017463 -0.367818 0.001281
0.021734 -0.374844 0.026588
0.195212 -0.282036 0.048121
0.198402 -0.296205 -0.027395
0.184504 -0.288435 -0.051964
0.036714 -0.376552 0.067866
0.054440 -0.369124 0.088528
0.179060 -0.287240 0.074365
0.133509 -0.327528 0.105213
0.027557 -0.377703 0.047299
0.154665 -0.255811 -0.082883
0.135922 -0.257173 -0.099708
0.116381 -0.256567 -0.112052
0.063923 -0.276934 -0.125860
0.033360 -0.275526 -0.122052
0.004770 -0.278008 -0.115136
0.045364 -0.315707 0.107858
0.033022 -0.310966 0.113881
0.040515 -0.308264 0.114813
0.022735 -0.300862 0.122725
0.024097 -0.314262 0.112831
0.034814 -0.322751 0.103636
0.025540 -0.326809 0.101696
0.026257 -0.339378 0.089991
0.098523 -0.208780 0.143615
0.119348 -0.200243 0.130111
0.035197 -0.223031 0.161419
0.055452 -0.220782 0.158944
0.168902 -0.169336 0.075245
0.076639 -0.216004 0.153348
0.138584 -0.190795 0.115213
0.156292 -0.180138 0.096265
0.004432 -0.188463 -0.104822
0.004155 -0.167702 -0.096465
0.016625 -0.224289 0.161058
0.016742 -0.355974 0.002478
0.014695 -0.354285 -0.010897
0.155780 -0.294039 0.094678
0.096562 -0.082441 0.148527
0.102183 -0.040944 0.147078
0.099243 -0.061894 0.147390
0.159956 -0.321879 0.093493
0.004774 -0.295085 -0.110507
0.004221 -0.210072 -0.111708
0.012903 -0.144154 0.171994
0.014271 -0.128878 0.171064
0.000922 -0.065302 -0.052515
0.012807 -0.185634 0.169608
0.015171 -0.112148 0.172545
0.014870 -0.205303 0.166809
0.016198 -0.089866 0.176202
0.021712 -0.284603 0.132502
-0.135972 -0.081003 0.037267
-0.137678 -0.076160 0.013056
-0.138746 -0.093833 0.015306
-0.136182 -0.099149 0.039289
-0.128269 -0.104460 0.062439
-0.117412 -0.110000 0.082775
-0.116750 -0.090008 0.081642
-0.128745 -0.085691 0.060438
-0.102521 -0.115400 0.101934
-0.085849 -0.121459 0.120754
-0.084044 -0.099704 0.119413
-0.100918 -0.094636 0.100973
-0.141045 -0.110749 0.016126
-0.138869 -0.115904 0.039384
-0.104922 -0.135313 0.102716
-0.088040 -0.142224 0.121454
-0.119656 -0.128784 0.083236
-0.135129 -0.089862 -0.007069
-0.133498 -0.070832 -0.011435
-0.112381 -0.080810 -0.044979
-0.126425 -0.083769 -0.028130
-0.123191 -0.065711 -0.032713
-0.108833 -0.061876 -0.049431
-0.136526 -0.105643 -0.005718
-0.114224 -0.098990 -0.042177
-0.127442 -0.101785 -0.025680
-0.170182 -0.212264 -0.009319
-0.171121 -0.239698 -0.010620
-0.173510 -0.242781 0.020139
-0.171699 -0.216528 0.020347
-0.168409 -0.193192 0.018938
-0.167780 -0.187066 -0.009550
-0.169416 -0.250749 0.047225
-0.165866 -0.225179 0.046737
-0.142812 -0.122411 -0.007568
-0.147080 -0.126948 0.015662
-0.123956 -0.339870 -0.079955
-0.097214 -0.344621 -0.092078
-0.095695 -0.358186 -0.083215
-0.127517 -0.356180 -0.071111
-0.022028 -0.330779 -0.100994
-0.017981 -0.343574 -0.086835
-0.056501 -0.353912 -0.087690
-0.061542 -0.340091 -0.099328
-0.029862 -0.213634 -0.112754
-0.060180 -0.216271 -0.111985
-0.060266 -0.194878 -0.104790
-0.030696 -0.191785 -0.105635
-0.120627 -0.115977 -0.045913
-0.133830 -0.118774 -0.028638
-0.144072 -0.132534 0.040342
-0.170810 -0.383380 0.055347
-0.181463 -0.374832 0.019525
-0.178374 -0.407552 0.014304
-0.168126 -0.416339 0.047823
-0.154951 -0.401307 -0.048510
-0.156672 -0.373806 -0.048188
-0.126798 -0.377654 -0.068055
-0.124416 -0.400511 -0.066675
-0.069384 -0.148215 0.137932
-0.089774 -0.161486 0.120833
-0.070865 -0.168298 0.136999
-0.011778 -0.162299 0.167607
-0.032896 -0.158349 0.160926
-0.031556 -0.179680 0.160548
-0.010170 -0.183246 0.166791
-0.006112 -0.287602 0.128888
0.008996 -0.285172 0.132157
0.004907 -0.266284 0.141284
-0.012977 -0.267115 0.138548
-0.153360 -0.234714 0.070919
-0.133773 -0.243880 0.091410
-0.133396 -0.222504 0.089007
-0.151053 -0.212755 0.069113
-0.012609 -0.353352 -0.069215
-0.050120 -0.366196 -0.074107
-0.146572 -0.425516 0.077697
-0.147677 -0.391316 0.086791
-0.114112 -0.431626 0.097800
-0.077873 -0.432527 0.103365
-0.080389 -0.403681 0.111439
-0.115775 -0.400141 0.105942
0.015119 -0.354181 0.067047
0.001234 -0.339169 0.091797
-0.003145 -0.352111 0.085957
0.014298 -0.363480 0.062405
-0.026519 -0.301259 -0.115611
-0.024943 -0.317790 -0.109534
-0.060723 -0.324882 -0.107748
-0.060277 -0.307238 -0.114237
-0.097838 -0.097073 -0.054097
-0.103310 -0.114822 -0.058973
-0.080162 -0.095947 -0.061443
-0.095710 -0.078328 -0.057203
-0.077909 -0.075747 -0.064227
-0.085971 -0.395101 -0.073174
-0.036333 -0.384728 -0.062613
-0.058526 -0.421175 -0.066295
-0.094914 -0.424674 -0.070967
-0.152606 -0.429589 -0.048682
-0.171007 -0.433055 -0.022973
-0.175478 -0.401661 -0.021328
-0.173889 -0.439504 0.009460
-0.163260 -0.447846 0.041804
-0.108871 -0.461848 0.088720
-0.074989 -0.461450 0.094325
-0.000527 -0.421269 0.049652
-0.017457 -0.427394 0.073724
-0.018434 -0.451343 0.063003
-0.003936 -0.444087 0.037479
-0.046051 -0.294585 0.120346
-0.082559 -0.274380 0.115161
-0.083071 -0.296975 0.114980
-0.052633 -0.315857 0.115126
-0.015374 -0.141087 0.167533
-0.032267 -0.136854 0.161876
-0.050735 -0.153821 0.151390
-0.049336 -0.132685 0.152511
-0.067732 -0.127280 0.138047
-0.029025 -0.045084 0.167542
-0.048901 -0.044149 0.153958
-0.047587 -0.064598 0.155662
-0.027287 -0.066639 0.168134
-0.157198 -0.259217 0.073850
-0.002043 -0.390910 -0.039031
0.013508 -0.400277 -0.013598
-0.008431 -0.430686 -0.021308
-0.028053 -0.424661 -0.047268
-0.162824 -0.202290 0.045129
-0.130752 -0.121773 0.062802
-0.135395 -0.139208 0.063223
-0.176737 -0.370489 -0.018332
-0.105196 -0.489961 0.080290
-0.100390 -0.516268 0.071904
-0.073528 -0.516347 0.076562
-0.072212 -0.490034 0.085824
-0.011546 -0.465655 0.002177
-0.010780 -0.470480 0.025890
-0.019604 -0.497681 0.017129
-0.025935 -0.494042 -0.002616
-0.038059 -0.519477 -0.009801
-0.027458 -0.524652 0.007697
-0.140858 -0.457074 0.068679
-0.146936 -0.505348 0.036628
-0.124817 -0.513623 0.056868
-0.132740 -0.484795 0.062028
-0.155499 -0.477219 0.036412
-0.127559 -0.428613 -0.063849
0.001852 -0.437040 0.010245
0.009075 -0.414262 0.024255
-0.044160 -0.491785 -0.038423
-0.058937 -0.486890 -0.059646
-0.047304 -0.457117 -0.055363
-0.031480 -0.463083 -0.031904
-0.157476 -0.487660 -0.043045
-0.166673 -0.487752 -0.014367
-0.168721 -0.462072 -0.020108
-0.155485 -0.459524 -0.047455
-0.168428 -0.468722 0.009811
-0.162224 -0.495939 0.011902
-0.155605 -0.522023 0.010561
-0.164130 -0.511416 -0.010538
-0.157484 -0.523981 -0.042294
-0.157816 -0.512537 -0.042560
-0.138639 -0.512610 -0.066883
-0.141169 -0.528444 -0.069465
-0.111711 -0.511132 -0.079028
-0.086968 -0.510885 -0.078508
-0.089100 -0.535270 -0.084710
-0.114617 -0.531864 -0.084448
-0.066426 -0.513642 -0.067343
-0.052362 -0.517714 -0.047442
0.010767 -0.364416 -0.019046
0.018805 -0.376121 0.006763
0.016099 -0.383308 -0.003666
0.004430 -0.369357 -0.029499
-0.026998 -0.505992 0.043473
-0.022490 -0.478030 0.052986
-0.048711 -0.380809 0.107939
-0.020790 -0.385975 0.090790
-0.024016 -0.369212 0.097037
-0.051866 -0.358124 0.111026
0.020939 -0.361919 0.036311
0.019892 -0.360541 0.049556
0.019481 -0.366417 0.044758
0.020341 -0.365539 0.030288
-0.119258 -0.047865 -0.038296
-0.104164 -0.046089 -0.053696
-0.051531 -0.175239 0.150866
-0.057180 -0.263680 0.126655
-0.022988 -0.290915 0.125408
-0.033071 -0.267639 0.133382
0.018083 -0.339657 0.089183
0.018850 -0.362671 0.016641
0.020952 -0.368859 0.024753
0.017560 -0.362923 0.007168
0.000286 -0.402795 0.059970
0.013477 -0.399102 0.038136
0.014005 -0.387787 0.047000
-0.000601 -0.388007 0.067565
-0.170161 -0.350414 0.063745
-0.183057 -0.341527 0.027473
-0.090625 -0.375678 -0.077136
-0.027703 -0.236399 -0.116990
-0.058595 -0.239928 -0.116926
-0.034869 -0.049826 -0.069539
-0.054461 -0.052486 -0.070451
-0.051180 -0.032248 -0.075679
-0.032248 -0.028582 -0.075081
-0.177600 -0.334691 -0.014400
-0.156573 -0.348351 -0.051085
-0.133010 -0.016868 -0.026833
-0.119562 -0.011088 -0.048226
-0.118427 -0.029439 -0.044314
-0.130500 -0.034944 -0.023086
-0.018355 -0.404869 0.083638
-0.026866 -0.335600 0.106199
-0.020854 -0.321983 0.110240
0.020343 -0.360233 0.024151
-0.180755 -0.309756 0.038443
-0.166649 -0.317724 0.071574
-0.128286 -0.066697 0.057737
-0.134280 -0.063302 0.034179
-0.006819 -0.045779 0.175552
-0.005056 -0.068070 0.175598
-0.028625 -0.112822 0.165046
-0.007489 -0.117439 0.170895
-0.005174 -0.091470 0.173862
-0.027026 -0.088859 0.167722
-0.001222 -0.143354 0.170718
-0.000611 -0.154724 0.170336
-0.000016 -0.304721 0.121442
0.011805 -0.301660 0.122870
-0.047704 -0.108529 0.154290
-0.066978 -0.104237 0.137761
0.019190 -0.360112 0.016473
0.021776 -0.394037 0.019318
0.017997 -0.408062 0.006405
-0.004177 -0.358299 -0.049968
0.006980 -0.354701 -0.036285
-0.041915 -0.458943 0.084150
-0.044206 -0.431128 0.094282
-0.045178 -0.487337 0.075719
-0.047827 -0.514818 0.065782
-0.172061 -0.266611 -0.015478
-0.177928 -0.270966 0.013160
-0.123042 -0.147008 0.083494
-0.107504 -0.154272 0.102479
-0.085218 -0.250597 0.116586
-0.002734 -0.364690 0.080624
0.016058 -0.372487 0.058813
0.003728 -0.433582 -0.004732
-0.174322 -0.276683 0.043945
-0.025090 -0.464964 -0.011634
-0.036876 -0.493414 -0.018149
-0.082107 -0.484207 -0.072908
-0.109537 -0.483892 -0.074813
-0.103143 -0.454798 -0.072121
-0.072901 -0.454619 -0.070051
-0.137362 -0.486426 -0.064945
-0.133728 -0.456874 -0.063897
0.022153 -0.384771 0.028683
-0.146263 -0.357651 0.092486
-0.143173 -0.327023 0.097300
-0.082686 -0.321082 0.115916
-0.053344 -0.336432 0.112791
-0.082764 -0.079374 0.117888
-0.099981 -0.074969 0.099151
-0.101445 -0.034625 0.090953
-0.116904 -0.032684 0.073139
-0.116696 -0.051454 0.076594
-0.100129 -0.054705 0.096195
-0.137907 -0.026673 0.025376
-0.139771 -0.022096 -0.001775
-0.136835 -0.040678 0.001541
-0.135114 -0.045102 0.029289
-0.135263 -0.058950 0.008027
-0.130080 -0.052865 -0.016712
-0.068992 -0.014797 -0.077487
-0.086499 -0.019166 -0.070450
-0.010532 -0.311600 0.116942
0.021461 -0.372418 0.040803
-0.046407 -0.404589 0.102723
-0.080713 -0.375115 0.116589
-0.115667 -0.368651 0.111922
-0.110370 -0.258954 0.103476
-0.136609 -0.268999 0.094724
-0.111587 -0.282360 0.107038
0.011548 -0.356022 -0.020719
-0.026597 -0.352259 0.101990
-0.046484 -0.519226 -0.026213
0.017152 -0.357470 0.006189
0.014446 -0.356766 -0.006285
0.001941 -0.130227 0.170907
-0.045789 -0.114295 -0.073744
-0.022509 -0.113800 -0.072780
-0.024634 -0.131199 -0.080818
-0.049932 -0.132147 -0.081397
-0.028243 -0.151736 -0.089628
-0.144962 -0.188901 -0.060211
-0.159367 -0.186728 -0.036362
-0.154918 -0.166424 -0.035624
-0.140610 -0.166795 -0.057378
-0.157669 -0.152362 -0.010210
-0.148389 -0.149348 -0.034423
-0.163465 -0.167890 -0.009475
-0.164597 -0.173755 0.017666
-0.159827 -0.157439 0.016446
-0.159218 -0.182508 0.042849
-0.155008 -0.164811 0.041977
-0.148248 -0.192765 0.064921
-0.132301 -0.202674 0.086343
-0.110594 -0.235557 0.104725
-0.087593 -0.226327 0.118686
-0.111069 -0.214033 0.103043
-0.040687 -0.242415 0.141922
-0.063684 -0.237283 0.131413
0.000551 -0.245477 0.151217
-0.019271 -0.245008 0.148420
-0.047197 -0.085700 0.155898
-0.102667 -0.023829 -0.060057
-0.102977 -0.004633 -0.064577
-0.031864 -0.006238 -0.081457
-0.050308 -0.010500 -0.081052
-0.128247 -0.048197 0.054223
-0.129624 -0.030164 0.051300
-0.082464 -0.058490 0.115850
-0.083217 -0.037326 0.111660
-0.116297 -0.070524 0.079571
-0.074008 -0.055537 -0.067830
-0.091995 -0.058585 -0.061044
-0.088210 -0.039004 -0.065074
-0.070516 -0.035812 -0.072484
-0.014550 -0.003840 -0.077428
-0.015138 -0.024711 -0.069500
-0.095719 -0.150939 -0.079882
-0.115991 -0.148221 -0.069760
-0.109524 -0.132164 -0.063441
-0.090293 -0.131856 -0.073531
-0.042028 -0.094253 -0.065600
-0.020692 -0.094766 -0.063173
-0.150735 -0.137276 -0.008888
-0.154005 -0.142366 0.016108
-0.127078 -0.132251 -0.049758
-0.141238 -0.134036 -0.031470
-0.150115 -0.148695 0.041571
-0.090649 -0.181940 0.121084
-0.070720 -0.190194 0.137459
-0.028804 -0.201087 0.159294
-0.006927 -0.203560 0.164452
-0.140498 -0.156526 0.064115
-0.050027 -0.196779 0.150586
-0.127272 -0.165242 0.084374
-0.109853 -0.173632 0.103010
-0.062179 -0.094990 -0.065048
-0.066328 -0.114155 -0.072185
-0.084877 -0.114360 -0.067654
-0.016374 -0.046598 -0.064312
-0.018435 -0.069247 -0.061351
-0.038542 -0.071213 -0.066366
-0.164210 -0.315090 -0.041617
-0.147568 -0.331217 -0.062201
-0.152520 -0.306087 -0.059577
-0.139576 -0.317729 -0.073406
-0.161919 -0.238219 -0.037989
-0.161444 -0.265191 -0.043000
-0.161803 -0.212452 -0.036807
-0.120296 -0.325197 -0.088255
-0.094321 -0.328428 -0.100004
-0.091219 -0.310081 -0.106327
-0.147459 -0.214136 -0.061217
-0.147645 -0.240055 -0.062410
-0.144355 -0.301474 -0.069259
-0.158744 -0.287824 -0.050034
-0.146304 -0.287762 -0.067561
-0.116040 -0.309376 -0.093958
-0.133802 -0.305939 -0.080419
-0.054308 -0.150444 -0.089287
-0.029626 -0.171008 -0.097084
-0.057336 -0.174172 -0.096580
-0.134123 -0.147849 -0.053982
-0.120672 -0.171375 -0.073817
-0.132251 -0.289258 -0.082866
-0.112692 -0.291454 -0.097832
-0.087970 -0.290347 -0.110712
-0.086194 -0.218992 -0.105600
-0.085773 -0.242517 -0.110015
-0.109019 -0.245734 -0.098614
-0.108998 -0.220380 -0.094903
-0.126280 -0.194414 -0.078308
-0.128835 -0.219971 -0.080613
-0.084378 -0.196152 -0.099724
-0.106415 -0.196020 -0.091248
-0.101140 -0.172327 -0.085544
-0.129438 -0.245406 -0.082549
-0.056308 -0.263773 -0.119691
-0.086386 -0.265214 -0.112153
-0.025867 -0.258972 -0.119266
-0.080575 -0.173120 -0.092873
-0.075210 -0.151982 -0.085962
-0.069671 -0.134033 -0.078802
-0.058819 -0.073409 -0.066986
0.020790 -0.372157 0.017196
0.015340 -0.363478 -0.005228
-0.162256 -0.286567 0.074442
-0.181025 -0.300272 0.001781
-0.171158 -0.291934 -0.026644
-0.001475 -0.376401 0.074990
0.014972 -0.379819 0.053321
-0.140509 -0.297106 0.096544
-0.082544 -0.347160 0.117788
0.022001 -0.377850 0.035576
-0.147370 -0.265335 -0.064874
-0.130390 -0.269379 -0.083328
-0.110211 -0.269643 -0.099439
-0.058876 -0.285928 -0.119134
-0.026353 -0.281581 -0.119269
0.002430 -0.323920 0.107623
0.005355 -0.314610 0.115296
0.014387 -0.314645 0.113867
0.015239 -0.327281 0.102824
-0.090280 -0.203726 0.120848
-0.068142 -0.212755 0.135439
-0.024234 -0.222916 0.155312
-0.003012 -0.224875 0.159848
-0.144835 -0.174067 0.064100
-0.046072 -0.218790 0.147506
-0.130339 -0.183441 0.084800
-0.110981 -0.193404 0.102905
-0.113554 -0.309447 0.111161
-0.066183 -0.082373 0.137992
-0.066549 -0.040721 0.133281
-0.066058 -0.061890 0.136181
-0.114707 -0.338525 0.113579