-0.043459 -0.703988 -0.203129
-0.043890 -0.701516 -0.212028
-0.070919 -0.689907 -0.242008
-0.090006 -0.689089 -0.236040
-0.111257 -0.691629 -0.198887
-0.122834 -0.694299 -0.113757
-0.255542 -0.672121 -0.094451
-0.315040 -0.659456 -0.067411
-0.316787 -0.660013 -0.055949
-0.316555 -0.661335 -0.050416
-0.308576 -0.664881 -0.034519
-0.290427 -0.670422 -0.021883
-0.239116 -0.681628 0.006931
-0.257847 -0.674812 0.108024
-0.264552 -0.671987 0.122101
-0.268025 -0.670070 0.131921
-0.262258 -0.665858 0.176299
-0.204234 -0.677207 0.184021
-0.142542 -0.692632 0.144260
-0.091372 -0.700350 0.140060
-0.045306 -0.704021 0.293455
-0.022497 -0.703637 0.312837
-0.012008 -0.704492 0.315664
0.018888 -0.709138 0.306484
0.040109 -0.717431 0.267656
0.054396 -0.720950 0.171070
0.093000 -0.715987 0.144884
0.108971 -0.713865 0.145417
0.125307 -0.711502 0.149772
0.155640 -0.705658 0.166075
0.186389 -0.698195 0.189506
0.233021 -0.688292 0.196812
0.253038 -0.689672 0.144347
0.247017 -0.692213 0.125076
0.233927 -0.696099 0.095402
0.229253 -0.697712 0.066680
0.247918 -0.695664 0.035770
0.322769 -0.683070 0.002995
0.331666 -0.680778 -0.006657
0.335506 -0.679649 -0.015376
0.336713 -0.679258 -0.026391
0.334997 -0.679599 -0.036196
0.326031 -0.682048 -0.049530
0.219454 -0.709474 -0.065177
0.183784 -0.715036 -0.071081
0.164125 -0.716986 -0.082999
0.153364 -0.717563 -0.096097
0.146846 -0.717542 -0.114300
0.145280 -0.717002 -0.125400
0.153390 -0.710370 -0.196478
0.152142 -0.705627 -0.222941
0.146591 -0.702252 -0.238225
0.092013 -0.703413 -0.247114
0.079223 -0.708035 -0.228389
0.060364 -0.719611 -0.163756
0.008923 -0.724249 -0.128361
-0.026251 -0.668742 -0.138653
-0.024032 -0.639722 -0.135665
-0.019990 -0.582133 -0.130508
-0.016528 -0.539247 -0.126991
-0.015817 -0.502868 -0.126304
-0.013184 -0.435879 -0.122199
-0.012520 -0.396613 -0.120485
-0.009787 -0.292328 -0.119612
-0.007366 -0.264322 -0.122292
-0.010275 -0.234358 -0.110180
-0.008516 -0.223123 -0.103314
-0.007202 -0.212178 -0.096912
-0.003847 -0.125901 -0.079183
0.084700 -0.120912 -0.072799
0.100666 -0.119700 -0.065846
0.119198 -0.118194 -0.052185
0.134193 -0.117281 -0.034167
0.145556 -0.117091 -0.013312
0.151568 -0.117605 0.010986
0.152259 -0.118875 0.034423
0.150304 -0.119794 0.047112
0.147124 -0.121163 0.060825
0.135900 -0.123224 0.084218
0.120349 -0.125583 0.102932
0.022577 -0.130589 0.164229
-0.044683 -0.130149 0.157824
-0.065100 -0.129582 0.147413
-0.120578 -0.126676 0.096131
-0.151834 -0.122156 0.029737
-0.151404 -0.121360 0.012854
-0.130301 -0.121669 -0.041743
-0.043143 -0.148543 -0.078191
0.018843 -0.192694 -0.087130
-0.007864 -0.156145 -0.077939
-0.007296 -0.147286 -0.077543
0.007085 -0.167092 -0.079166
0.021379 -0.139919 -0.076721
-0.035647 -0.159593 -0.078342
0.003868 -0.216773 -0.097922
-0.012583 -0.194741 -0.087949
-0.011029 -0.179250 -0.082424
-0.043518 -0.177935 -0.081793
-0.028511 -0.722735 -0.143977
-0.040268 -0.689495 -0.159915
-0.018006 -0.705432 -0.135410
-0.097503 -0.313861 -0.116012
-0.025889 -0.137081 -0.078508
-0.032553 -0.210163 -0.094253
-0.056920 -0.219687 -0.096629
-0.026927 -0.226105 -0.103498
-0.046079 -0.242858 -0.108908
0.018837 -0.181337 -0.082431
-0.003879 -0.248936 -0.116871
-0.000277 -0.237093 -0.107489
0.003156 -0.205732 -0.093633
0.029935 -0.163942 -0.077679
-0.022638 -0.166810 -0.079510
-0.041375 -0.680654 -0.176846
-0.032128 -0.688517 -0.146046
-0.042417 -0.715802 -0.157697
0.141802 -0.585047 -0.124273
0.052774 -0.688556 -0.145466
-0.290467 -0.571962 -0.057505
-0.122391 -0.223767 0.124966
-0.142879 -0.157283 -0.028868
-0.057160 -0.125756 -0.081190
0.051399 -0.134777 -0.075862
-0.019831 -0.257024 -0.122700
0.007711 -0.244912 -0.108068
0.002736 -0.264058 -0.122958
0.012650 -0.213528 -0.098432
0.019402 -0.226483 -0.105585
0.035086 -0.229622 -0.110141
0.005071 -0.234640 -0.104505
0.032006 -0.244508 -0.109846
0.017043 -0.245778 -0.108438
-0.035093 -0.668998 -0.153157
-0.043239 -0.692668 -0.168743
0.064826 -0.675384 -0.168590
-0.010185 -0.642492 -0.125748
-0.020047 -0.682798 -0.134396
-0.027554 -0.701199 -0.141578
-0.244728 -0.618819 -0.000921
-0.135174 -0.137666 -0.038566
-0.119296 -0.136296 -0.055598
0.064433 -0.122748 -0.076965
0.042482 -0.123575 -0.078017
-0.008763 -0.273991 -0.116638
0.000098 -0.267190 -0.124177
0.023603 -0.203281 -0.092771
0.037226 -0.221402 -0.106158
0.054002 -0.272835 -0.116562
-0.060129 -0.134195 -0.078874
-0.046785 -0.195599 -0.087171
-0.038872 -0.506503 -0.176899
-0.039023 -0.406271 -0.162317
-0.233326 -0.677318 -0.091413
0.105023 -0.199294 0.131044
-0.050220 -0.658268 0.268422
-0.031127 -0.665009 -0.145819
-0.044246 -0.706771 -0.192503
-0.047417 -0.696822 -0.226596
-0.046198 -0.712617 -0.168989
0.222679 -0.651850 0.192379
0.246528 -0.648518 0.146956
0.036704 -0.690335 -0.130141
0.050960 -0.721913 -0.145885
0.029494 -0.723725 -0.129735
0.039246 -0.723344 -0.134151
0.009862 -0.698319 -0.125833
-0.011882 -0.684893 -0.130034
-0.019242 -0.356357 -0.126308
-0.222182 -0.662558 0.045146
-0.147946 -0.139124 -0.016229
-0.140092 -0.121231 -0.025933
-0.114929 -0.122595 -0.058564
-0.007877 -0.310287 -0.120248
-0.000488 -0.310007 -0.121833
-0.049714 -0.282028 -0.127524
0.002512 -0.288089 -0.124387
-0.001868 -0.294878 -0.119566
0.015075 -0.266962 -0.119029
0.021449 -0.262132 -0.113516
0.033933 -0.153329 -0.076261
0.053498 -0.175357 -0.079066
0.038774 -0.189045 -0.084390
-0.078212 -0.125087 -0.077835
-0.099370 -0.124074 -0.069535
-0.115835 -0.694884 -0.135368
-0.208761 -0.647316 0.184229
-0.246369 -0.618115 0.174405
-0.024222 -0.664515 0.302760
-0.040554 -0.670345 -0.201983
-0.038535 -0.665036 -0.188037
-0.040219 -0.675482 -0.168215
-0.053882 -0.692824 -0.236946
-0.045617 -0.668271 -0.219028
-0.058136 -0.691951 -0.240491
0.158970 -0.690629 -0.085486
0.074217 -0.710826 -0.215592
0.085131 -0.705106 -0.240089
-0.006861 -0.550102 -0.119726
-0.004592 -0.512691 -0.117441
0.056654 -0.720731 -0.155276
-0.018007 -0.636599 -0.129960
-0.017849 -0.628340 -0.129548
-0.016968 -0.290551 -0.123105
-0.014361 -0.280608 -0.121895
-0.016653 -0.316812 -0.121377
-0.019206 -0.308013 -0.123133
-0.021628 -0.319839 -0.125246
-0.224043 -0.665023 0.056313
-0.121524 -0.157415 0.102182
-0.136731 -0.143962 0.080798
-0.134920 -0.124891 0.077969
-0.152356 -0.129764 0.005011
-0.006622 -0.390447 -0.116290
-0.004434 -0.367218 -0.115673
-0.005337 -0.340093 -0.118376
-0.011105 -0.321469 -0.122851
-0.072840 -0.246956 -0.106832
0.011418 -0.289270 -0.127905
0.007241 -0.277373 -0.126142
0.057413 -0.152682 -0.074910
0.048623 -0.164236 -0.076865
0.037499 -0.259247 -0.112056
-0.019250 -0.388353 -0.129254
-0.158992 -0.673034 -0.085498
-0.190850 -0.686219 -0.085284
-0.026745 -0.130698 0.162502
-0.215105 -0.674351 0.188435
-0.226562 -0.638752 0.186614
-0.051002 -0.703940 0.281280
0.030125 -0.697249 0.289586
-0.026116 -0.621504 -0.139719
-0.036672 -0.660528 -0.159775
-0.041727 -0.659608 -0.206782
-0.048948 -0.663178 -0.224399
-0.021015 -0.594272 -0.131965
-0.020508 -0.513900 -0.134109
-0.079606 -0.689126 -0.240075
-0.102799 -0.689225 -0.225602
-0.103441 -0.689278 -0.224584
0.204845 -0.671303 0.195926
0.229632 -0.667634 0.095827
0.109555 -0.700365 -0.256341
0.120072 -0.699613 -0.256831
-0.013647 -0.585148 -0.125333
-0.011849 -0.594569 -0.124585
-0.009705 -0.520257 -0.120524
-0.010511 -0.493733 -0.120966
-0.008345 -0.481664 -0.119192
-0.003238 -0.458272 -0.115716
0.059592 -0.681596 -0.156044
0.066557 -0.716472 -0.184538
-0.006116 -0.620461 -0.122766
-0.010445 -0.271551 -0.123733
-0.031908 -0.272001 -0.128194
-0.017967 -0.267160 -0.127419
-0.015853 -0.298974 -0.121438
-0.012600 -0.330663 -0.119853
-0.019049 -0.338167 -0.123398
-0.012495 -0.356407 -0.119052
-0.022738 -0.344078 -0.131129
-0.266138 -0.676189 -0.011578
-0.230246 -0.663047 0.016421
-0.225932 -0.684129 0.031972
-0.224854 -0.684296 0.039789
-0.232209 -0.683073 0.016547
-0.225400 -0.684090 0.050635
-0.253949 -0.648600 0.111057
-0.270037 -0.667179 0.152218
-0.146129 -0.123370 0.055686
-0.123048 -0.156782 -0.052698
-0.146904 -0.121090 -0.009926
0.121233 -0.124632 -0.050408
0.135752 -0.126325 -0.033624
-0.006049 -0.410169 -0.116168
0.007554 -0.351918 -0.118416
0.089195 -0.156268 -0.069179
0.046054 -0.258036 -0.114438
0.051380 -0.252924 -0.118470
0.056255 -0.249544 -0.122085
-0.131529 -0.693874 -0.100556
-0.195377 -0.636857 -0.081575
-0.167606 -0.689779 -0.085018
-0.008764 -0.131055 0.163960
0.021350 -0.155357 0.166148
-0.187713 -0.681884 0.173586
-0.058327 -0.705589 0.181799
-0.056634 -0.706248 0.201426
0.028052 -0.711940 0.296199
-0.030356 -0.635023 -0.147723
-0.060178 -0.652259 -0.230978
-0.062475 -0.672996 -0.236951
-0.023900 -0.578614 -0.138385
-0.031298 -0.569728 -0.164260
-0.027390 -0.565444 -0.149574
-0.023131 -0.543177 -0.138585
-0.027776 -0.518535 -0.150999
-0.090259 -0.675157 -0.232592
-0.108939 -0.681777 -0.205573
0.205983 -0.693423 0.198789
0.244101 -0.686893 0.188860
0.248273 -0.686707 0.184010
0.253894 -0.686848 0.171795
0.227559 -0.685152 0.073550
0.274587 -0.691882 0.021730
0.232244 -0.674853 0.050034
0.325007 -0.657150 -0.038888
0.294247 -0.690910 -0.065509
0.265426 -0.698847 -0.066667
0.181594 -0.688881 -0.068987
0.130801 -0.699126 -0.254160
-0.000695 -0.571404 -0.117867
0.009485 -0.551427 -0.115119
0.000960 -0.540621 -0.116256
-0.013975 -0.459057 -0.123469
0.021914 -0.683686 -0.125102
0.021938 -0.708341 -0.127326
-0.016461 -0.278319 -0.129036
-0.027250 -0.288010 -0.136735
-0.022465 -0.294417 -0.134136
-0.026901 -0.302067 -0.139299
-0.026992 -0.374516 -0.144775
-0.311319 -0.648719 -0.044768
-0.305247 -0.643186 -0.076008
-0.307188 -0.626949 -0.050964
-0.309777 -0.660308 -0.077851
-0.301423 -0.667258 -0.028199
-0.295852 -0.638145 -0.026951
-0.283275 -0.644167 -0.018583
-0.247075 -0.680152 -0.000295
-0.223637 -0.641978 0.024910
-0.225450 -0.665840 0.026737
-0.231301 -0.682721 0.068203
-0.225222 -0.650762 0.066444
-0.235967 -0.681378 0.076855
-0.261771 -0.652404 0.170181
-0.091185 -0.128744 0.125507
-0.082395 -0.129306 0.133904
-0.091324 -0.131136 -0.072453
-0.080427 -0.138860 -0.075544
0.147353 -0.126267 -0.011629
0.003801 -0.383230 -0.113984
-0.000371 -0.397798 -0.114109
-0.006314 -0.433351 -0.117010
0.070702 -0.162259 -0.074739
0.070676 -0.149857 -0.073506
0.086028 -0.132695 -0.070982
0.056261 -0.238901 -0.116832
0.047578 -0.241288 -0.116828
0.079378 -0.223218 -0.095201
0.050788 -0.201866 -0.089014
0.068293 -0.250122 -0.121167
0.050132 -0.227978 -0.109866
0.057238 -0.218987 -0.098833
0.040718 -0.226974 -0.109774
-0.020580 -0.467994 -0.134234
-0.018208 -0.416741 -0.128972
-0.113643 -0.694552 -0.152208
-0.126291 -0.669306 -0.105793
0.044754 -0.129840 0.159814
0.084715 -0.128723 0.136106
-0.220893 -0.657728 0.188333
-0.162135 -0.688334 0.155560
-0.078897 -0.702424 0.147103
-0.062538 -0.704665 0.168369
-0.067768 -0.703948 0.158423
-0.113514 -0.697601 0.137319
-0.056891 -0.706134 0.245423
-0.054257 -0.664664 0.235488
-0.051645 -0.674032 0.267987
-0.053354 -0.657572 0.249179
-0.043020 -0.689615 0.293017
-0.036460 -0.703644 0.304215
-0.031171 -0.694447 0.306141
0.023590 -0.699893 0.299696
0.014786 -0.669829 0.300115
0.010824 -0.707254 0.311766
0.000243 -0.683057 0.309796
-0.010504 -0.688108 0.311574
0.001674 -0.705880 0.314861
0.042089 -0.719448 0.252234
0.043890 -0.722373 0.204227
0.063499 -0.719849 0.159290
0.054797 -0.699096 0.169590
0.132130 -0.710398 0.152388
0.141384 -0.708542 0.156910
-0.027436 -0.605734 -0.144290
-0.031119 -0.611546 -0.159708
-0.034789 -0.618366 -0.180746
-0.053183 -0.576672 -0.209560
-0.041468 -0.572872 -0.193889
-0.065608 -0.526469 -0.202068
-0.045647 -0.542173 -0.194725
-0.051454 -0.535426 -0.199311
-0.112062 -0.691943 -0.193528
-0.099393 -0.671022 -0.223640
0.239215 -0.659760 0.184815
0.233726 -0.671745 0.192352
0.255327 -0.687531 0.160199
0.230685 -0.696917 0.084435
0.233868 -0.697298 0.051599
0.228254 -0.682736 0.062159
0.309834 -0.686636 -0.060704
0.300753 -0.658181 -0.057743
0.134554 -0.139250 0.089309
0.147929 -0.151815 0.069472
0.146909 -0.135231 0.066614
0.148821 -0.717383 -0.105822
0.143806 -0.654215 -0.120383
0.145874 -0.691283 -0.113934
0.172049 -0.716309 -0.076283
0.195269 -0.713497 -0.067789
0.171617 -0.693976 -0.074607
0.171225 -0.668109 -0.072426
0.150264 -0.659973 -0.187064
0.145624 -0.715992 -0.147196
0.151746 -0.678905 -0.201189
0.138055 -0.700892 -0.248955
0.066896 -0.677630 -0.176563
0.126291 -0.681057 -0.250436
0.113453 -0.679652 -0.251330
0.000998 -0.483631 -0.114576
0.008074 -0.510324 -0.113745
0.000345 -0.435254 -0.114075
-0.004569 -0.657599 -0.124796
-0.017129 -0.659697 -0.130674
0.038401 -0.664872 -0.129320
-0.286558 -0.633517 -0.087633
-0.273079 -0.667792 -0.095417
-0.238090 -0.643721 0.005039
-0.247655 -0.647357 -0.001721
-0.253986 -0.678760 -0.004825
-0.270068 -0.668332 0.143369
-0.262837 -0.642451 0.158584
-0.268140 -0.666262 0.163761
-0.255992 -0.665943 0.184040
-0.153948 -0.137393 0.032692
-0.148417 -0.142577 0.058024
-0.155139 -0.144861 0.008545
-0.105784 -0.158474 -0.064417
-0.094717 -0.151336 -0.069585
0.002052 -0.421757 -0.113547
0.018349 -0.281481 -0.124768
0.042042 -0.273900 -0.115986
0.065901 -0.294617 -0.122433
0.054887 -0.283104 -0.118100
0.058950 -0.297441 -0.120942
0.052852 -0.312262 -0.125444
0.036561 -0.312077 -0.127343
0.044611 -0.300683 -0.125191
0.045105 -0.209511 -0.094914
0.071681 -0.262541 -0.128347
-0.149822 -0.692135 -0.089626
0.079257 -0.146391 0.142973
-0.245403 -0.667646 0.189387
-0.234592 -0.669997 0.190858
-0.111042 -0.659969 0.136361
-0.102671 -0.684142 0.137037
-0.098327 -0.699816 0.137759
-0.054538 -0.705277 0.267110
-0.020474 -0.683016 0.308629
0.034004 -0.714276 0.285412
0.048753 -0.721502 0.182524
0.106122 -0.693090 0.144708
0.126619 -0.684267 0.149839
0.093352 -0.685573 0.144261
-0.067538 -0.644864 -0.230901
-0.082344 -0.652333 -0.230942
-0.073062 -0.663517 -0.235771
-0.074437 -0.627808 -0.226413
-0.054020 -0.661881 -0.230004
-0.055213 -0.637838 -0.225122
-0.035443 -0.546121 -0.174558
-0.038498 -0.533081 -0.179510
-0.059174 -0.547231 -0.206005
-0.049523 -0.601135 -0.211963
-0.090970 -0.653441 -0.226466
0.220038 -0.690270 0.199923
0.246675 -0.663186 0.136952
0.303194 -0.687129 0.013929
0.258093 -0.693813 0.028841
0.306866 -0.653171 0.010510
0.309100 -0.673006 0.011092
0.240203 -0.696503 0.043156
0.260185 -0.674625 0.027109
0.315813 -0.673042 -0.054329
0.321432 -0.669141 -0.049201
0.155715 -0.143013 0.016216
0.078262 -0.674076 -0.219584
0.102292 -0.690999 -0.250584
0.145876 -0.659579 -0.222024
0.014279 -0.522998 -0.113515
0.024356 -0.523142 -0.114687
0.032707 -0.516781 -0.116419
0.029184 -0.485923 -0.114277
0.010348 -0.442503 -0.112073
0.004188 -0.673843 -0.124604
0.000928 -0.633369 -0.121695
0.012396 -0.641769 -0.121097
0.021085 -0.635911 -0.120964
0.015351 -0.660988 -0.122525
-0.025636 -0.329373 -0.138642
-0.036566 -0.310547 -0.144326
-0.030535 -0.343287 -0.147039
-0.298636 -0.639404 -0.082659
-0.284334 -0.665064 -0.094450
-0.303216 -0.637129 -0.035303
-0.221403 -0.651971 0.036693
-0.261885 -0.648082 0.126609
-0.254702 -0.635237 0.172558
-0.259235 -0.634797 0.163153
-0.139252 -0.158107 -0.035243
-0.151268 -0.158039 -0.012364
-0.104778 -0.150514 -0.064891
-0.084968 -0.156728 -0.072861
0.064517 -0.275731 -0.127931
0.060891 -0.279267 -0.120136
0.060464 -0.270234 -0.121840
0.065220 -0.267159 -0.128424
0.066510 -0.310145 -0.122481
0.071805 -0.289775 -0.132908
0.071211 -0.310797 -0.129177
0.090047 -0.289120 -0.134590
0.076898 -0.301027 -0.141819
0.074480 -0.295581 -0.138771
0.070825 -0.236157 -0.107810
-0.025082 -0.413489 -0.142179
-0.116829 -0.646986 -0.121342
-0.112046 -0.656059 -0.150667
-0.065536 -0.146767 0.150107
0.065391 -0.129535 0.150544
-0.247453 -0.644894 0.182602
-0.156059 -0.661403 0.152605
-0.066266 -0.669779 0.159661
-0.065730 -0.690348 0.160997
-0.073084 -0.689030 0.151913
-0.035109 -0.677172 0.298417
0.037760 -0.696200 0.271537
-0.002128 -0.660046 0.304248
0.008700 -0.670426 0.303696
-0.011606 -0.661673 0.305294
0.079206 -0.717927 0.148338
-0.063203 -0.503599 -0.196609
-0.039152 -0.598369 -0.193584
-0.025476 -0.493055 -0.145082
0.227431 -0.677310 0.196200
0.187790 -0.672500 0.190102
0.211085 -0.655988 0.194620
0.248750 -0.657339 0.162425
0.243240 -0.637439 0.165144
0.245416 -0.664714 0.178003
0.243740 -0.671049 0.125955
0.247330 -0.671231 0.034002
0.315710 -0.648063 -0.046718
0.164863 -0.680129 -0.078488
0.150888 -0.692349 -0.097612
0.191431 -0.678344 -0.064554
0.084800 -0.684154 -0.234651
0.116399 -0.663300 -0.246805
0.110607 -0.654282 -0.243842
0.124514 -0.657929 -0.243888
0.130116 -0.639222 -0.235304
0.140049 -0.648500 -0.228337
0.142706 -0.674411 -0.234021
0.133329 -0.661848 -0.240269
0.137740 -0.676025 -0.240848
0.149777 -0.677164 -0.219191
0.019218 -0.498681 -0.113032
0.031024 -0.641125 -0.123763
0.037250 -0.639587 -0.126815
-0.026592 -0.318926 -0.140341
-0.033955 -0.323912 -0.146631
-0.044294 -0.328036 -0.149732
-0.038345 -0.297590 -0.139199
-0.057644 -0.308001 -0.137617
-0.069129 -0.318374 -0.141638
-0.040995 -0.341814 -0.152414
-0.300057 -0.661503 -0.089289
-0.273314 -0.636635 -0.091200
-0.298809 -0.604813 -0.040376
-0.305469 -0.626382 -0.043581
-0.258160 -0.624541 0.157719
-0.261399 -0.630981 0.147181
-0.156914 -0.161610 0.036025
-0.149847 -0.164147 0.062463
-0.139309 -0.178651 0.084863
-0.134594 -0.191949 0.093156
-0.155934 -0.177026 -0.013429
0.080555 -0.313012 -0.145973
0.089178 -0.303696 -0.141995
0.083889 -0.306893 -0.144961
-0.031792 -0.411301 -0.153639
-0.119455 -0.694151 -0.121473
-0.187317 -0.661606 0.174355
-0.056734 -0.679092 0.186376
-0.042042 -0.675581 0.290676
0.039294 -0.678919 0.258155
0.012425 -0.653752 0.297723
-0.032138 -0.645684 0.293132
-0.035686 -0.591599 -0.182190
-0.038520 -0.627738 -0.195067
-0.044624 -0.613580 -0.207568
0.231645 -0.642165 0.185457
0.293157 -0.659463 0.017183
0.278177 -0.655358 0.021571
0.257540 -0.653239 0.027985
0.216992 -0.658740 -0.059047
0.175564 -0.657022 -0.068572
0.200625 -0.642136 -0.058570
0.091027 -0.655535 -0.234996
0.149431 -0.659561 -0.209964
0.030970 -0.661278 -0.125364
-0.305073 -0.623304 -0.061612
-0.307959 -0.633147 -0.063508
-0.281944 -0.639189 -0.090345
-0.258513 -0.630376 -0.090619
-0.220841 -0.606565 0.022617
-0.261077 -0.631480 0.137819
-0.160018 -0.185120 0.041270
0.080871 -0.291588 -0.139452
0.079710 -0.273604 -0.131501
0.071766 -0.278400 -0.134306
0.072488 -0.269198 -0.131325
0.079499 -0.264115 -0.125852
0.078487 -0.194141 -0.081880
-0.120534 -0.639679 -0.111818
-0.234633 -0.624005 -0.087247
-0.203027 -0.599223 -0.079589
-0.253213 -0.621305 0.167327
-0.191841 -0.637893 0.176439
-0.124399 -0.666474 0.138114
-0.129475 -0.628157 0.139447
-0.135032 -0.666649 0.141506
-0.143829 -0.639600 0.145776
-0.055229 -0.677358 0.199408
-0.054908 -0.641335 0.188060
-0.056921 -0.632252 0.178347
-0.047888 -0.679754 0.280792
0.040614 -0.663745 0.238369
0.039448 -0.646495 0.247617
0.036511 -0.664553 0.267262
0.173319 -0.666818 0.180966
-0.056975 -0.514933 -0.198018
0.212017 -0.632112 0.190766
0.236838 -0.611308 0.163645
0.231313 -0.658610 0.048815
0.202698 -0.686158 -0.063369
0.085058 -0.622518 -0.220856
0.098512 -0.660329 -0.241068
0.149017 -0.640922 -0.198873
0.055162 -0.465255 -0.125369
0.039570 -0.476842 -0.116619
0.017247 -0.460324 -0.112172
-0.060017 -0.351160 -0.156043
-0.087314 -0.323997 -0.135503
-0.291475 -0.613919 -0.078864
-0.265209 -0.648822 0.140490
-0.165339 -0.203613 -0.012255
0.012002 -0.404213 -0.112603
0.020582 -0.407308 -0.112525
0.068930 -0.187516 -0.081105
-0.232177 -0.573948 -0.082645
-0.153753 -0.639703 0.151806
-0.162164 -0.590590 0.158081
-0.053289 -0.631581 0.201443
-0.052613 -0.624311 0.232346
-0.050459 -0.617652 0.249073
-0.046102 -0.615453 0.265458
-0.058205 -0.671707 0.177350
-0.061153 -0.653101 0.167666
0.038068 -0.639551 0.254369
0.029597 -0.646566 0.279552
0.033616 -0.636706 0.269340
0.023306 -0.650754 0.288517
0.033484 -0.667836 0.277318
0.028671 -0.671080 0.286443
0.022435 -0.675896 0.295260
-0.037512 -0.631248 0.284156
-0.042611 -0.659477 0.284980
0.236975 -0.629145 0.125572
0.241891 -0.636575 0.135681
0.239197 -0.641690 0.177139
0.226333 -0.661837 0.059796
0.223996 -0.657626 0.068811
0.300189 -0.627459 0.012436
0.235135 -0.668459 -0.060620
0.265770 -0.664424 -0.062238
0.218980 -0.622866 -0.054599
0.085609 -0.654867 -0.228938
0.074944 -0.672263 -0.210047
0.126180 -0.582706 -0.219749
0.097382 -0.627643 -0.232393
0.108785 -0.644662 -0.240875
0.116234 -0.627760 -0.236198
0.091823 -0.614326 -0.225344
0.109921 -0.615695 -0.232641
-0.088952 -0.302103 -0.125905
-0.077222 -0.326678 -0.143964
-0.231442 -0.639661 0.011297
-0.257442 -0.631764 0.124218
-0.244627 -0.646480 0.098379
-0.247794 -0.626319 0.108292
-0.152958 -0.189119 0.063584
-0.157093 -0.196939 -0.025244
0.081760 -0.237131 -0.103058
-0.109730 -0.629273 -0.175080
-0.021496 -0.639461 0.297198
-0.045078 -0.638361 0.274246
0.119043 -0.673310 0.147074
0.113115 -0.639203 0.144939
0.236097 -0.623518 0.173409
0.232867 -0.603630 0.168516
0.222521 -0.594919 0.177727
0.239601 -0.615139 0.154986
0.228350 -0.602437 0.174793
0.226968 -0.582698 0.168020
0.206656 -0.583459 0.182523
0.214450 -0.580414 0.178786
0.223087 -0.621264 0.184976
0.229542 -0.624353 0.181159
0.228606 -0.575002 0.160812
0.233046 -0.587327 0.155881
0.231068 -0.571350 0.144257
0.227154 -0.559028 0.152257
0.221654 -0.637921 0.065961
0.278302 -0.644906 -0.059402
0.073208 -0.642790 -0.195976
0.121249 -0.642873 -0.240334
0.125277 -0.618266 -0.231666
0.106512 -0.603600 -0.228905
0.143611 -0.592740 -0.197972
0.145477 -0.627448 -0.209057
0.138895 -0.605815 -0.213907
0.142115 -0.620783 -0.214228
0.135135 -0.617905 -0.223589
-0.084277 -0.298224 -0.130798
-0.227111 -0.616999 0.014395
-0.232464 -0.612079 0.007890
-0.243331 -0.590075 0.112891
-0.229092 -0.628691 0.080988
-0.161705 -0.178911 0.014565
-0.155252 -0.206892 -0.036965
-0.136890 -0.187372 -0.048950
-0.159506 -0.231802 -0.045548
0.132224 -0.286239 -0.106679
0.095751 -0.193138 -0.077305
0.091240 -0.175916 -0.073068
-0.111303 -0.605916 -0.132899
-0.175962 -0.635216 0.167029
0.129579 -0.659459 0.151175
0.224272 -0.657638 0.081636
0.220233 -0.630093 0.078422
0.237896 -0.605335 0.143976
0.249434 -0.627647 0.030633
0.243800 -0.643658 0.034477
0.241088 -0.654793 0.037230
0.295361 -0.614287 -0.049420
0.148897 -0.654693 -0.174842
0.147190 -0.609646 -0.175549
0.146652 -0.602762 -0.191465
-0.064367 -0.276429 -0.122221
-0.079253 -0.277689 -0.121749
-0.253136 -0.634611 -0.004890
-0.251352 -0.607123 0.121812
-0.222490 -0.637358 0.064728
-0.162077 -0.193998 -0.009650
-0.158567 -0.185610 -0.013699
0.118223 -0.192442 -0.067542
-0.110197 -0.664785 -0.193202
-0.106582 -0.652694 -0.204198
-0.103254 -0.658380 -0.214321
-0.104982 -0.664557 -0.212954
-0.261040 -0.602913 -0.087225
-0.273145 -0.606162 -0.085901
-0.021345 -0.616220 0.291564
-0.050054 -0.639918 0.261768
0.223831 -0.629942 0.056295
0.235931 -0.606221 0.133219
0.220364 -0.569898 0.171392
0.222774 -0.557436 0.162791
0.216401 -0.605769 0.184265
0.202886 -0.625826 0.189937
0.212333 -0.613854 0.187272
0.216867 -0.544107 0.165365
0.306601 -0.641949 -0.051151
0.298740 -0.637040 -0.053815
0.097102 -0.596639 -0.224696
0.143134 -0.602241 -0.142376
-0.149276 -0.190480 -0.035315
0.124955 -0.206952 -0.070509
-0.027144 -0.619088 0.289296
-0.046157 -0.589634 0.256841
0.225548 -0.628837 0.100578
0.198142 -0.597236 0.185703
0.196837 -0.640103 0.190690
0.228434 -0.561476 0.135924
0.225389 -0.544236 0.141196
0.219808 -0.517574 0.142260
0.219762 -0.526815 0.151414
0.205545 -0.547446 0.174858
0.241360 -0.599541 0.033384
0.291316 -0.627451 -0.054043
0.275033 -0.614962 -0.055160
0.078165 -0.611611 -0.206890
0.121732 -0.606718 -0.229325
0.133163 -0.600978 -0.220346
-0.143626 -0.173048 -0.035159
-0.129316 -0.198802 -0.061193
0.108814 -0.660148 0.144286
0.211351 -0.555561 0.173789
0.210055 -0.531786 0.167846
0.257983 -0.620853 0.027066
0.237253 -0.613878 0.037147
0.283711 -0.621711 0.019422
-0.248841 -0.587624 0.126187
-0.251431 -0.590341 0.137453
-0.140390 -0.214750 -0.060143
0.232965 -0.584530 0.136152
0.229028 -0.587671 0.122282
0.228429 -0.631624 0.048067
-0.255191 -0.610961 0.131512
-0.251846 -0.604044 0.159785
-0.123824 -0.225032 -0.078130
0.092131 -0.259486 -0.113620
0.099528 -0.276752 -0.120876
0.104409 -0.297483 -0.130361
-0.185336 -0.579762 -0.076400
0.144001 -0.659799 0.159273
0.220911 -0.625322 0.087841
0.219097 -0.593373 0.096445
0.233354 -0.628058 0.041769
0.216532 -0.605174 0.071256
0.215619 -0.592723 0.066292
0.213873 -0.581341 0.083284
0.305141 -0.618557 -0.045303
-0.257392 -0.614237 0.147181
-0.251803 -0.593166 0.150644
0.122669 -0.287296 -0.115339
0.120587 -0.260148 -0.101650
0.105698 -0.233272 -0.092244
0.105808 -0.215396 -0.084095
0.167706 -0.625264 0.177008
0.253387 -0.590809 0.028109
0.223387 -0.600416 0.050409
0.313835 -0.626870 -0.039906
0.316387 -0.618417 -0.029779
0.324713 -0.643890 -0.029974
0.321701 -0.631430 -0.017780
0.322857 -0.640600 -0.011796
0.317386 -0.651400 0.002268
0.324456 -0.657230 -0.005221
0.329547 -0.661742 -0.013026
0.136304 -0.313511 -0.094196
0.130023 -0.296434 -0.113669
0.135389 -0.293197 -0.101887
0.138214 -0.288579 -0.089919
-0.180546 -0.600290 -0.077808
0.229861 -0.586133 0.040376
0.212792 -0.578297 0.073815
0.216851 -0.586540 0.060274
0.214465 -0.553420 0.098830
0.304193 -0.599040 0.002836
0.314515 -0.624498 -0.002073
0.314723 -0.617277 -0.007579
0.135023 -0.267123 -0.095616
0.134284 -0.280155 -0.101504
0.127901 -0.271438 -0.103808
0.138342 -0.274339 -0.091218
0.140779 -0.274814 -0.083226
0.132237 -0.220109 -0.071860
0.211831 -0.564991 0.067983
0.316342 -0.615088 -0.017845
0.310929 -0.601394 -0.008511
0.304981 -0.586322 -0.003916
0.310933 -0.597182 -0.021304
0.302262 -0.570063 -0.022683
0.305073 -0.578305 -0.016891
0.115523 -0.229408 -0.086230
0.127602 -0.233394 -0.082193
0.138031 -0.234056 -0.075691
0.136184 -0.252500 -0.087776
0.141128 -0.255027 -0.081857
0.220537 -0.573156 0.049117
0.210326 -0.559533 0.075454
0.217669 -0.530614 0.116137
0.223852 -0.547090 0.126672
0.220597 -0.523345 0.131983
0.211987 -0.484958 0.142696
0.301150 -0.604427 0.007862
0.292988 -0.612071 0.015102
0.284807 -0.584135 0.016931
0.271338 -0.585547 0.022419
0.128430 -0.253967 -0.094123
0.235269 -0.572302 0.035702
0.225976 -0.550201 0.040716
0.215495 -0.555055 0.053923
0.312174 -0.603904 -0.026452
0.307816 -0.601940 -0.035236
0.302826 -0.597130 -0.039532
0.303733 -0.582611 -0.030657
0.231850 -0.535735 0.035391
0.230602 -0.508635 0.034551
0.240991 -0.528891 0.030855
0.265330 -0.525631 0.021377
0.205422 -0.503326 0.061237
0.220686 -0.554619 0.046205
0.206559 -0.530055 0.078836
0.212119 -0.552781 0.061267
0.207698 -0.533618 0.069387
0.212172 -0.527662 0.053444
0.218754 -0.500024 0.041813
0.265203 -0.504079 0.019367
0.250262 -0.496878 0.025936
0.228075 -0.487614 0.034508
0.214476 -0.514662 0.047782
0.280193 -0.521304 0.009770
0.271029 -0.496718 0.013178
0.275290 -0.524419 0.015583
0.278329 -0.502091 0.006007
0.285081 -0.548723 0.011907
0.255009 -0.428850 -0.018399
0.290020 -0.540542 0.001466
0.291322 -0.534169 -0.005679
0.272903 -0.484548 0.007594
0.214228 -0.479342 0.043683
0.209810 -0.487837 0.049532
0.286591 -0.515789 -0.008260
0.277734 -0.486063 -0.007789
0.278013 -0.492354 0.000990
0.264192 -0.484950 -0.031351
0.295710 -0.548323 -0.007818
0.292543 -0.536117 -0.013184
0.258114 -0.489730 0.021824
0.261198 -0.470532 0.016991
0.265292 -0.467682 0.012115
0.276489 -0.551061 0.018215
0.284976 -0.514671 -0.001517
0.254110 -0.453759 0.019747
0.266198 -0.551214 0.022422
0.266300 -0.456821 0.006246
-0.050875 -0.161328 -0.078321
0.105303 -0.129642 -0.062814
0.124003 -0.137809 -0.049053
0.150461 -0.141992 -0.008976
0.158238 -0.158973 0.011697
0.154103 -0.154883 -0.004919
0.012786 -0.335991 -0.123398
0.022799 -0.344552 -0.124504
0.030417 -0.361913 -0.121787
0.044168 -0.343551 -0.122647
0.025710 -0.336062 -0.126212
0.059389 -0.324174 -0.122687
0.068128 -0.324176 -0.123926
-0.078437 -0.224989 -0.095888
-0.071619 -0.194821 -0.084504
-0.099383 -0.210724 -0.084186
-0.093022 -0.197699 -0.080528
-0.090888 -0.176164 -0.074450
-0.034301 -0.637077 -0.169760
-0.035492 -0.633749 -0.182513
-0.033392 -0.636672 -0.159306
-0.044543 -0.646360 -0.214286
-0.048947 -0.619498 -0.215202
-0.056248 -0.613433 -0.219765
-0.067866 -0.605035 -0.221457
-0.059602 -0.597785 -0.217805
-0.047120 -0.576190 -0.203584
-0.060287 -0.570327 -0.211668
-0.068602 -0.582526 -0.215925
-0.084132 -0.240728 -0.101633
-0.106395 -0.242779 -0.094688
-0.141765 -0.275046 -0.077659
-0.105295 -0.264735 -0.104781
-0.088582 -0.278748 -0.120272
-0.141519 -0.238698 -0.069169
-0.126113 -0.264247 -0.089098
-0.141824 -0.254409 -0.074288
-0.129228 -0.246581 -0.082093
-0.161743 -0.252503 -0.058563
-0.171268 -0.221812 -0.012061
-0.103610 -0.317496 -0.110742
-0.089222 -0.261467 -0.110783
-0.173760 -0.219414 0.013728
-0.164068 -0.226572 -0.034298
-0.171846 -0.216051 0.005496
-0.180147 -0.246406 0.042512
-0.188413 -0.256744 0.025188
-0.190245 -0.258522 0.015124
-0.197578 -0.275912 0.000629
-0.184574 -0.245444 0.007120
-0.166113 -0.195689 0.011225
-0.151552 -0.233589 -0.056976
-0.170968 -0.255855 -0.050096
-0.159687 -0.259524 -0.062421
-0.165799 -0.195710 0.019083
-0.170546 -0.215199 0.029754
-0.159708 -0.279676 -0.062225
-0.170007 -0.227529 0.054614
-0.164445 -0.202680 0.041935
-0.179940 -0.253515 0.045259
-0.146738 -0.265655 -0.072640
-0.172155 -0.250802 0.059085
-0.173025 -0.237953 0.056842
-0.169915 -0.220157 0.042442
-0.167705 -0.234395 0.068127
-0.165630 -0.228554 0.071664
-0.156888 -0.207676 0.064314
-0.031678 -0.457282 -0.156322
-0.035664 -0.440287 -0.161838
0.010499 -0.570673 -0.116175
-0.001574 -0.585823 -0.118962
-0.045200 -0.148964 0.159933
-0.050067 -0.172098 0.161143
-0.034866 -0.191329 0.166225
-0.031646 -0.174964 0.165991
-0.073535 -0.202062 0.150314
-0.022539 -0.142784 0.164168
-0.023747 -0.167887 0.166172
-0.067994 -0.173441 0.152629
-0.018442 -0.189754 0.168803
0.004892 -0.194226 0.170919
0.013034 -0.182352 0.169672
-0.028606 -0.198066 0.168784
0.027672 -0.198146 0.169938
0.026312 -0.179783 0.168913
-0.050003 -0.200467 0.162684
-0.061972 -0.200126 0.157212
0.042749 -0.151343 0.162675
0.010937 -0.203785 0.173508
-0.001135 -0.209263 0.176135
-0.006477 -0.253228 0.195593
0.116200 -0.182315 0.118355
0.118482 -0.149102 0.109156
0.090863 -0.148126 0.133707
0.146809 -0.177764 0.080054
0.154086 -0.158094 0.054800
0.155720 -0.147227 0.037372
0.159855 -0.172625 -0.002785
0.159180 -0.160318 0.026524
0.163682 -0.175705 0.020419
0.149362 -0.167327 0.072693
0.158976 -0.167562 0.044179
0.093140 -0.181203 0.138260
0.079059 -0.183439 0.149082
0.062789 -0.150458 0.154608
0.144231 -0.679762 -0.131644
0.163591 -0.645105 -0.076109
0.188586 -0.620040 -0.058889
0.187543 -0.652045 -0.062873
0.181998 -0.603163 -0.060033
0.143565 -0.634690 -0.139541
0.159351 -0.653212 -0.081023
0.153538 -0.657676 -0.089066
0.145435 -0.681564 -0.149275
0.145788 -0.653775 -0.107998
0.143024 -0.632796 -0.128351
0.152593 -0.640890 -0.089177
0.155702 -0.632760 -0.083386
0.171150 -0.613681 -0.066956
0.144310 -0.637960 -0.111958
0.143014 -0.610829 -0.115274
0.046320 -0.650616 -0.134873
0.046014 -0.688014 -0.137242
0.051453 -0.655336 -0.140467
0.067122 -0.642014 -0.170691
0.062409 -0.655419 -0.158610
0.062209 -0.642060 -0.156392
0.054400 -0.640326 -0.142730
0.059895 -0.613092 -0.148770
0.063968 -0.599954 -0.155432
0.045334 -0.618611 -0.130785
0.057874 -0.666916 -0.151519
0.014073 -0.619855 -0.118996
0.004018 -0.601759 -0.118347
0.024446 -0.578050 -0.117630
0.026643 -0.605168 -0.119955
0.031965 -0.597346 -0.121379
0.042245 -0.604442 -0.127193
0.038301 -0.584847 -0.123355
0.049106 -0.583849 -0.130806
0.016546 -0.588520 -0.117092
0.029958 -0.548508 -0.117404
0.047618 -0.560802 -0.127268
0.019726 -0.550174 -0.115120
0.058808 -0.586904 -0.143299
-0.157822 -0.163284 0.012946
-0.159552 -0.177050 0.002666
0.015657 -0.322620 -0.127451
-0.004188 -0.327795 -0.123977
0.010203 -0.310957 -0.128275
-0.143245 -0.662278 -0.090483
-0.143918 -0.632274 -0.088334
-0.168969 -0.634233 -0.080994
-0.155357 -0.638180 -0.084047
-0.178826 -0.646677 -0.081482
0.043708 -0.692461 0.200640
0.081741 -0.694167 0.146884
0.056782 -0.673657 0.165770
0.062666 -0.693998 0.159708
0.076310 -0.674807 0.148843
0.071433 -0.693811 0.152088
0.062647 -0.664662 0.158657
0.069014 -0.670825 0.153290
0.043916 -0.668030 0.197560
0.049069 -0.678130 0.180434
0.083866 -0.662487 0.145682
0.095634 -0.659879 0.143621
-0.084416 -0.629171 -0.224227
-0.092522 -0.619121 -0.215827
0.010941 -0.471832 -0.112326
-0.290896 -0.606989 -0.027506
-0.286511 -0.628098 -0.021036
-0.272436 -0.602635 -0.014507
-0.295855 -0.602408 -0.034974
-0.047654 -0.338654 -0.153053
-0.067648 -0.374274 -0.162260
-0.106110 -0.386435 -0.110113
-0.080858 -0.358142 -0.151566
-0.074628 -0.351238 -0.153016
-0.043425 -0.362366 -0.157580
-0.032669 -0.357439 -0.150685
-0.035980 -0.387561 -0.156842
-0.076551 -0.377101 -0.160025
-0.051589 -0.360150 -0.159272
-0.062966 -0.405340 -0.172159
-0.082965 -0.403611 -0.163041
-0.085954 -0.385315 -0.154310
-0.059246 -0.383644 -0.166232
-0.046972 -0.408332 -0.168804
-0.044294 -0.385875 -0.162687
-0.093027 -0.406985 -0.148899
-0.070913 -0.397009 -0.168165
-0.066714 -0.424863 -0.177184
-0.054358 -0.416805 -0.174339
-0.076733 -0.425169 -0.173406
-0.047828 -0.438705 -0.175411
-0.090367 -0.434197 -0.163720
-0.040322 -0.431210 -0.167349
-0.043863 -0.453788 -0.175056
-0.040176 -0.459405 -0.171574
-0.061611 -0.461143 -0.186812
-0.056026 -0.448931 -0.182036
-0.053379 -0.469989 -0.185613
-0.043204 -0.472001 -0.178279
-0.050904 -0.493309 -0.189682
-0.049408 -0.507295 -0.191418
-0.062887 -0.447519 -0.183399
-0.037988 -0.490608 -0.172597
-0.072872 -0.452560 -0.182578
-0.082957 -0.450267 -0.176706
-0.083421 -0.466596 -0.180382
-0.073394 -0.523318 -0.200951
-0.079827 -0.476010 -0.185475
-0.070411 -0.466707 -0.187228
-0.071178 -0.500929 -0.195623
-0.065298 -0.475527 -0.190472
-0.089661 -0.485273 -0.180610
-0.087552 -0.534107 -0.196701
-0.077492 -0.539577 -0.204106
-0.095622 -0.524308 -0.182537
-0.104593 -0.552857 -0.166471
-0.101932 -0.553542 -0.179166
-0.083725 -0.514593 -0.194180
-0.092243 -0.508612 -0.184271
-0.091256 -0.521601 -0.189382
-0.081920 -0.495548 -0.190109
-0.098927 -0.522820 -0.174628
-0.101772 -0.525906 -0.167635
-0.115587 -0.547460 -0.110610
-0.069481 -0.552110 -0.208660
-0.096771 -0.493724 -0.170298
-0.102171 -0.503874 -0.155360
-0.106850 -0.469211 -0.117340
-0.102375 -0.466773 -0.132945
-0.078753 -0.559300 -0.208784
-0.106843 -0.496275 -0.122913
-0.299132 -0.619775 -0.072971
-0.298661 -0.605303 -0.063851
-0.115769 -0.194617 -0.069167
-0.127615 -0.174450 -0.053287
-0.110587 -0.175831 -0.065626
0.080245 -0.639519 -0.216880
0.041676 -0.507761 -0.119475
0.048381 -0.470825 -0.120601
0.059186 -0.491314 -0.132700
0.052545 -0.488821 -0.125087
0.061094 -0.509094 -0.137807
0.053586 -0.524868 -0.129517
0.065137 -0.534085 -0.150673
0.058120 -0.538771 -0.136822
0.048054 -0.533763 -0.125379
0.040463 -0.540860 -0.121522
0.054467 -0.557138 -0.133764
0.073337 -0.507788 -0.172682
0.066992 -0.497405 -0.149742
0.077601 -0.506013 -0.182649
0.061527 -0.569913 -0.147010
0.077357 -0.531934 -0.188566
0.072311 -0.555533 -0.178721
0.099952 -0.514777 -0.203893
0.082394 -0.517140 -0.192956
0.015748 -0.633828 0.291052
-0.089694 -0.328951 -0.132822
-0.090655 -0.362560 -0.139008
-0.085567 -0.337104 -0.141842
-0.087488 -0.360514 -0.145203
-0.094549 -0.355028 -0.124800
-0.095181 -0.329329 -0.120253
-0.096365 -0.385474 -0.127005
-0.096949 -0.369874 -0.122542
-0.100067 -0.363613 -0.116213
-0.106155 -0.355022 -0.109574
-0.098660 -0.340804 -0.116155
0.084855 -0.599738 -0.214877
0.106672 -0.583446 -0.223565
0.110826 -0.560493 -0.217374
0.118500 -0.583631 -0.223173
0.093818 -0.582414 -0.219269
0.079570 -0.583465 -0.203951
0.076486 -0.567223 -0.193308
0.073118 -0.600602 -0.188650
0.080173 -0.559506 -0.199253
0.086782 -0.570019 -0.210051
0.067283 -0.575043 -0.162219
-0.225859 -0.595887 0.084382
-0.151552 -0.212021 0.081376
-0.184227 -0.608629 0.171776
0.285122 -0.580023 -0.045922
0.294621 -0.588748 -0.043041
0.283148 -0.596830 -0.050344
0.272210 -0.533374 -0.040325
0.280916 -0.552663 -0.040861
0.272023 -0.559403 -0.046240
0.264195 -0.542849 -0.044853
0.241393 -0.562822 -0.048579
0.292154 -0.539018 -0.021955
0.282384 -0.542491 -0.036718
0.297434 -0.557559 -0.025014
0.288205 -0.540857 -0.030416
0.241118 -0.527193 -0.044622
0.259173 -0.624077 -0.056828
0.281259 -0.524757 -0.031135
0.287353 -0.520040 -0.015705
0.285784 -0.524362 -0.024129
0.274779 -0.482686 -0.016860
0.278666 -0.503504 -0.024076
0.272608 -0.503019 -0.030942
0.274785 -0.492668 -0.023817
0.259119 -0.491951 -0.035973
0.261979 -0.509909 -0.038816
0.272082 -0.514474 -0.035043
0.263486 -0.574923 -0.050058
0.212305 -0.574763 -0.049491
0.216725 -0.529968 -0.044661
0.181108 -0.576393 -0.057019
0.179573 -0.549775 -0.055199
0.203496 -0.551132 -0.047912
0.192162 -0.548838 -0.049790
0.253424 -0.524400 -0.043619
0.253176 -0.462402 -0.030924
0.236376 -0.459094 -0.035459
0.247015 -0.493265 -0.039274
0.268360 -0.455404 -0.006863
0.273750 -0.474802 -0.002100
0.244507 -0.448362 -0.031312
0.247934 -0.431089 -0.025192
0.242085 -0.404059 -0.021148
0.239731 -0.425075 -0.028121
0.204983 -0.463539 -0.037213
0.262742 -0.462458 -0.024697
0.245766 -0.466874 -0.034877
0.264964 -0.444535 -0.000225
0.230322 -0.444496 -0.033930
0.169013 -0.537564 -0.061050
0.194450 -0.449025 -0.037298
0.205141 -0.435119 -0.033525
0.194457 -0.584781 -0.053366
0.199131 -0.602133 -0.054270
0.232051 -0.479552 -0.039102
0.187765 -0.412998 -0.035161
0.224349 -0.411446 -0.028963
0.192142 -0.426962 -0.035075
0.203776 -0.406060 -0.029281
0.193621 -0.487747 -0.042352
0.181537 -0.445640 -0.042185
0.186275 -0.461960 -0.041998
0.206523 -0.495447 -0.041119
0.199180 -0.519976 -0.044877
0.189062 -0.384549 -0.031391
0.197074 -0.385159 -0.027452
0.140716 -0.290314 -0.084152
0.141495 -0.318447 -0.085873
0.147803 -0.264147 -0.071537
0.166419 -0.248596 -0.044921
0.180802 -0.297552 -0.031337
0.151915 -0.241741 -0.062335
0.149305 -0.231707 -0.062272
0.160878 -0.268190 -0.057965
0.157060 -0.298948 -0.067440
0.147331 -0.279272 -0.074938
0.182254 -0.533463 0.176184
-0.278283 -0.590806 -0.019143
-0.280141 -0.563645 -0.024653
-0.290705 -0.569169 -0.048340
-0.296155 -0.590114 -0.043488
-0.295087 -0.585255 -0.054674
-0.282152 -0.547656 -0.058766
-0.262021 -0.539715 -0.074096
-0.286514 -0.554282 -0.050906
-0.277560 -0.544548 -0.064764
-0.283313 -0.584351 -0.074614
-0.303099 -0.613393 -0.056080
-0.300547 -0.602932 -0.048882
-0.285800 -0.566706 -0.031448
-0.292815 -0.598497 -0.071253
-0.285473 -0.571174 -0.067206
-0.283835 -0.544968 -0.048771
-0.237778 -0.556948 -0.081431
-0.275652 -0.585285 -0.080198
-0.268026 -0.570754 -0.079642
-0.276585 -0.569947 -0.074821
-0.281770 -0.553737 -0.029695
-0.286355 -0.557939 -0.038583
-0.282008 -0.540143 -0.040447
-0.248338 -0.583437 -0.084716
-0.272551 -0.552686 -0.019109
-0.277121 -0.534781 -0.029541
-0.275197 -0.522285 -0.032353
-0.278993 -0.534184 -0.056008
-0.277373 -0.521547 -0.043346
-0.270282 -0.519540 -0.062070
-0.156781 -0.552445 -0.077712
-0.167582 -0.547190 -0.074891
-0.153655 -0.526448 -0.076974
-0.193427 -0.542598 -0.074003
-0.179720 -0.542158 -0.073139
-0.219614 -0.527198 -0.076912
-0.258029 -0.563769 -0.080910
-0.244871 -0.542535 -0.078974
-0.230966 -0.517160 -0.076139
-0.246592 -0.586010 0.158861
-0.246600 -0.602459 0.167254
0.140140 -0.191327 -0.050417
0.132132 -0.172478 -0.049186
0.127313 -0.155711 -0.047470
0.109772 -0.154540 -0.059892
0.114274 -0.175094 -0.063081
0.131941 -0.315483 -0.116155
0.126550 -0.320008 -0.126597
-0.165610 -0.597314 -0.078856
-0.152399 -0.601312 -0.082531
-0.170534 -0.567521 -0.075797
-0.137855 -0.590437 -0.088956
0.110527 -0.329242 -0.142164
0.242852 -0.558055 0.030665
-0.063677 -0.155763 -0.077113
-0.069630 -0.174753 -0.079233
0.139595 -0.140947 -0.030876
0.046494 -0.360135 -0.119711
0.056211 -0.342181 -0.121104
0.065571 -0.358956 -0.124266
0.072748 -0.322786 -0.131540
0.070861 -0.357665 -0.130711
0.043979 -0.377861 -0.117716
0.057633 -0.358574 -0.120562
0.069640 -0.342612 -0.125993
0.060210 -0.376256 -0.121570
0.067219 -0.371944 -0.127158
0.075865 -0.333722 -0.143467
0.076257 -0.319758 -0.142981
0.070389 -0.384313 -0.136874
0.089163 -0.366208 -0.161569
0.078589 -0.341064 -0.149018
0.084034 -0.353759 -0.157095
0.087279 -0.327397 -0.151358
0.078733 -0.355967 -0.152837
-0.065781 -0.629488 -0.227188
-0.129784 -0.286889 -0.090841
-0.197167 -0.290482 0.021358
-0.201566 -0.287826 0.010252
-0.172215 -0.272098 -0.056106
-0.177373 -0.265365 0.049446
-0.187625 -0.267011 0.033759
-0.189006 -0.259656 -0.009172
-0.209041 -0.304017 -0.008191
-0.201782 -0.297004 -0.030460
-0.193653 -0.292688 -0.044018
-0.180981 -0.300927 0.051821
-0.176859 -0.267746 -0.050750
-0.185283 -0.257924 -0.021680
-0.188273 -0.299339 0.032746
-0.166623 -0.264049 0.106484
0.022159 -0.171218 0.168181
0.040985 -0.200122 0.167855
0.043089 -0.175308 0.165788
0.022551 -0.205713 0.173200
0.020970 -0.237179 0.188038
0.029456 -0.242855 0.188086
0.062575 -0.172520 0.157809
0.031741 -0.249701 0.189203
0.044683 -0.263246 0.176000
0.034723 -0.266566 0.189549
0.034927 -0.216888 0.176164
0.053970 -0.215771 0.168155
0.047805 -0.240034 0.174612
0.057113 -0.200916 0.162610
0.044521 -0.253245 0.175291
-0.023594 -0.211600 0.175015
-0.049753 -0.221808 0.171039
-0.035466 -0.232650 0.181662
-0.057765 -0.220141 0.164496
-0.044386 -0.235702 0.177197
-0.028138 -0.246538 0.189087
-0.049898 -0.241043 0.172532
-0.043289 -0.250056 0.180638
-0.053541 -0.249116 0.166626
-0.062287 -0.284357 0.154697
-0.062494 -0.256565 0.155284
-0.068566 -0.234656 0.151666
-0.073212 -0.264058 0.144816
-0.043243 -0.259899 0.182746
-0.034469 -0.256112 0.189127
-0.021131 -0.240412 0.188507
-0.045728 -0.267697 0.180145
-0.038656 -0.282640 0.191375
-0.044670 -0.288209 0.185326
-0.056074 -0.288156 0.164998
-0.057860 -0.310488 0.160989
-0.072855 -0.292517 0.143043
-0.067330 -0.309685 0.147797
-0.020257 -0.270126 0.199790
-0.046019 -0.314251 0.185760
-0.037522 -0.304998 0.197424
-0.031092 -0.278811 0.196884
-0.053841 -0.331588 0.168446
-0.104580 -0.325208 0.129697
-0.092803 -0.326451 0.131367
-0.080918 -0.302388 0.136678
-0.031900 -0.298878 0.201304
-0.037856 -0.354885 0.208023
-0.033790 -0.316221 0.204004
-0.023590 -0.295465 0.206012
-0.009793 -0.278536 0.205311
-0.087911 -0.306442 0.133023
-0.102534 -0.307543 0.129249
-0.091611 -0.349716 0.132114
-0.044667 -0.344055 0.192871
-0.032558 -0.340160 0.210813
-0.040569 -0.332998 0.199097
-0.059819 -0.358922 0.156826
-0.074685 -0.334050 0.140338
-0.085560 -0.332267 0.134025
0.154723 -0.172957 -0.017363
0.091426 -0.203202 0.142024
0.102634 -0.207232 0.136403
0.134137 -0.202759 0.105736
0.142821 -0.194695 0.090415
0.129463 -0.193824 0.106593
0.136452 -0.177427 0.095955
0.135378 -0.158898 0.092782
0.146163 -0.205371 0.091876
0.118405 -0.194082 0.117855
0.119481 -0.203305 0.120990
0.151436 -0.185248 0.074920
0.162067 -0.189218 0.051505
0.170341 -0.202143 0.029772
0.164936 -0.193183 0.044201
0.156062 -0.203503 0.073704
0.172389 -0.210171 0.038276
0.168472 -0.193270 0.021939
0.174387 -0.209741 0.018086
0.165008 -0.190432 -0.005287
0.179315 -0.236248 0.052149
0.195718 -0.252110 0.017577
0.168240 -0.199256 -0.004895
0.159455 -0.203647 -0.032335
0.165324 -0.220058 -0.033955
0.164015 -0.205619 0.057905
0.177068 -0.230691 -0.023133
0.168706 -0.211578 -0.018573
0.181339 -0.232925 -0.016410
0.147921 -0.218955 -0.057722
0.162436 -0.190461 -0.012601
0.145929 -0.168072 -0.031194
0.184939 -0.274192 0.049430
0.175517 -0.234571 -0.028779
0.183091 -0.245774 -0.023773
0.203315 -0.266569 0.012290
0.193399 -0.262374 -0.017746
0.189535 -0.240447 0.002091
0.193966 -0.253557 -0.010319
0.178235 -0.263090 -0.030007
0.172122 -0.237320 -0.034287
0.198357 -0.282335 -0.019236
0.178967 -0.289272 -0.031991
0.188870 -0.266173 -0.022738
0.203706 -0.281188 -0.013310
0.204220 -0.271351 -0.003058
0.153178 -0.188009 -0.031963
0.146794 -0.152564 -0.020544
0.184787 -0.236748 0.038290
0.176349 -0.246601 0.057747
0.179995 -0.275551 0.056582
0.171850 -0.269738 -0.037739
0.196623 -0.301380 -0.020853
0.188539 -0.316520 -0.026150
0.192705 -0.329500 -0.024365
0.178337 -0.320779 -0.036512
0.169939 -0.329968 -0.052013
0.162787 -0.319948 -0.062572
0.171670 -0.308491 -0.044008
-0.214408 -0.623410 0.183383
-0.234161 -0.634425 0.184912
-0.220967 -0.603163 0.180684
-0.231028 -0.613585 0.181369
-0.222355 -0.586427 0.177581
-0.200243 -0.624211 0.179718
-0.209032 -0.591781 0.178631
-0.191550 -0.588864 0.174450
-0.207858 -0.572589 0.176038
-0.239077 -0.554884 0.117956
-0.244546 -0.561516 0.137762
-0.243315 -0.561045 0.127575
-0.234719 -0.553556 0.109021
-0.232955 -0.522052 0.119386
-0.216044 -0.572503 0.072191
-0.235150 -0.595998 0.175056
-0.219292 -0.570462 0.174680
-0.238391 -0.560283 0.158706
-0.225592 -0.563129 0.170371
-0.238290 -0.575272 0.165371
-0.237883 -0.534744 0.138788
-0.237709 -0.541022 0.148434
-0.233265 -0.515106 0.131939
-0.232576 -0.535325 0.154516
-0.245371 -0.570003 0.150865
-0.239962 -0.542863 0.133192
-0.229053 -0.547189 0.163313
-0.226510 -0.525635 0.157621
-0.211313 -0.547168 0.171346
-0.220296 -0.532042 0.164430
0.149936 -0.586698 -0.088393
0.147952 -0.616772 -0.096132
0.155124 -0.600993 -0.081531
0.164443 -0.600068 -0.070630
0.143431 -0.584077 -0.106004
0.145525 -0.597043 -0.100493
0.147050 -0.569868 -0.092777
0.151461 -0.563373 -0.083374
0.159204 -0.578501 -0.073934
0.154350 -0.542224 -0.077203
0.160740 -0.558344 -0.070610
0.171117 -0.579431 -0.063523
0.143117 -0.544941 -0.101810
0.053795 -0.606950 -0.138302
-0.085923 -0.168498 0.138978
0.074399 -0.641083 0.149006
0.067287 -0.620877 0.152995
0.092491 -0.615746 0.142893
0.099712 -0.637557 0.142934
0.084196 -0.633253 0.144961
0.063044 -0.639438 0.157026
0.051176 -0.630380 0.173735
0.056708 -0.649667 0.165243
0.046053 -0.643843 0.187551
0.051652 -0.664107 0.174319
0.088317 -0.597775 0.143093
0.060162 -0.611297 0.159474
0.051782 -0.598611 0.171855
0.104020 -0.611399 0.142802
0.126313 -0.620531 0.149327
0.046821 -0.613938 0.183882
0.114661 -0.603645 0.144947
0.043225 -0.616632 0.200862
0.043689 -0.631772 0.198307
0.125655 -0.596106 0.149138
0.153027 -0.548707 0.165544
0.103675 -0.566416 0.142008
0.108019 -0.585231 0.143035
0.115336 -0.570098 0.144875
0.130519 -0.562969 0.151519
0.119824 -0.544032 0.146458
0.097188 -0.555074 0.141234
0.090269 -0.575364 0.142160
0.099091 -0.587833 0.142052
0.076574 -0.542929 0.145199
0.089330 -0.550628 0.141673
0.066673 -0.596916 0.152615
0.080031 -0.573232 0.144606
0.077635 -0.610851 0.146634
0.073687 -0.587289 0.147869
0.087748 -0.536752 0.141331
0.057390 -0.592566 0.162207
0.107842 -0.546197 0.142600
0.112185 -0.516780 0.143389
0.099289 -0.489224 0.140052
0.101022 -0.524992 0.141152
0.115832 -0.492385 0.144158
0.124542 -0.513090 0.148112
0.131132 -0.535483 0.151954
0.142898 -0.613062 0.159422
-0.078224 -0.598497 -0.219076
-0.098443 -0.641982 -0.215643
-0.108215 -0.630413 -0.188577
-0.104769 -0.624743 -0.198536
-0.099990 -0.613386 -0.203856
-0.107585 -0.588933 -0.166416
-0.110284 -0.613394 -0.143449
-0.103851 -0.587017 -0.186632
-0.100127 -0.580389 -0.193759
-0.083734 -0.582049 -0.212110
-0.091418 -0.564284 -0.201150
-0.076219 -0.579324 -0.214531
-0.088945 -0.595981 -0.212213
-0.096109 -0.598329 -0.205464
-0.109052 -0.577173 -0.135305
-0.086975 -0.568455 -0.206166
-0.108283 -0.533227 -0.127135
-0.111728 -0.521599 -0.114539
-0.112796 -0.492722 -0.108775
-0.110985 -0.549639 -0.120912
-0.105590 -0.523751 -0.139875
-0.123267 -0.500678 -0.097008
-0.121058 -0.564122 -0.103607
-0.127825 -0.581055 -0.096395
-0.143375 -0.570271 -0.084313
-0.116732 -0.520632 -0.106025
-0.127775 -0.539284 -0.094003
-0.128570 -0.496676 -0.091211
-0.143125 -0.531753 -0.082588
-0.132175 -0.554671 -0.091042
-0.138407 -0.508445 -0.083999
-0.176942 -0.502881 -0.070144
-0.163610 -0.494080 -0.071625
-0.167065 -0.514919 -0.072283
-0.176132 -0.479077 -0.068270
-0.158819 -0.461329 -0.070481
-0.173230 -0.453821 -0.066520
-0.051642 -0.390564 -0.167022
-0.095394 -0.430809 -0.150436
-0.100228 -0.443764 -0.133356
-0.098326 -0.412441 -0.128505
-0.099031 -0.383108 -0.119829
-0.099263 -0.406451 -0.124262
-0.091922 -0.381117 -0.143268
-0.057188 -0.484841 -0.190908
-0.094308 -0.470543 -0.167889
-0.090260 -0.462628 -0.172799
-0.098890 -0.478575 -0.157148
-0.117284 -0.193382 0.113174
-0.130479 -0.186370 -0.055101
0.084359 -0.502113 -0.191807
0.107244 -0.534639 -0.210548
0.091601 -0.517203 -0.200976
0.113493 -0.516388 -0.204600
0.095585 -0.495557 -0.197650
0.103106 -0.497815 -0.199999
0.111490 -0.496730 -0.199188
0.117364 -0.505903 -0.199948
0.119046 -0.455086 -0.183172
0.119688 -0.487603 -0.192937
0.129490 -0.512178 -0.193278
0.125439 -0.467256 -0.182183
0.113179 -0.480576 -0.193895
0.090693 -0.479616 -0.191286
0.123416 -0.535788 -0.206073
0.106144 -0.517135 -0.205584
0.101391 -0.533702 -0.209500
0.098489 -0.553669 -0.214176
0.118705 -0.528868 -0.206519
0.115850 -0.547838 -0.213160
0.137405 -0.522418 -0.184446
0.128844 -0.551822 -0.207057
0.087840 -0.535222 -0.202909
0.133589 -0.504677 -0.185198
0.082762 -0.482331 -0.185379
0.097780 -0.471555 -0.192130
0.129321 -0.478006 -0.181687
0.138655 -0.501477 -0.169754
0.141219 -0.535887 -0.177244
0.077154 -0.477750 -0.175324
0.134996 -0.486600 -0.174985
0.140716 -0.508503 -0.157127
0.135834 -0.553472 -0.199905
0.123373 -0.562869 -0.215056
0.143580 -0.556360 -0.159988
0.142315 -0.537304 -0.170410
0.133979 -0.577614 -0.211201
-0.145167 -0.200126 0.081201
-0.133185 -0.218492 0.115622
-0.131266 -0.202519 0.103301
-0.112409 -0.211584 0.127339
-0.122064 -0.214094 0.122154
-0.112725 -0.204204 0.123441
-0.106808 -0.195640 0.123834
-0.103807 -0.168529 0.122456
-0.051562 -0.590951 0.210039
-0.053499 -0.611044 0.190706
-0.057349 -0.610144 0.174556
-0.058211 -0.579932 0.169018
-0.063497 -0.580765 0.158581
-0.058999 -0.640699 0.171929
-0.052945 -0.579486 0.188316
0.004655 -0.648052 0.300132
0.005249 -0.620199 0.293334
-0.001885 -0.631032 0.297700
-0.013351 -0.627764 0.296575
-0.005618 -0.615560 0.294360
0.013488 -0.606100 0.286009
0.014961 -0.612844 0.286725
-0.023959 -0.591042 0.284340
0.002014 -0.600909 0.289923
-0.021376 -0.598783 0.287285
0.025900 -0.599601 0.273414
0.031488 -0.621768 0.270569
-0.011815 -0.596543 0.289429
0.021757 -0.612267 0.280873
0.183624 -0.629272 0.185690
0.193603 -0.658699 0.191610
0.182850 -0.647983 0.186382
0.191482 -0.606372 0.186057
0.180425 -0.608163 0.183035
0.171932 -0.582521 0.177418
0.183161 -0.581857 0.181635
0.160936 -0.580815 0.171466
0.171402 -0.555983 0.175553
0.179956 -0.542943 0.176962
0.192870 -0.560133 0.180220
0.183280 -0.559872 0.179569
0.193617 -0.575809 0.182753
0.201879 -0.565844 0.180033
0.194282 -0.547499 0.177652
0.158943 -0.520871 0.168044
0.171725 -0.536504 0.174183
0.198427 -0.536868 0.174935
0.164488 -0.502388 0.168800
0.213236 -0.506724 0.153635
0.210754 -0.518827 0.162705
0.175727 -0.506103 0.171546
0.190591 -0.514725 0.172249
0.202742 -0.513017 0.167263
0.183951 -0.506089 0.171720
0.205319 -0.491791 0.158507
-0.217855 -0.625996 0.039763
-0.218086 -0.603617 0.065705
-0.220368 -0.644126 0.050822
-0.216548 -0.613512 0.054295
-0.149659 -0.235517 0.109141
-0.155292 -0.256573 0.116153
0.293233 -0.564735 -0.035784
0.297462 -0.552511 -0.012943
0.261284 -0.432848 -0.006809
0.263974 -0.449597 -0.015301
0.260845 -0.439070 0.007542
0.256678 -0.445552 0.015686
0.253675 -0.413888 -0.011018
0.255686 -0.414236 0.002140
0.259230 -0.425976 0.001749
0.249533 -0.412868 -0.017692
0.256597 -0.417473 -0.004448
0.249640 -0.395842 -0.006083
0.240688 -0.378127 -0.012060
0.247211 -0.397055 -0.012738
0.229419 -0.391246 -0.024118
0.172114 -0.498095 -0.054596
0.180805 -0.495573 -0.048407
0.163524 -0.517679 -0.064332
0.158618 -0.500357 -0.068606
0.163964 -0.487450 -0.061282
0.179490 -0.468480 -0.046188
0.169613 -0.440082 -0.052708
0.159972 -0.458520 -0.064673
0.179455 -0.406455 -0.040750
0.139442 -0.513858 -0.118429
0.138605 -0.487978 -0.127529
0.142588 -0.514863 -0.098375
0.144508 -0.532041 -0.094372
0.148680 -0.511933 -0.084055
0.140806 -0.541050 -0.116536
0.169871 -0.366815 -0.056391
0.181597 -0.360258 -0.036690
0.199927 -0.367723 -0.024805
0.192617 -0.356213 -0.026362
0.141291 -0.553912 -0.115047
0.140924 -0.548096 -0.135729
0.180361 -0.385911 -0.039770
0.178901 -0.334739 -0.038313
0.167607 -0.346341 -0.059206
0.183742 -0.339453 -0.032283
0.139230 -0.487318 -0.108343
0.138808 -0.476155 -0.154040
0.135121 -0.463114 -0.163286
0.135570 -0.439897 -0.149115
0.145564 -0.582510 -0.180985
0.143955 -0.483589 -0.091613
0.137378 -0.462658 -0.123298
0.137808 -0.461109 -0.147292
0.140096 -0.468047 -0.100390
0.131442 -0.436169 -0.161418
0.131683 -0.459755 -0.170736
0.125626 -0.419157 -0.164316
0.141298 -0.428163 -0.091340
0.121892 -0.437507 -0.175075
0.099221 -0.429111 -0.180299
0.115144 -0.435596 -0.178654
0.127201 -0.440654 -0.170773
0.128410 -0.398398 -0.152398
0.099783 -0.449497 -0.186315
0.093468 -0.457307 -0.186756
0.089611 -0.440007 -0.181112
0.107358 -0.453294 -0.186709
0.085711 -0.459660 -0.183245
0.092963 -0.413434 -0.175211
0.106802 -0.427405 -0.178909
0.118890 -0.409262 -0.167939
0.079904 -0.402308 -0.163914
0.078956 -0.420938 -0.166792
0.106372 -0.400371 -0.171315
0.123298 -0.391824 -0.157435
0.119224 -0.373303 -0.154000
0.129376 -0.416938 -0.157726
0.131595 -0.398052 -0.145181
0.133480 -0.417152 -0.147257
0.136053 -0.421565 -0.118232
0.083865 -0.424795 -0.173115
0.103520 -0.384928 -0.167141
0.083618 -0.382144 -0.163120
0.086614 -0.399771 -0.169347
0.090732 -0.382292 -0.166464
0.094540 -0.395244 -0.169982
0.075164 -0.382774 -0.151821
0.067238 -0.396423 -0.131040
0.075957 -0.403748 -0.156679
0.069673 -0.422335 -0.142330
0.124594 -0.379786 -0.151154
0.137102 -0.447696 -0.114346
0.136373 -0.432710 -0.136926
0.100148 -0.361423 -0.160593
0.094191 -0.352477 -0.158530
0.108467 -0.381049 -0.163987
0.080958 -0.367735 -0.157990
0.061519 -0.459137 -0.132620
0.064198 -0.487240 -0.140888
0.065882 -0.422560 -0.133163
0.058198 -0.447183 -0.126494
0.068856 -0.461560 -0.147263
0.050697 -0.445664 -0.120247
0.074683 -0.450942 -0.164671
0.044262 -0.428023 -0.116314
0.138513 -0.400294 -0.095145
0.137897 -0.433296 -0.102525
0.067236 -0.451630 -0.141310
0.059561 -0.415524 -0.124943
0.073252 -0.439617 -0.158084
0.136272 -0.398462 -0.102550
0.096372 -0.334201 -0.151681
0.058265 -0.394181 -0.121456
0.054359 -0.421791 -0.121052
0.025879 -0.441506 -0.112893
0.039300 -0.396553 -0.115296
0.111844 -0.357490 -0.153452
0.123068 -0.351648 -0.142406
0.116748 -0.344685 -0.145031
0.123206 -0.327336 -0.132705
0.129351 -0.371070 -0.139749
0.129887 -0.338867 -0.128401
0.118965 -0.309515 -0.128175
0.131994 -0.357698 -0.129507
0.133346 -0.355314 -0.113025
0.132212 -0.342221 -0.121996
0.144796 -0.387497 -0.084435
0.148998 -0.423372 -0.078502
0.048693 -0.392877 -0.117351
0.143277 -0.362591 -0.086111
0.134277 -0.370338 -0.107044
0.163100 -0.389273 -0.063917
0.148314 -0.474666 -0.081802
0.135469 -0.416186 -0.136160
0.133520 -0.381346 -0.131286
0.135239 -0.340827 -0.099365
0.138494 -0.339557 -0.091354
0.142009 -0.337344 -0.086601
0.156648 -0.336781 -0.072106
0.160428 -0.355370 -0.068573
0.138265 -0.382879 -0.094162
0.138628 -0.363514 -0.092670
0.181666 -0.516340 -0.050123
0.164419 -0.296018 -0.056149
0.170956 -0.291920 -0.042280
-0.271268 -0.503869 -0.035023
-0.268499 -0.510956 -0.023962
-0.260044 -0.492593 -0.017830
-0.268855 -0.528608 -0.019413
-0.265177 -0.489256 -0.027798
-0.257207 -0.500714 -0.013125
-0.239969 -0.507092 -0.073733
-0.223681 -0.500293 -0.074115
-0.195396 -0.515713 -0.071808
-0.252629 -0.494807 -0.067072
-0.259548 -0.511002 -0.067673
-0.268124 -0.537084 -0.070015
-0.253042 -0.533526 -0.076221
-0.190724 -0.479058 -0.067954
-0.131003 -0.618163 -0.096161
-0.138280 -0.642979 -0.092159
-0.115599 -0.611828 -0.119103
-0.124287 -0.615013 -0.103585
-0.132172 -0.657451 -0.098164
-0.114019 -0.648040 -0.131526
-0.113003 -0.593095 -0.123197
-0.116744 -0.585458 -0.113089
0.296855 -0.570858 0.004119
0.300645 -0.565318 -0.010247
0.081086 -0.329387 -0.149641
-0.117684 -0.349562 -0.102490
-0.106138 -0.364735 -0.109307
-0.134351 -0.362043 -0.090603
-0.158336 -0.324267 -0.065195
-0.173640 -0.346631 -0.058781
-0.163425 -0.332504 -0.061690
-0.193456 -0.338667 -0.056494
-0.207597 -0.311478 -0.033132
-0.214344 -0.317284 -0.012823
-0.218203 -0.338774 -0.036196
-0.212649 -0.339523 -0.045471
-0.217096 -0.328125 -0.007889
-0.221411 -0.341560 -0.009946
-0.227809 -0.364314 -0.036903
-0.228245 -0.357637 -0.025254
-0.219578 -0.333158 -0.021301
-0.236536 -0.383829 -0.031248
-0.166374 -0.315790 -0.059972
-0.179612 -0.319542 -0.058090
-0.189863 -0.314547 -0.054764
-0.194335 -0.302659 -0.048123
-0.201638 -0.320148 -0.048113
-0.204878 -0.314465 -0.041565
-0.101173 -0.301993 -0.112166
-0.111521 -0.290904 -0.104689
-0.183217 -0.286552 -0.052410
-0.156083 -0.303369 -0.065761
-0.175827 -0.289412 -0.056319
-0.143901 -0.322392 -0.080054
-0.095747 -0.284094 -0.117957
-0.104009 -0.278748 -0.109916
-0.174453 -0.276035 0.062443
-0.174515 -0.275347 0.092143
-0.170923 -0.254714 0.073340
-0.174726 -0.286388 0.072214
-0.177160 -0.306110 0.071285
-0.174976 -0.287778 0.107315
-0.179008 -0.296377 0.101622
-0.169120 -0.257294 0.093626
-0.160593 -0.232714 0.088108
-0.168291 -0.245633 0.082548
-0.179484 -0.321807 0.071497
-0.181736 -0.308038 0.092889
-0.187163 -0.274313 -0.040100
-0.177112 -0.251804 -0.035869
0.017170 -0.252264 0.194587
0.005919 -0.258692 0.198028
0.026583 -0.261756 0.194634
0.040272 -0.233948 0.180181
0.040429 -0.224097 0.177395
0.037807 -0.243536 0.183571
0.051803 -0.228633 0.171624
-0.085203 -0.232698 0.140911
-0.070098 -0.223962 0.151821
-0.099471 -0.206054 0.133385
-0.101754 -0.224117 0.129994
-0.092725 -0.209118 0.136494
-0.091262 -0.197322 0.137433
-0.085017 -0.252091 0.138270
-0.098492 -0.240122 0.130668
-0.092214 -0.261016 0.132733
-0.094043 -0.250724 0.132516
-0.106468 -0.249329 0.126679
-0.113211 -0.259512 0.125573
-0.140737 -0.238686 0.120333
-0.135458 -0.229946 0.120532
-0.123384 -0.242305 0.123333
-0.114830 -0.237685 0.124644
-0.146358 -0.240130 0.116273
-0.138292 -0.252005 0.124005
-0.132673 -0.262958 0.126179
-0.117050 -0.285808 0.127419
-0.089883 -0.278971 0.132770
-0.100984 -0.256956 0.128630
-0.003085 -0.291231 0.210185
-0.062253 -0.338443 0.153475
-0.067335 -0.349346 0.146908
0.065482 -0.237180 0.157353
0.072984 -0.225992 0.153461
0.067768 -0.211213 0.158262
0.070026 -0.256724 0.151042
0.078248 -0.211574 0.150800
0.101324 -0.232769 0.134448
0.107331 -0.249343 0.132072
0.086257 -0.238035 0.144301
0.095409 -0.254937 0.136222
0.112714 -0.224479 0.131403
0.122272 -0.218825 0.128914
0.121964 -0.210282 0.124195
0.172983 -0.210406 -0.000811
0.208149 -0.346884 -0.020110
0.215250 -0.305990 -0.009834
0.206167 -0.302687 -0.017431
0.215617 -0.316762 -0.014041
0.214806 -0.297621 -0.005106
0.215771 -0.297771 0.014301
0.219673 -0.338573 -0.016533
0.216870 -0.386924 -0.025136
0.219981 -0.358997 -0.020282
0.226363 -0.349453 -0.015569
0.233145 -0.377479 -0.019010
0.232122 -0.348490 -0.009643
0.155559 -0.164220 -0.008939
0.141776 -0.154465 -0.030418
0.159266 -0.226628 0.088058
0.164567 -0.223448 0.073365
0.169242 -0.224129 0.064193
-0.192828 -0.567567 0.173126
-0.177349 -0.568169 0.166951
-0.182885 -0.544179 0.167987
-0.194175 -0.530175 0.169424
-0.175224 -0.506487 0.162456
-0.206090 -0.526034 0.168267
-0.184024 -0.511950 0.165455
-0.149581 -0.609638 0.149469
-0.133554 -0.607520 0.141110
-0.139697 -0.597966 0.143908
-0.122171 -0.598803 0.137325
-0.101992 -0.615961 0.135756
-0.105550 -0.587807 0.134832
-0.114135 -0.621752 0.135974
-0.102361 -0.650276 0.136385
-0.092871 -0.617658 0.137618
-0.109114 -0.643030 0.136033
-0.224024 -0.571041 0.087517
-0.205295 -0.552410 0.173028
0.041573 -0.609318 0.216864
0.039257 -0.590554 0.236620
0.036688 -0.612914 0.254289
0.041759 -0.658105 0.216318
0.065831 -0.565154 0.152379
0.063471 -0.542752 0.154123
0.072157 -0.516496 0.146600
-0.150334 -0.435432 -0.073566
-0.151911 -0.477166 -0.074409
-0.117590 -0.446593 -0.099776
-0.135816 -0.474022 -0.084660
-0.102419 -0.436600 -0.122513
-0.116194 -0.463305 -0.102149
-0.110133 -0.465121 -0.110604
-0.103963 -0.428227 -0.117206
-0.106283 -0.420399 -0.111866
-0.102145 -0.394972 -0.116255
-0.107628 -0.442060 -0.112028
-0.103583 -0.462018 -0.126151
-0.113715 -0.392884 -0.103025
-0.119825 -0.432900 -0.097501
-0.111899 -0.430458 -0.105350
-0.163558 -0.411667 -0.065310
-0.149044 -0.418881 -0.074802
-0.171540 -0.368348 -0.059797
-0.179686 -0.353912 -0.057914
-0.201919 -0.363109 -0.056847
-0.185758 -0.381053 -0.058488
-0.165575 -0.358521 -0.062223
-0.203467 -0.339506 -0.053126
-0.210382 -0.368557 -0.056042
-0.219552 -0.359422 -0.046896
-0.201269 -0.377158 -0.058240
-0.217067 -0.365700 -0.051941
-0.139233 -0.345226 -0.086601
-0.143763 -0.379027 -0.081419
-0.206048 -0.408988 -0.062253
-0.222969 -0.401482 -0.057975
-0.231421 -0.405823 -0.054149
-0.223802 -0.412576 -0.060174
-0.210894 -0.389073 -0.059091
-0.231375 -0.394501 -0.050054
-0.181299 -0.420231 -0.062892
-0.220099 -0.383550 -0.054818
-0.171520 -0.395673 -0.061584
-0.164680 -0.376638 -0.063636
-0.228164 -0.377679 -0.045842
-0.234233 -0.387625 -0.041450
0.134335 -0.536514 -0.196001
0.139638 -0.545168 -0.188341
0.143238 -0.572543 -0.189332
0.139496 -0.576797 -0.201856
-0.065458 -0.607866 0.156881
-0.083175 -0.618041 0.141952
-0.071933 -0.627310 0.150403
-0.065433 -0.636444 0.158603
-0.089304 -0.675128 0.140266
-0.070726 -0.653789 0.153015
-0.093424 -0.656497 0.138390
-0.078757 -0.651243 0.145147
-0.078676 -0.681317 0.146468
-0.048622 -0.576624 0.243134
-0.050421 -0.576045 0.228882
-0.047792 -0.553491 0.238036
-0.046548 -0.521858 0.231990
-0.048611 -0.539594 0.228297
-0.012479 -0.559713 0.280379
-0.023350 -0.574940 0.280495
-0.013763 -0.582223 0.285923
-0.002643 -0.577525 0.284901
0.007316 -0.577266 0.282419
0.014392 -0.592721 0.282472
-0.001898 -0.560123 0.280937
-0.213013 -0.590009 0.046713
-0.212098 -0.572956 0.058963
0.246537 -0.456647 0.024406
0.224365 -0.462832 0.034993
0.252625 -0.415501 0.010911
0.248777 -0.434593 0.020745
0.222580 -0.443767 0.034995
0.217671 -0.410531 0.035718
0.209645 -0.444407 0.044072
0.231013 -0.416390 0.029332
0.210173 -0.419271 0.041021
0.202456 -0.474626 0.058918
0.199716 -0.421652 0.052149
0.199985 -0.474556 0.070261
0.212716 -0.461573 0.042906
0.202241 -0.495565 0.072397
0.200363 -0.478474 0.082802
0.202261 -0.477984 0.092249
0.206105 -0.467010 0.145498
0.209194 -0.489070 0.152196
0.208191 -0.461683 0.134882
0.197235 -0.451518 0.066725
0.204695 -0.457789 0.051612
0.197430 -0.458293 0.079952
0.196890 -0.431141 0.060162
0.214745 -0.495978 0.125104
0.207036 -0.506190 0.096911
0.210014 -0.549046 0.086558
0.205187 -0.515161 0.084330
0.207377 -0.466248 0.115172
0.198331 -0.468208 0.157421
0.185342 -0.466554 0.163703
0.196951 -0.438221 0.092792
0.194762 -0.495598 0.166973
0.170248 -0.483800 0.167747
0.192998 -0.421027 0.082597
0.198300 -0.421270 0.108061
0.201511 -0.438428 0.138277
0.199404 -0.450014 0.148873
0.188581 -0.438376 0.155487
0.202282 -0.433714 0.129253
0.203868 -0.441959 0.120464
0.195115 -0.419032 0.141341
0.195774 -0.410576 0.134154
0.185306 -0.410287 0.148801
0.189112 -0.400256 0.141716
0.191224 -0.392664 0.133467
0.169598 -0.410555 0.156049
0.179402 -0.394628 0.148491
0.178349 -0.415220 0.154417
0.158939 -0.403428 0.155526
0.169614 -0.395159 0.153094
0.136281 -0.413992 0.150377
0.161939 -0.429691 0.159433
0.128823 -0.439492 0.148823
0.149865 -0.435595 0.157598
0.147779 -0.465330 0.159373
0.191897 -0.454939 0.157805
0.175842 -0.465714 0.165394
0.177484 -0.435369 0.159409
0.161481 -0.378941 0.151307
0.147084 -0.398354 0.152551
0.114331 -0.437743 0.142352
0.162658 -0.451585 0.162725
0.118631 -0.422200 0.143478
0.158418 -0.472785 0.163834
0.121847 -0.476618 0.146344
0.109961 -0.470749 0.141741
0.157554 -0.359862 0.147967
0.148120 -0.372607 0.149616
0.081432 -0.440178 -0.173891
0.014087 -0.394648 -0.113712
0.022918 -0.371103 -0.119930
-0.262019 -0.476244 -0.048765
-0.259704 -0.487458 -0.059773
-0.242346 -0.493746 -0.070663
-0.240131 -0.472906 -0.067311
-0.229153 -0.481556 -0.071227
-0.220030 -0.456711 -0.068208
-0.212265 -0.457258 -0.068081
-0.256343 -0.467080 -0.053933
-0.229626 -0.457431 -0.067173
-0.209901 -0.431756 -0.065146
-0.265568 -0.493321 -0.054053
-0.252660 -0.474135 -0.060735
-0.185611 -0.449182 -0.065310
-0.227051 -0.436188 -0.063762
-0.237698 -0.443034 -0.060779
-0.236633 -0.426406 -0.057037
-0.248486 -0.435087 -0.048242
-0.247806 -0.454267 -0.057860
-0.239224 -0.411119 -0.048146
-0.246537 -0.418797 -0.039883
-0.244651 -0.408469 -0.032921
-0.225845 -0.362435 -0.007128
-0.231357 -0.369927 -0.018869
-0.239993 -0.394131 -0.026055
-0.235042 -0.387873 -0.014501
-0.227484 -0.383493 -0.003995
-0.233823 -0.415512 -0.005240
-0.241031 -0.421307 -0.012246
-0.223549 -0.393472 0.001067
-0.273263 -0.509751 -0.049509
-0.267147 -0.484794 -0.041811
-0.269753 -0.494981 -0.038827
-0.247285 -0.503950 -0.005423
-0.228971 -0.516282 0.006209
-0.259508 -0.565522 -0.009335
-0.226932 -0.555826 0.009575
-0.262965 -0.536817 -0.013446
-0.240236 -0.578792 0.001142
-0.221654 -0.591927 0.018528
-0.229957 -0.586375 0.008434
-0.108608 -0.330014 -0.108802
-0.128232 -0.326848 -0.095212
-0.205565 -0.308439 0.011321
-0.181578 -0.332953 0.059853
-0.177839 -0.307118 0.063298
-0.186235 -0.323816 0.040592
-0.191614 -0.326759 0.029662
-0.196921 -0.333211 0.022664
-0.210499 -0.312474 0.001235
-0.217015 -0.346442 0.002210
-0.212913 -0.331624 0.004994
0.004298 -0.290933 0.209586
0.016359 -0.288544 0.205996
0.025239 -0.312953 0.207233
0.025445 -0.292623 0.202371
0.018992 -0.314735 0.212126
-0.100299 -0.286768 0.128830
-0.147087 -0.271584 0.126170
-0.142773 -0.279875 0.128340
-0.115992 -0.316660 0.129483
-0.055213 -0.359918 0.165710
-0.058030 -0.380761 0.159879
-0.049902 -0.360007 0.179809
-0.021155 -0.319694 0.214225
-0.023515 -0.346047 0.220463
0.190219 -0.259070 0.042814
0.192426 -0.254257 0.036812
0.204494 -0.276008 0.024241
0.215169 -0.293394 0.003727
0.200617 -0.280256 0.034967
0.214525 -0.305039 0.023521
0.205178 -0.300028 0.032962
0.194988 -0.332771 0.045001
0.189392 -0.382612 0.064590
0.193395 -0.426660 0.072074
0.194991 -0.346749 0.047096
0.201000 -0.398212 0.047104
0.190460 -0.399166 0.086432
0.195815 -0.395406 0.053303
0.189422 -0.394180 0.074630
0.223093 -0.316987 -0.003971
0.225287 -0.321552 0.010526
0.230365 -0.334610 0.000683
0.213568 -0.332087 0.030455
0.221604 -0.331185 0.022968
0.226097 -0.331149 0.016209
0.222585 -0.363309 0.028065
0.236252 -0.352076 0.001421
0.202340 -0.350582 0.040394
0.233864 -0.346211 0.008200
0.230681 -0.353878 0.019578
0.226369 -0.333365 -0.010129
0.239493 -0.366187 0.009778
0.211260 -0.324702 -0.018553
-0.128854 -0.568572 0.139409
-0.115412 -0.578249 0.135670
-0.082167 -0.596058 0.141634
-0.074148 -0.605891 0.147630
-0.091188 -0.590685 0.137571
-0.202536 -0.502694 0.055892
-0.211434 -0.543554 0.070414
-0.219195 -0.539078 0.087355
-0.229721 -0.516364 0.113105
-0.215216 -0.493831 0.092720
-0.207814 -0.500464 0.076896
-0.207831 -0.541913 0.057922
-0.205775 -0.518873 0.062606
-0.227770 -0.499190 0.118628
-0.200465 -0.482114 0.059636
-0.201641 -0.497083 0.052401
-0.217213 -0.463431 0.107315
-0.218969 -0.458622 0.118819
-0.214225 -0.468466 0.098477
-0.203040 -0.483720 0.070317
-0.207108 -0.477226 0.082139
-0.202083 -0.490079 0.037857
-0.197289 -0.445087 0.067684
-0.195689 -0.450835 0.055460
-0.199761 -0.482597 0.049396
-0.233483 -0.522549 0.145248
0.043333 -0.598310 0.197769
0.046526 -0.598317 0.184289
0.045662 -0.569570 0.186737
0.056695 -0.558708 0.162261
0.042461 -0.569324 0.201309
0.034903 -0.586465 0.252896
0.031251 -0.570413 0.257890
0.038452 -0.556787 0.232551
0.033592 -0.495125 0.234560
0.037002 -0.536223 0.233781
0.034199 -0.541529 0.244348
0.038550 -0.517370 0.221929
0.021229 -0.583832 0.275067
0.086904 -0.517489 0.141157
0.076762 -0.485782 0.143680
0.067772 -0.490056 0.149034
0.058387 -0.532607 0.159381
0.088245 -0.492004 0.140464
0.082373 -0.466085 0.141195
0.101354 -0.442405 0.139166
0.095430 -0.466957 0.139489
-0.135356 -0.404108 -0.087155
-0.155550 -0.387014 -0.069847
-0.157156 -0.359477 -0.068924
-0.172861 -0.420932 -0.063421
-0.036805 -0.574815 0.269198
-0.042183 -0.568653 0.259001
-0.037654 -0.554919 0.262703
-0.044167 -0.543117 0.246671
-0.033365 -0.547401 0.265564
-0.040283 -0.536197 0.252575
0.017215 -0.508826 0.260894
-0.003389 -0.528745 0.273442
0.016776 -0.554277 0.272001
0.012089 -0.526179 0.268120
0.030369 -0.536598 0.251405
0.003506 -0.535017 0.273851
0.025180 -0.528124 0.257452
0.018479 -0.531343 0.264902
-0.023426 -0.553978 0.274944
-0.010386 -0.534919 0.274830
0.022179 -0.553720 0.267033
0.011138 -0.544736 0.273203
-0.041423 -0.505371 0.240986
-0.010882 -0.515619 0.269931
-0.034837 -0.532874 0.259979
-0.028079 -0.536792 0.267544
-0.019374 -0.531737 0.271399
-0.033349 -0.508541 0.255045
-0.004244 -0.507061 0.268126
0.003753 -0.498103 0.264640
0.010922 -0.504013 0.263620
-0.020518 -0.503364 0.263758
-0.038102 -0.510801 0.249225
-0.032771 -0.441660 0.237718
-0.026318 -0.510450 0.261973
-0.043622 -0.505978 0.235514
-0.043071 -0.481475 0.229776
-0.036664 -0.472629 0.240703
-0.046305 -0.500091 0.224524
-0.038538 -0.449155 0.231100
-0.051652 -0.502380 0.184664
-0.054294 -0.522144 0.175861
-0.053556 -0.543869 0.180806
-0.049189 -0.496745 0.202164
-0.051550 -0.487191 0.182339
-0.058945 -0.485386 0.161423
-0.055801 -0.478969 0.167882
-0.091999 -0.499456 0.135239
-0.062659 -0.471562 0.154846
-0.064607 -0.519147 0.153713
-0.051706 -0.547711 0.192048
-0.052422 -0.456733 0.176717
-0.061205 -0.544441 0.160608
-0.057008 -0.516085 0.167415
-0.067266 -0.555992 0.152217
-0.075949 -0.556221 0.144154
-0.056336 -0.560706 0.172707
-0.090303 -0.546566 0.136605
-0.073858 -0.578269 0.146587
-0.082624 -0.576297 0.140845
-0.073468 -0.524022 0.145378
-0.093684 -0.571313 0.136303
-0.102947 -0.564406 0.134530
-0.098221 -0.549122 0.134765
-0.094119 -0.527952 0.135243
-0.108295 -0.534438 0.134517
-0.103513 -0.526152 0.134128
-0.121324 -0.538975 0.136561
0.153696 -0.493665 0.164123
-0.218416 -0.612346 0.030002
-0.210305 -0.533504 0.027796
0.210190 -0.491182 0.112126
0.194342 -0.430845 0.147303
0.188911 -0.366692 0.108859
0.194298 -0.399141 0.106178
0.197508 -0.409623 0.118040
0.192718 -0.387606 0.123679
0.189564 -0.372853 0.119861
0.184321 -0.387043 0.141637
0.171907 -0.374978 0.147641
0.186938 -0.369113 0.127392
0.184109 -0.356736 0.126264
0.182921 -0.369077 0.135665
0.179365 -0.330872 0.120743
0.184333 -0.345312 0.111390
0.175054 -0.336085 0.131801
0.089141 -0.296638 0.137276
0.101347 -0.421204 0.138807
0.129998 -0.364243 0.143915
0.119247 -0.389763 0.141799
0.110775 -0.351885 0.137723
0.104515 -0.369746 0.137859
0.144607 -0.346450 0.145541
0.110438 -0.405456 0.140065
0.089145 -0.383533 0.138123
0.076009 -0.390795 0.142255
0.096793 -0.393670 0.138134
0.076555 -0.415110 0.142391
0.082952 -0.368497 0.139538
0.068582 -0.404297 0.147116
0.090355 -0.365879 0.137848
0.097326 -0.370861 0.137409
0.163641 -0.353370 0.145372
-0.262607 -0.470478 -0.034541
-0.248323 -0.452820 -0.014080
-0.258312 -0.468258 -0.024367
-0.217659 -0.453705 0.011303
-0.222789 -0.501443 0.010027
-0.201674 -0.475139 0.033512
-0.212263 -0.490797 0.018592
-0.239430 -0.468992 -0.002744
-0.242232 -0.457493 -0.006490
-0.194372 -0.438930 0.046382
-0.200226 -0.458234 0.032667
-0.197497 -0.459743 0.042550
-0.206423 -0.505256 0.029618
-0.203903 -0.518070 0.047834
-0.202143 -0.500316 0.045520
-0.213109 -0.508723 0.019826
-0.227819 -0.427568 0.001511
-0.201920 -0.428407 0.025540
-0.209251 -0.449497 0.018320
-0.251610 -0.443470 -0.021514
-0.205940 -0.525310 0.038740
-0.211290 -0.467193 0.017610
-0.213088 -0.424113 0.012785
-0.253952 -0.442140 -0.028112
-0.244831 -0.413971 -0.023795
-0.215827 -0.560543 0.022420
-0.222205 -0.533057 0.012236
-0.251874 -0.434749 -0.037972
-0.213608 -0.573642 0.030846
-0.209787 -0.555426 0.036871
-0.215708 -0.536230 0.020047
-0.233170 -0.547820 0.004230
-0.208385 -0.553036 0.048445
-0.258840 -0.458531 -0.042059
-0.184544 -0.357020 0.055574
-0.216344 -0.367615 0.005413
-0.207442 -0.351973 0.012623
-0.200670 -0.367724 0.020865
-0.193159 -0.363673 0.031718
-0.189596 -0.363447 0.038917
-0.195287 -0.396881 0.032714
0.050739 -0.280261 0.169187
0.037216 -0.299031 0.192561
0.055004 -0.261954 0.163344
0.080526 -0.277903 0.141920
0.068093 -0.296132 0.148870
0.090989 -0.317790 0.136963
0.081396 -0.313011 0.140161
0.071870 -0.325310 0.145061
0.061500 -0.320146 0.154486
0.067206 -0.355974 0.148095
0.074547 -0.348530 0.142959
0.085575 -0.343745 0.138587
0.094786 -0.347333 0.137056
0.074818 -0.366401 0.142988
0.059059 -0.351620 0.156639
0.050803 -0.309425 0.169785
0.101127 -0.329756 0.136046
0.111725 -0.328254 0.136802
0.061271 -0.376248 0.154041
0.053012 -0.325324 0.165781
0.034252 -0.329720 0.201028
0.132729 -0.273983 0.134383
0.026380 -0.333713 0.211060
0.038172 -0.316552 0.193049
0.136640 -0.297271 0.137670
0.107405 -0.270823 0.133155
0.110806 -0.285703 0.133850
0.042027 -0.322808 0.187075
0.099261 -0.306729 0.135426
0.148795 -0.286418 0.134589
0.117061 -0.248829 0.131174
0.139556 -0.269556 0.133275
0.152855 -0.278870 0.130430
0.158465 -0.267077 0.120310
0.153739 -0.267743 0.125902
0.131819 -0.247572 0.130497
0.140635 -0.247420 0.127622
0.150552 -0.246944 0.118800
0.157270 -0.242283 0.104867
0.163141 -0.245755 0.094976
0.164182 -0.234515 0.081824
0.167349 -0.246918 0.078605
0.175283 -0.282202 0.068978
-0.147519 -0.255920 0.121981
-0.153796 -0.267838 0.122222
-0.155804 -0.284258 0.126435
-0.163922 -0.300437 0.127506
-0.155518 -0.299152 0.130211
-0.160230 -0.277418 0.121436
-0.001494 -0.372413 0.234036
-0.014789 -0.351610 0.226250
-0.019406 -0.366931 0.228496
-0.004168 -0.350047 0.227838
-0.045570 -0.388979 0.195437
-0.042718 -0.374727 0.202042
-0.010131 -0.340666 0.224371
0.005880 -0.348265 0.226465
-0.026049 -0.311000 0.208885
-0.027473 -0.324127 0.211493
-0.019147 -0.330534 0.218455
0.244337 -0.409157 0.019532
0.242460 -0.387721 0.015526
0.211546 -0.376096 0.036445
0.235026 -0.395810 0.024494
0.192752 -0.374882 0.054566
0.206498 -0.393856 0.041522
0.198886 -0.370533 0.045556
0.243618 -0.377147 -0.005556
0.246810 -0.390004 0.007847
0.245876 -0.382023 0.000472
-0.166843 -0.542203 0.160331
-0.128644 -0.530062 0.138899
-0.141992 -0.562386 0.145302
-0.210329 -0.507373 0.162872
-0.227122 -0.490935 0.129147
-0.224277 -0.508450 0.104304
-0.229353 -0.510584 0.146147
-0.214891 -0.487457 0.154362
-0.220545 -0.504625 0.155439
-0.224575 -0.499276 0.147885
-0.197061 -0.504171 0.165189
-0.226610 -0.493827 0.139490
-0.205088 -0.489863 0.160487
-0.217960 -0.470567 0.143659
-0.211176 -0.447442 0.099781
-0.207029 -0.429966 0.138323
-0.209038 -0.467105 0.152017
0.050386 -0.570290 0.173229
0.051313 -0.536407 0.170081
0.043748 -0.534931 0.192847
0.027808 -0.581783 0.266551
0.035400 -0.567756 0.247105
0.062166 -0.473223 0.153905
0.087572 -0.442264 0.139603
0.055878 -0.456810 0.161210
0.050154 -0.458974 0.171009
-0.032750 -0.604974 0.281582
-0.040371 -0.607289 0.273770
-0.030587 -0.580949 0.277111
0.010475 -0.486530 0.259810
-0.013017 -0.497001 0.264772
-0.005726 -0.488953 0.263525
-0.028813 -0.465737 0.248707
-0.025506 -0.482298 0.255909
-0.008668 -0.478086 0.260568
0.000573 -0.480144 0.261131
-0.007540 -0.453163 0.254505
-0.017940 -0.463397 0.254504
-0.066499 -0.494249 0.150420
-0.074895 -0.478376 0.142501
-0.081630 -0.506255 0.139266
-0.085877 -0.525278 0.137733
-0.080182 -0.448285 0.138510
-0.084495 -0.480740 0.137088
-0.096515 -0.478859 0.133841
-0.087145 -0.454100 0.135770
-0.116508 -0.513368 0.135283
-0.135762 -0.484420 0.141576
-0.101668 -0.511289 0.133986
-0.105547 -0.486186 0.133616
-0.113185 -0.500231 0.134384
-0.136385 -0.514359 0.142476
-0.163861 -0.520436 0.158059
-0.128077 -0.492047 0.138359
-0.117890 -0.478670 0.135227
-0.129213 -0.459991 0.138273
-0.116319 -0.453257 0.134164
-0.101827 -0.455464 0.133139
-0.118760 -0.431892 0.134022
-0.197818 -0.437815 0.150411
-0.210715 -0.450659 0.143822
-0.173519 -0.456478 0.156970
-0.214466 -0.451173 0.137581
-0.185000 -0.438595 0.154183
-0.164885 -0.445281 0.153688
-0.132103 -0.424084 0.138156
-0.219393 -0.462477 0.130420
-0.179102 -0.445332 0.155969
-0.196637 -0.463075 0.157074
-0.184188 -0.479804 0.161360
-0.155105 -0.473307 0.151722
-0.155860 -0.432041 0.149318
-0.094138 -0.421800 0.134019
-0.126817 -0.385996 0.135690
-0.121569 -0.394615 0.134221
-0.118963 -0.413142 0.133774
-0.164482 -0.487188 0.157003
-0.191131 -0.470047 0.159607
-0.146807 -0.415490 0.144377
-0.177651 -0.351705 0.135881
-0.171151 -0.384505 0.145761
-0.164308 -0.415967 0.150586
-0.166357 -0.401519 0.148842
-0.106225 -0.348906 0.130427
-0.101702 -0.368930 0.131338
-0.110475 -0.436391 0.133139
-0.177254 -0.489433 0.161365
-0.180347 -0.317150 0.118487
-0.083442 -0.404488 0.136034
-0.093699 -0.381551 0.132747
-0.082450 -0.375048 0.135778
-0.073287 -0.366471 0.141372
-0.066697 -0.384273 0.147434
-0.114449 -0.370274 0.132194
-0.184225 -0.320381 0.109248
-0.107709 -0.392261 0.131978
-0.079982 -0.355279 0.137024
-0.089661 -0.360343 0.132889
-0.069717 -0.431085 0.145093
-0.075978 -0.427078 0.140263
-0.069098 -0.447113 0.146298
-0.187318 -0.330578 0.107590
-0.194059 -0.362279 0.099454
-0.185878 -0.331179 0.090496
-0.185061 -0.322675 0.096674
-0.060124 -0.431954 0.156863
-0.192761 -0.353429 0.103222
-0.045617 -0.466550 0.214532
-0.056499 -0.448914 0.164559
-0.048719 -0.442389 0.192038
-0.043128 -0.450607 0.219485
-0.055975 -0.406402 0.164347
-0.052213 -0.408557 0.175115
-0.068047 -0.413640 0.146281
-0.020510 -0.407115 0.239090
-0.037696 -0.428993 0.227088
-0.033366 -0.411177 0.228487
-0.035809 -0.397785 0.221218
-0.024272 -0.425086 0.241034
-0.028052 -0.413332 0.235018
-0.026435 -0.449512 0.246189
-0.039827 -0.382673 0.210331
-0.026925 -0.386294 0.229174
-0.031365 -0.372906 0.221038
-0.017175 -0.437370 0.248235
-0.045365 -0.423510 0.205495
0.190357 -0.350343 0.053336
0.186674 -0.357951 0.063771
0.187452 -0.364767 0.098778
0.185751 -0.369505 0.076704
0.182297 -0.342819 0.076820
0.188162 -0.333052 0.054031
0.183536 -0.328058 0.062420
0.095771 -0.267687 0.135476
0.088631 -0.403317 0.138518
0.081807 -0.429862 0.140786
0.175746 -0.357665 0.139886
0.169443 -0.343607 0.140064
-0.208161 -0.404336 0.015642
-0.203429 -0.397396 0.020201
-0.186449 -0.360669 0.047509
0.040242 -0.348838 0.193047
0.046965 -0.377785 0.177766
0.066788 -0.384437 0.148392
0.150059 -0.304134 0.137738
0.161746 -0.292218 0.128404
0.142206 -0.318189 0.141061
0.158935 -0.309016 0.136115
0.159381 -0.328461 0.141029
0.171760 -0.296554 0.114579
0.181272 -0.329965 0.106680
0.179326 -0.324526 0.086333
0.170757 -0.309664 0.125062
0.176775 -0.313262 0.112411
0.174478 -0.298577 0.105065
0.165809 -0.279807 0.116282
0.168346 -0.325061 0.134797
0.153824 -0.335630 0.143747
0.168994 -0.271113 0.099259
0.009017 -0.328850 0.220108
0.002047 -0.333084 0.222925
-0.008651 -0.321467 0.219316
0.017648 -0.338973 0.218803
0.030815 -0.352689 0.210119
0.015326 -0.371826 0.228606
0.011802 -0.355240 0.226198
0.006316 -0.368470 0.231610
-0.010115 -0.380240 0.235635
0.021230 -0.354880 0.220383
0.036451 -0.366299 0.203311
-0.016416 -0.395862 0.237892
0.000620 -0.405695 0.242476
-0.005791 -0.404620 0.242319
0.021540 -0.376389 0.225264
0.008725 -0.389106 0.236433
0.027587 -0.386756 0.221752
0.037306 -0.397890 0.205932
-0.013775 -0.421284 0.245337
0.000517 -0.432603 0.249493
-0.004568 -0.441135 0.251927
0.030788 -0.372931 0.214529
0.053152 -0.364633 0.165184
0.133990 -0.226521 0.123874
0.173571 -0.290911 0.093164
0.177677 -0.310268 0.076868
0.183462 -0.297404 0.054657
0.186245 -0.305539 0.051451
0.193401 -0.301505 0.043208
0.171509 -0.265192 0.073364
0.173163 -0.255493 0.065003
-0.143168 -0.305314 0.132486
-0.147008 -0.335165 0.136986
-0.166399 -0.321526 0.132609
-0.156567 -0.321663 0.134925
-0.175433 -0.318279 0.125813
-0.191865 -0.361459 0.124923
-0.186236 -0.356507 0.130837
-0.184503 -0.344888 0.127688
-0.189684 -0.342747 0.114211
-0.175000 -0.339108 0.133400
-0.191943 -0.375984 0.132922
-0.172954 -0.363525 0.140809
-0.158364 -0.370065 0.143542
-0.184248 -0.378033 0.140123
-0.196225 -0.375655 0.125241
-0.203483 -0.405942 0.129923
-0.197067 -0.369553 0.112092
-0.194272 -0.360109 0.115980
-0.190549 -0.421061 0.149050
-0.186292 -0.361728 0.073455
-0.191259 -0.391049 0.073612
-0.200378 -0.393615 0.098334
-0.201978 -0.390608 0.108651
-0.205062 -0.401733 0.117549
-0.208842 -0.419030 0.110119
-0.200260 -0.443992 0.076784
-0.211538 -0.431420 0.128637
-0.212398 -0.431651 0.118296
-0.213483 -0.440424 0.110751
-0.215016 -0.442942 0.126264
-0.016658 -0.313546 0.214497
-0.013508 -0.296093 0.210272
-0.190535 -0.410629 0.054414
-0.194648 -0.426119 0.039749
-0.193400 -0.421293 0.065448
0.049441 -0.554031 0.174655
0.031536 -0.593494 0.263116
0.069844 -0.471209 0.147267
0.053207 -0.486592 0.166078
0.058609 -0.494871 0.158375
0.075367 -0.455424 0.143826
0.057687 -0.405088 0.158259
0.065154 -0.444551 0.150417
0.056497 -0.433145 0.159891
0.053248 -0.440115 0.165051
0.059633 -0.421973 0.155731
0.048050 -0.433949 0.175739
0.051731 -0.414343 0.167534
0.045903 -0.406457 0.181355
0.045423 -0.457651 0.183737
0.038575 -0.417087 0.206140
0.029058 -0.424474 0.227690
0.034905 -0.418525 0.215907
0.039501 -0.446083 0.206394
0.034388 -0.451254 0.223045
0.017127 -0.399369 0.234505
0.007292 -0.406373 0.241251
0.023986 -0.408043 0.230391
0.029314 -0.483803 0.240576
0.043927 -0.484618 0.189588
0.039674 -0.477770 0.209603
0.035883 -0.477506 0.224223
0.032574 -0.468234 0.230909
0.030122 -0.458264 0.233807
0.021772 -0.481297 0.250372
0.022366 -0.458748 0.244157
-0.000181 -0.455343 0.255287
0.018380 -0.437226 0.242867
0.012060 -0.425516 0.244324
0.007404 -0.441870 0.250226
0.015109 -0.463866 0.251693
0.006908 -0.464323 0.255895
0.013520 -0.481386 0.257048
0.026594 -0.499908 0.248911
0.019756 -0.496971 0.256171
0.030575 -0.508287 0.244367
0.016392 -0.413446 0.238441
-0.119388 -0.338423 0.131696
-0.087680 -0.427715 0.135318
-0.075520 -0.394005 0.140110
-0.142438 -0.356395 0.139464
-0.117183 -0.354015 0.132174
-0.154385 -0.397246 0.146305
-0.166115 -0.346341 0.138526
-0.181492 -0.337190 0.069530
-0.041718 -0.427900 0.217400
-0.060663 -0.409119 0.155363
-0.189463 -0.398279 0.049498
-0.190908 -0.396928 0.042685
-0.189994 -0.398778 0.063648
-0.186607 -0.377888 0.059761
-0.004438 -0.426105 0.248187
-0.170288 -0.287254 0.115796
-0.185641 -0.396421 0.144561
-0.190359 -0.387772 0.139279
-0.178818 -0.415526 0.150841
-0.199186 -0.422711 0.144547
-0.203539 -0.418821 0.094181
0.046949 -0.512270 0.179244
0.047408 -0.480160 0.177846
0.052111 -0.509947 0.168160
0.064522 -0.504083 0.152297
0.069468 -0.423436 0.146645
-0.198997 -0.404127 0.137467
0.047257 -0.708449 -0.140191
0.053482 -0.699700 -0.147533
0.328340 -0.652038 -0.023640
0.292128 -0.577886 0.010880
