500 315 166
207 257 258
101 137 167
99 101 56
101 138 137
432 656 16
2016 1037 1452
103 88 149
88 1355 149
577 504 427
103 122 69
149 122 103
594 668 286
535 2100 363
288 374 24
108 92 112
954 150 105
104 150 96
669 533 534
1111 1112 1301
958 232 191
192 234 193
227 361 455
116 100 115
532 362 19
958 191 114
98 97 150
1014 1011 1012
132 131 222
90 180 112
1016 283 226
106 107 104
189 2 158
2 189 1
99 116 138
143 123 69
770 395 771
123 143 142
138 115 57
92 90 112
146 111 89
96 111 68
289 231 156
106 66 124
231 235 58
89 111 96
5 298 239
108 96 97
386 292 231
106 67 66
93 103 69
130 67 95
62 314 355
106 104 68
355 356 62
140 171 87
340 74 75
87 141 140
184 183 338
613 8 9
212 86 271
98 113 97
88 90 94
205 173 216
92 108 97
104 107 105
64 203 204
109 65 124
93 180 90
95 67 68
94 90 113
106 68 67
1907 358 280
108 89 96
220 221 180
1100 1098 382
640 674 537
382 541 1100
127 111 146
95 68 111
109 126 65
109 66 110
639 640 596
109 110 125
89 108 182
477 32 545
104 96 68
550 300 301
128 132 130
160 545 397
750 399 303
1355 339 149
107 106 124
40 851 850
255 65 253
144 253 65
107 217 105
43 402 485
107 760 217
801 802 1229
64 204 144
412 309 410
409 407 48
249 423 1109
93 90 91
947 2185 275
110 67 130
90 92 113
174 177 1089
70 71 346
93 220 180
123 93 69
88 91 90
147 128 127
97 113 92
94 940 88
103 93 91
940 1355 88
66 67 110
176 177 145
1204 1203 1202
103 91 88
174 216 173
952 1359 951
57 58 425
134 100 159
425 201 136
2835 163 165
274 441 343
206 173 205
97 96 150
1088 215 257
124 66 109
130 95 128
60 198 59
215 259 257
138 101 99
130 125 110
145 219 176
89 350 146
111 127 95
147 127 146
95 127 128
129 147 354
147 129 128
222 277 148
132 129 131
130 132 125
348 129 354
132 128 129
348 131 129
131 278 277
277 278 148
178 179 442
178 125 179
125 132 179
122 149 183
109 178 126
109 125 178
466 467 469
529 82 83
115 133 156
114 134 159
1 189 190
138 116 115
151 544 473
60 59 295
1605 1602 1604
79 80 404
565 310 419
557 488 688
498 496 424
249 421 248
1219 1218 1220
167 166 56
137 57 425
137 138 57
153 626 627
264 169 263
434 335 433
269 436 437
121 170 140
270 140 141
142 346 345
346 142 70
941 942 1345
652 495 1858
177 144 145
145 65 126
218 1089 176
443 132 222
126 219 145
221 108 112
181 108 221
221 112 180
450 146 350
146 450 147
352 147 450
132 443 179
355 526 356
225 281 1094
1559 1106 808
58 57 156
1 190 157
189 158 193
156 57 115
133 115 100
133 100 232
159 100 116
114 159 157
59 292 295
470 192 291
710 549 644
241 35 399
2837 40 41
555 1054 1052
1277 608 1047
52 566 51
199 313 246
2836 163 2835
56 316 164
200 163 2836
201 425 58
202 136 201
165 164 162
316 56 166
315 164 316
101 167 56
425 167 137
136 424 425
254 175 107
258 257 259
263 169 507
171 140 170
141 87 172
171 170 271
941 71 72
941 272 942
941 346 71
272 72 73
74 340 273
340 1357 273
341 213 214
946 215 1088
946 275 215
177 173 64
573 175 254
65 145 144
177 64 144
218 176 219
1089 177 176
173 177 174
442 126 178
182 350 89
181 660 182
345 344 220
181 344 660
182 108 181
442 179 443
183 149 339
339 338 183
172 184 141
1121 1129 1120
705 768 394
282 225 1094
1392 1024 1027
1512 531 454
656 582 617
2097 535 533
373 460 188
461 230 288
1100 1096 1099
156 133 289
191 134 114
960 289 232
156 231 58
190 958 114
190 114 157
191 232 100
192 470 234
192 193 158
291 192 194
189 193 233
191 100 134
3 291 194
237 468 3
239 298 771
36 303 399
241 399 750
42 2837 41
1010 244 311
59 244 235
235 244 245
248 421 247
250 200 2836
200 250 55
202 201 58
136 202 252
58 235 202
2835 165 162
164 315 162
204 203 317
256 173 206
206 207 320
317 318 255
65 255 124
256 203 64
317 203 319
204 317 253
205 216 257
206 205 207
206 203 256
320 319 206
173 256 64
168 321 260
168 259 63
326 12 328
13 265 262
208 266 332
335 434 17
210 211 269
436 269 85
210 269 437
438 85 212
212 85 86
272 941 72
213 63 259
259 215 214
257 216 1088
214 215 275
1088 216 174
107 175 760
217 760 761
442 219 126
219 442 218
93 123 220
345 123 142
123 345 220
276 345 346
344 221 220
443 222 148
440 514 439
339 440 338
184 513 141
236 355 61
60 236 61
223 526 321
1908 357 185
394 357 528
452 1090 280
282 224 452
225 153 281
1032 1458 1459
367 368 287
632 19 630
597 375 673
380 638 596
231 292 235
387 289 960
231 289 386
232 289 133
232 958 960
962 234 470
59 235 292
295 236 60
297 237 4
238 297 4
394 768 298
771 769 770
239 771 395
32 300 397
240 299 477
550 396 300
161 398 33
846 42 306
486 553 306
309 412 413
1053 415 50
416 50 51
689 196 251
557 197 54
54 196 488
488 557 54
648 489 609
244 198 311
198 313 311
198 244 59
246 60 61
198 60 246
199 246 247
247 61 314
249 314 62
62 343 249
418 55 135
250 135 55
251 55 418
1073 497 252
245 1073 252
136 252 497
245 202 235
162 1062 2835
162 426 1062
204 253 144
255 253 317
124 255 254
570 320 207
570 207 501
571 320 570
205 257 207
260 258 168
258 259 168
321 168 223
613 323 8
325 323 577
326 327 11
578 615 428
578 428 505
328 1111 326
762 261 430
762 12 261
265 263 331
331 263 507
208 169 266
331 262 265
169 264 266
333 208 332
268 582 656
84 211 210
439 1180 270
513 270 141
440 184 338
806 742 788
270 1179 806
438 436 85
942 273 1357
273 942 272
272 73 273
74 273 73
487 340 75
487 75 76
213 259 214
274 63 213
342 341 658
342 274 213
2185 947 948
946 1088 1087
1089 218 448
131 277 222
348 347 279
518 451 622
279 517 278
451 279 351
279 518 517
1355 514 339
544 355 236
1135 1128 152
63 62 356
185 592 1908
1908 592 527
282 1092 224
1016 226 1011
81 283 284
80 1032 404
593 18 285
227 18 186
361 227 186
335 435 509
630 19 366
363 365 535
634 286 287
286 668 364
286 634 594
459 229 369
373 22 460
374 288 230
25 537 461
596 537 25
380 381 638
1098 383 382
27 465 1096
386 293 294
291 290 470
193 234 961
386 294 292
386 387 293
295 292 294
296 295 294
296 544 236
296 236 295
293 296 294
291 3 468
769 298 768
394 298 5
771 298 769
770 476 395
395 297 238
302 550 301
300 396 397
401 36 400
401 303 36
304 604 484
481 482 38
402 403 485
307 308 686
402 307 403
307 686 725
76 1036 487
1036 76 77
49 409 48
554 46 195
556 411 309
416 51 566
420 419 243
689 488 196
557 609 197
420 242 489
53 197 609
53 489 242
242 420 243
419 560 564
310 243 419
246 313 198
1010 311 1009
313 199 422
422 491 313
312 313 491
1009 312 1083
1083 312 491
247 246 61
248 247 314
421 249 1109
248 314 249
423 343 441
202 245 252
426 162 611
315 316 166
167 496 166
611 162 315
124 254 107
318 254 255
319 318 317
254 318 573
320 318 319
207 260 501
258 260 207
571 1114 572
320 571 502
318 320 502
321 526 591
526 223 356
322 9 10
11 322 10
9 324 613
613 1176 323
613 324 612
505 614 578
11 327 506
261 431 430
208 764 1745
698 13 262
330 331 507
262 331 330
700 334 14
332 334 333
335 17 435
336 84 1695
337 529 83
140 511 121
806 587 121
212 271 170
513 184 440
339 514 440
213 341 342
275 341 214
274 343 62
63 274 62
218 442 449
344 181 221
344 345 276
351 279 347
182 660 350
624 660 746
131 348 278
523 590 588
525 351 347
278 348 279
353 352 450
525 353 704
354 347 348
352 354 147
349 353 350
347 354 352
350 353 450
355 314 61
223 63 356
223 168 63
592 6 358
358 6 280
1090 224 1093
1090 1907 280
359 81 1027
629 18 593
531 1512 187
455 361 228
20 363 2100
365 534 535
668 669 364
594 635 668
534 365 364
457 366 458
367 370 368
665 664 368
370 459 369
637 155 369
370 155 775
155 370 369
371 229 21
372 371 21
637 229 371
378 22 23
379 378 23
540 460 378
22 373 372
461 537 230
230 537 674
675 374 230
374 675 676
377 376 539
676 375 374
374 375 24
376 24 375
539 376 375
377 540 378
378 379 377
377 379 376
462 26 383
382 383 26
27 1096 541
28 463 27
290 291 466
293 387 388
289 387 386
959 388 387
293 388 599
389 392 966
543 390 599
958 387 960
473 296 472
472 293 599
390 473 472
393 392 389
472 599 390
390 543 966
966 392 390
389 967 474
473 544 296
239 395 238
546 240 1718
397 545 32
398 161 548
34 35 551
34 551 478
34 478 33
551 35 241
483 645 305
683 303 401
401 400 305
480 304 484
38 39 849
38 482 479
480 552 37
43 485 486
43 486 306
308 685 686
403 307 725
685 44 606
78 79 406
404 406 79
406 404 405
1459 1040 405
406 405 1035
406 1035 77
1045 49 415
47 407 555
408 409 49
555 407 409
1054 409 408
555 409 1054
309 45 410
309 411 45
195 46 47
412 410 46
46 554 412
412 554 413
646 44 411
416 414 50
414 1053 50
1053 414 757
1045 1053 1050
610 416 566
52 417 563
558 560 419
52 563 566
564 565 419
310 565 417
492 567 493
421 199 247
495 423 441
423 495 1109
497 424 136
500 496 498
167 424 496
167 425 424
424 497 498
166 496 500
315 500 611
319 203 206
503 571 570
503 1120 576
8 323 325
327 326 1111
506 322 11
429 13 698
329 430 431
429 329 13
430 329 429
739 334 700
433 268 434
508 699 267
14 15 508
268 433 582
268 656 432
336 1695 337
209 1695 84
337 1695 1555
437 436 583
583 584 437
210 584 585
210 585 209
209 84 210
806 1179 742
121 587 512
511 140 270
121 512 170
438 170 512
512 1086 1085
212 170 438
440 439 513
274 342 441
658 441 342
449 448 218
516 517 515
443 148 445
516 444 445
517 516 148
443 445 449
445 446 449
442 443 449
449 446 447
521 1361 519
447 448 449
949 951 1359
1089 448 1087
447 951 949
279 451 518
704 353 349
525 352 353
1008 591 526
528 705 394
528 357 1908
1090 452 224
615 7 428
7 615 626
1555 529 337
1011 226 82
1011 82 529
453 360 530
1033 80 360
360 453 1033
453 1042 1033
228 454 455
633 532 632
362 532 285
593 285 532
630 366 456
534 533 535
2096 457 20
2098 456 457
20 2100 2096
457 458 20
368 634 287
367 459 370
372 536 371
640 537 596
375 676 673
188 460 540
378 460 22
596 638 639
25 380 596
541 1096 1100
1102 1101 1098
462 383 1104
383 1565 1104
1095 462 1104
708 28 29
808 463 708
28 708 463
464 29 384
463 1106 465
1105 1099 1096
465 1106 1105
827 749 385
31 546 641
30 31 641
467 237 297
468 466 291
468 237 467
476 297 395
466 468 467
962 963 475
1107 469 467
963 1376 964
471 470 290
962 470 471
290 466 471
1376 471 466
961 234 962
472 296 293
390 392 473
392 1145 151
392 393 1145
297 476 467
545 160 547
547 477 545
547 240 477
546 299 240
299 546 31
550 302 548
33 478 161
478 680 161
304 479 604
603 482 481
484 605 754
480 484 552
2837 847 848
40 850 39
481 38 849
400 483 305
755 552 754
37 552 483
2837 848 851
2837 42 846
485 403 486
486 403 784
784 553 486
784 403 785
1035 1036 77
2016 1499 945
77 78 406
555 195 47
607 309 413
646 606 44
609 489 53
419 420 558
648 420 489
562 563 564
492 491 567
422 567 491
494 493 567
1109 422 421
441 659 495
423 249 343
1072 497 1073
500 498 499
500 499 611
321 501 260
502 571 572
321 1120 503
501 321 503
501 503 570
577 614 505
614 577 427
762 328 12
1743 507 1745
169 208 1745
2396 616 330
330 698 262
1743 330 507
267 700 14
333 334 739
699 617 820
267 699 701
656 508 16
14 508 267
16 508 15
335 510 433
628 510 509
509 510 335
583 436 1085
806 121 511
514 957 439
446 445 444
515 520 444
516 445 148
517 148 278
515 517 518
515 444 516
1362 1365 1368
1361 521 1369
519 447 446
951 447 519
521 444 520
519 444 521
1369 521 523
524 619 523
444 519 446
524 521 520
524 523 521
1369 523 588
1369 588 1913
1369 1913 1368
824 623 823
619 589 590
347 352 525
350 660 624
355 1007 526
321 591 1121
625 358 1907
1108 1107 476
1904 1907 1090
1044 530 359
1032 80 1033
454 531 435
632 532 19
366 457 456
456 2098 2035
2034 630 2037
669 534 364
635 634 664
369 229 637
373 536 372
188 536 373
674 675 230
1714 1716 673
375 597 539
377 539 538
377 538 540
1703 538 539
539 597 1703
678 155 637
538 1703 1705
464 708 29
464 384 385
463 465 27
547 643 781
641 827 30
1145 642 1144
642 393 474
1145 393 642
392 151 473
966 475 389
643 547 160
398 548 302
681 550 549
549 550 548
396 550 681
549 548 161
680 478 551
603 604 479
851 40 2837
482 603 479
753 605 811
754 552 484
306 42 43
487 943 340
1052 195 555
1052 554 195
609 557 688
488 1181 688
488 689 1181
648 559 558
648 558 420
559 727 560
692 727 559
694 647 1213
561 560 727
559 560 558
731 649 610
416 610 649
564 561 562
565 564 563
562 490 563
561 564 560
563 490 566
417 565 563
610 566 490
421 422 199
492 1083 491
422 1109 567
659 441 658
1833 1843 1831
495 652 1109
1072 498 497
569 1077 1070
1072 499 498
611 568 426
568 499 1075
574 573 502
1123 653 1114
1119 1129 1638
574 502 572
573 574 175
502 573 318
1114 571 576
575 572 1114
503 576 571
1176 504 323
504 1176 655
504 577 323
1110 1113 506
580 322 506
9 580 324
322 580 9
581 433 510
582 433 581
628 509 187
835 820 617
617 699 656
628 581 510
835 582 581
438 1085 436
209 585 586
1649 1694 1695
1688 585 702
585 1688 586
1649 209 586
586 1690 1649
209 1649 1695
788 766 587
740 1085 1086
766 788 703
765 990 1086
1356 957 514
1180 957 956
341 2184 658
1913 588 1374
619 590 523
589 522 825
621 524 520
621 620 619
276 1346 746
358 625 592
527 592 625
1044 453 530
454 228 1512
361 186 1511
509 531 187
435 531 509
748 629 593
630 631 632
2098 457 2096
634 368 664
536 595 371
637 371 595
540 1705 1706
598 188 706
540 1706 706
536 598 595
706 188 540
536 188 598
827 385 30
464 385 749
1572 1569 709
642 391 542
599 600 543
388 600 599
961 543 600
543 601 966
718 160 602
681 602 396
160 782 643
602 397 396
602 719 718
397 602 160
547 794 240
546 1718 1719
551 241 679
549 161 713
755 483 552
755 645 483
605 484 604
605 604 811
44 685 308
556 309 1048
607 1048 309
608 556 1048
556 608 646
607 1047 1048
687 685 606
606 646 608
606 608 687
692 559 648
1858 651 494
652 1858 494
499 568 611
1061 1070 1067
426 568 569
572 575 574
1176 613 612
626 153 7
578 772 615
1314 1177 1305
327 1111 1110
1312 580 579
1743 2396 330
330 616 698
820 763 699
1006 1688 702
437 584 210
806 788 587
1178 1180 956
659 2184 2185
1374 590 1855
621 619 524
522 619 620
515 621 520
621 515 622
515 518 622
351 525 623
623 622 451
621 622 620
620 622 623
351 623 451
1603 1604 769
628 1341 821
662 532 633
2035 2037 456
631 633 632
2281 2031 2033
631 2029 633
662 633 2029
2029 2028 662
634 635 594
2101 2102 666
638 2043 639
673 675 671
1106 463 808
474 391 642
681 719 602
782 160 718
794 1718 240
679 241 792
401 682 683
830 857 843
646 411 556
1047 608 1048
803 647 1181
1214 729 786
1181 647 688
726 1181 689
691 648 609
731 610 490
414 416 649
758 757 414
650 1183 1846
1851 1843 1833
653 1118 697
1118 1117 1204
575 653 697
1114 653 575
575 760 574
735 697 654
427 504 655
1110 506 327
580 506 1113
508 656 699
618 583 740
740 994 618
702 998 1006
1688 1225 1690
1690 1747 1689
957 1180 439
658 2184 659
525 823 623
746 660 344
344 276 746
745 349 624
624 746 745
768 705 1603
1908 1607 528
1516 629 1226
1226 663 2022
370 665 368
370 775 666
2102 665 666
666 665 370
775 667 666
791 666 667
1697 636 635
1701 635 636
635 1701 668
1701 669 668
672 640 670
674 640 672
670 640 639
671 672 1714
674 672 671
667 2568 791
671 1714 673
2042 672 670
1716 1201 673
674 671 675
676 675 673
597 673 1201
706 790 598
707 775 155
677 678 598
595 678 637
598 678 595
808 708 709
721 723 720
751 828 750
551 679 680
719 681 710
710 681 549
711 714 710
305 645 682
776 682 645
305 682 401
776 724 682
792 241 750
813 481 684
685 1240 686
685 687 1240
844 846 306
1064 418 135
418 689 251
647 803 1213
1196 1189 1188
648 691 692
691 647 694
786 691 694
647 609 688
609 647 691
692 693 727
693 692 695
691 729 695
691 695 692
735 973 761
1202 696 654
772 1324 661
1318 773 427
1318 427 655
578 614 773
427 773 614
737 139 429
835 617 582
700 267 701
701 763 738
584 583 618
584 702 585
584 618 702
741 703 788
657 765 703
745 840 349
839 704 349
704 839 838
525 704 823
867 854 865
624 349 350
769 768 1603
532 662 593
707 678 677
678 707 155
708 749 709
709 749 1570
303 683 750
711 710 644
714 718 719
712 714 715
713 644 549
713 161 752
714 711 715
717 780 712
718 712 780
716 782 780
718 780 782
714 712 718
714 719 710
720 715 711
711 721 720
723 721 722
721 711 644
752 722 721
830 819 645
776 645 819
682 724 683
849 862 684
813 604 603
481 813 603
812 754 753
725 686 1240
801 785 725
403 725 785
726 803 1181
1220 803 726
694 1213 1217
728 727 693
693 804 728
562 731 490
728 561 727
805 804 690
693 695 804
786 729 691
805 732 734
731 562 733
734 732 733
733 562 734
728 805 734
734 561 728
561 734 562
804 695 729
730 733 732
690 1684 1672
973 735 1943
575 735 761
697 735 575
735 654 696
736 698 616
737 698 736
737 2225 139
2225 2223 139
737 429 698
429 139 430
762 430 139
701 699 763
739 701 738
814 820 815
764 739 1224
701 739 700
507 169 1745
764 333 739
764 1744 1746
583 1085 740
788 816 741
767 840 745
767 746 1346
745 746 767
877 839 840
705 528 1607
747 1607 1908
1607 747 1615
661 615 772
153 627 281
1705 540 538
749 708 464
750 683 751
724 751 683
792 750 828
680 752 161
712 715 778
716 717 809
713 721 644
817 752 777
752 721 713
795 796 722
830 645 755
754 605 753
830 755 754
801 725 802
729 1214 804
1050 1053 757
414 759 758
759 733 730
759 1793 758
759 731 733
759 649 731
761 760 575
574 760 175
761 973 981
217 761 981
328 762 139
208 333 764
766 703 765
984 990 765
657 741 983
587 766 1086
766 765 1086
995 994 982
990 994 740
702 618 998
742 1650 807
743 983 741
703 741 657
864 866 892
789 767 1342
838 839 892
1602 770 769
773 772 578
626 615 661
773 1318 772
626 661 627
593 662 748
790 706 774
667 775 707
1572 709 1570
720 723 779
720 778 715
720 779 778
779 783 778
717 778 809
778 717 712
783 809 778
809 1730 716
799 1731 1730
716 780 717
793 716 1729
781 794 547
781 1720 794
782 793 781
781 643 782
793 1720 781
722 752 817
796 798 723
798 796 797
723 798 779
799 1730 809
723 722 796
684 481 849
786 694 1217
1213 1218 1222
1214 1216 804
649 759 414
738 2038 1224
738 1224 739
979 657 983
983 1958 979
1389 979 1958
1006 998 1003
1006 1225 1688
788 742 816
1650 742 1179
816 743 741
1346 276 1345
1346 1342 767
748 662 2028
663 748 2028
629 748 1226
2567 677 790
2567 790 1712
774 1712 790
677 598 790
677 2567 2568
677 2568 707
707 2568 667
1712 774 1715
777 680 679
1727 1730 1731
794 1720 1717
795 722 817
886 796 795
796 886 797
795 885 886
1736 1742 1737
798 797 1736
783 779 798
817 885 795
804 805 728
1216 690 804
732 805 1687
1522 814 815
982 990 984
657 979 984
806 511 270
822 816 807
742 807 816
840 789 877
840 767 789
749 827 1570
709 1569 1559
1559 808 709
843 776 819
679 792 818
793 782 716
884 885 818
810 783 1737
810 809 783
1734 810 1740
809 810 799
800 811 842
753 811 800
812 753 800
861 872 873
1218 803 1220
1687 805 690
738 763 814
763 820 814
820 835 815
836 815 835
835 581 836
991 816 974
822 977 974
838 824 823
824 620 623
522 620 824
1570 827 1600
641 841 1600
679 818 777
817 777 818
752 680 777
818 885 817
810 1737 1740
830 754 812
811 813 842
813 890 891
857 800 893
785 801 756
2223 1112 139
821 581 628
581 821 836
1178 822 807
1178 955 822
838 823 704
589 1353 1855
619 522 589
824 838 825
824 825 522
789 869 877
877 869 878
1505 1294 1504
826 1349 856
826 627 1334
281 627 826
828 829 792
776 831 724
818 792 829
798 1737 783
830 843 819
812 857 830
843 832 776
831 776 832
857 812 800
724 831 751
831 828 751
833 829 828
843 859 832
858 831 832
828 831 833
2140 860 829
831 858 833
818 860 884
2140 829 833
829 860 818
834 784 785
553 784 834
844 845 846
553 834 844
1343 1498 1342
840 839 349
1600 827 641
882 859 843
834 785 756
897 896 845
844 834 898
845 844 897
863 872 862
874 871 896
862 848 847
847 2837 846
896 871 845
847 846 845
847 845 871
863 862 847
862 849 848
850 848 849
39 850 849
850 851 848
553 844 306
1863 1866 1348
837 825 838
1291 1880 852
1866 825 837
837 744 853
825 1866 589
853 744 854
1348 853 1347
853 1348 1866
744 865 854
854 855 852
852 1347 854
866 865 744
864 867 865
1296 881 880
1349 1092 856
856 1092 1094
857 882 843
832 859 858
896 897 899
847 871 863
1866 1353 589
590 1374 588
881 868 867
744 837 866
865 866 864
838 866 837
1290 855 868
855 854 867
881 867 864
867 868 855
856 281 826
907 882 895
883 858 870
859 870 858
883 2140 833
862 872 861
863 871 872
911 916 932
872 871 874
872 876 873
876 872 874
876 874 875
874 896 899
873 876 1912
899 875 874
1911 873 1912
930 1750 931
1912 876 875
1749 898 1228
888 862 861
877 878 892
892 839 877
1296 879 1481
1296 880 879
878 869 879
864 892 880
879 880 892
546 1719 641
882 907 859
859 907 870
1354 900 894
905 895 882
907 895 909
870 908 883
908 870 907
883 906 2140
885 884 886
2138 886 884
2138 887 797
2138 797 886
887 2132 1736
899 897 898
1229 1227 1228
888 684 862
684 888 889
890 889 888
2838 888 861
890 813 889
842 813 891
842 891 938
879 892 878
882 857 905
857 894 905
894 857 893
1354 893 800
894 893 1354
891 890 935
902 900 1354
905 894 914
902 901 900
914 894 910
883 833 858
898 897 844
834 1228 898
1749 899 898
2838 890 888
2838 935 890
866 838 892
864 880 881
910 894 900
900 901 910
921 936 915
903 911 912
905 914 909
895 905 909
906 2141 2140
2838 861 1911
913 901 912
914 904 909
2128 908 904
906 908 2128
908 909 904
913 910 901
913 924 910
935 2838 919
908 907 909
901 902 912
917 911 903
912 911 932
903 912 902
914 925 904
910 925 914
883 908 906
922 926 936
918 923 916
917 916 911
923 933 916
915 918 917
915 936 918
916 917 918
936 921 922
919 915 917
935 917 903
919 917 935
1911 930 921
919 921 915
1263 927 1262
931 1242 926
927 1263 928
922 921 930
931 922 930
932 916 933
928 1263 923
928 923 918
933 923 934
929 1247 1246
926 927 928
1262 927 1244
1242 931 1235
1752 1244 1269
1769 1764 1768
1269 1247 929
1261 1270 1248
928 918 936
1244 927 1242
1247 1269 1244
931 926 922
1237 1750 875
937 933 934
932 2116 912
2115 932 933
932 2115 2116
939 934 923
933 937 2115
923 1263 939
891 935 938
938 935 903
902 938 903
925 910 924
928 936 926
2116 913 912
1755 920 1758
1757 2117 1753
1263 1262 939
939 1753 1754
934 939 1754
1754 937 934
939 1271 1753
113 98 940
940 94 113
1355 940 1356
940 98 1356
276 346 941
1357 2017 1344
1344 942 1357
1357 943 1499
487 945 943
487 944 945
944 1037 945
2016 945 1037
448 447 949
950 946 1087
946 947 275
2185 948 1363
949 948 950
948 947 950
448 949 950
946 950 947
448 950 1087
951 519 952
519 1361 952
105 217 953
953 969 955
953 954 105
954 1356 98
217 969 953
955 956 953
954 956 957
956 954 953
98 150 954
150 104 105
959 189 233
961 600 233
233 600 959
189 959 190
958 959 387
190 959 958
959 600 388
193 961 233
601 543 961
962 601 961
962 475 601
1376 963 471
471 963 962
964 965 963
1601 964 469
968 967 964
963 965 475
475 965 389
966 601 475
967 965 964
389 965 967
391 474 1169
389 474 393
967 968 1169
822 955 970
981 969 217
970 969 981
977 972 975
743 816 991
822 970 977
976 977 975
976 974 977
972 977 970
974 816 822
735 696 1943
696 1937 1943
969 970 955
972 973 1944
981 973 972
970 981 972
974 976 978
975 971 976
976 971 1000
1385 988 1383
1225 1006 1005
1958 983 743
978 976 993
974 978 991
1383 984 979
975 972 1944
1207 102 1202
989 982 984
1000 996 993
982 994 990
618 995 998
994 995 618
989 988 987
1383 979 1389
989 984 1383
1937 1938 1944
1377 971 975
989 987 982
986 1003 995
986 995 987
995 982 987
1381 1001 999
1383 988 989
999 985 1382
984 765 657
992 991 978
743 991 992
1380 1388 993
1000 993 976
975 1944 1938
1003 985 997
987 988 1379
985 1003 986
986 1382 985
1940 996 1000
995 1003 998
985 1002 997
1001 1004 1002
1003 997 1006
1005 1006 997
1953 1005 1954
1005 1004 1954
1005 1002 1004
1005 1953 1225
985 999 1002
1002 999 1001
1947 1004 1001
1005 997 1002
1004 1947 1954
1007 1008 526
1392 284 1017
1027 81 284
312 311 313
244 1010 245
1012 1011 1018
1011 1014 1016
1016 1014 1017
284 1016 1017
1012 1013 1014
1019 1014 1013
529 1018 1011
283 1016 284
1021 1017 1019
1555 1018 529
1017 1014 1019
1022 1019 1013
1396 1028 1029
1021 1023 1024
1022 1020 1019
1021 1019 1020
1025 1022 1013
1407 1022 1025
1408 1025 1026
1022 1407 1020
1020 1407 1029
1021 1024 1392
1020 1023 1021
1018 1026 1025
1015 1026 1018
1028 1020 1029
1027 284 1392
1043 453 1044
359 1027 1044
1018 1025 1012
1013 1012 1025
1408 1409 1025
1422 1029 1407
1029 1422 1030
405 1040 1035
1459 404 1032
1031 1033 1042
1031 1032 1033
404 1459 405
1040 1034 1463
1034 1040 1459
1035 1040 1464
487 1038 944
1038 487 1036
944 1038 1039
1037 944 1039
1038 1041 1039
1042 453 1043
1461 1031 1042
1461 1042 154
1035 1464 1041
1463 1464 1040
1466 1041 1464
1039 1041 1469
1469 1041 1466
1037 1039 1471
1036 1035 1041
1041 1038 1036
1042 1453 154
1042 1043 1453
408 1045 1055
1055 1045 1050
1058 607 1046
1057 1046 1051
607 413 1046
1047 607 1058
1049 1047 1058
408 49 1045
787 1050 757
787 757 758
1047 1049 1276
117 1055 1050
1055 1060 1059
1054 1056 1052
1046 413 1051
1051 1052 1056
1052 1051 554
415 1053 1045
1054 1059 1542
408 1059 1054
1051 1056 1057
1059 408 1055
1542 1059 1546
1054 1542 1056
1060 117 1545
1543 1544 1057
1544 1058 1046
1057 1544 1046
117 1060 1055
1541 1549 1543
118 1071 250
1069 1066 1068
1063 1061 1067
1062 426 1061
1061 569 1070
569 1061 426
1063 1067 1071
1063 1071 1062
1065 250 1071
1064 1220 726
1063 1062 1061
1069 1064 1066
1069 1223 1064
1068 1067 1554
1064 1065 1066
1066 1065 1067
1070 1554 1067
1066 1067 1068
1075 1077 568
1075 1076 1077
1077 1554 1070
1078 1079 1077
1067 1065 1071
1065 1064 135
135 250 1065
1064 726 418
569 568 1077
1080 1072 1073
1080 1075 1072
1010 1073 245
1075 1080 1074
1075 1074 1076
1080 1009 1074
1077 1076 1078
1554 1079 1084
1081 1078 1076
1073 1009 1080
1009 1083 1074
1188 1186 1194
1191 1082 1078
1079 1078 1082
1073 1010 1009
1074 1081 1076
1081 1074 1083
1009 311 312
493 1191 1081
1069 1068 1084
493 1081 492
1082 1192 1079
726 689 418
1083 492 1081
1085 438 512
587 1086 512
990 740 1086
1087 1088 1089
174 1089 1088
1350 1091 1093
1090 1091 1904
1092 1093 224
1093 1091 1090
1092 282 1094
856 1094 281
1097 383 1098
383 1097 1565
1103 1095 1104
462 1095 381
1095 1103 2043
1095 638 381
1101 1097 1098
1105 1096 465
1564 1103 1104
1100 1099 1102
1098 1100 1102
1095 2043 638
1556 1099 1105
1102 1561 1101
1102 1556 1561
1564 1104 1565
1099 1556 1102
1560 1105 1106
1560 1106 1559
476 1107 467
476 1602 1108
1376 469 964
652 567 1109
494 567 652
2220 1301 1112
1112 1111 328
1112 328 139
580 1113 579
636 1697 1698
659 1858 495
642 542 1645
1155 1645 542
642 1645 1144
1143 1142 1138
1147 151 1145
1147 544 151
653 1115 1118
1619 1172 1175
1118 1122 1117
1122 1118 1115
1123 1114 576
1123 576 1119
576 1120 1119
1121 1120 321
1122 1126 1117
1644 1126 1130
1117 1126 1205
1131 1115 1124
1122 1115 1131
1644 1205 1126
1131 1125 1122
1126 1122 1125
1115 653 1127
1123 1119 1638
653 1123 1127
1125 1136 1130
1126 1125 1130
1115 1127 1124
1638 1128 1133
1128 1638 1129
1121 152 1129
1128 1129 152
1137 1135 152
591 152 1121
1134 1131 1132
1638 1133 1127
591 1008 1137
1124 1127 1133
1008 1139 1138
591 1137 152
1128 1135 1133
1131 1134 1125
1133 1146 1132
1124 1132 1131
1136 1639 1130
1132 1124 1133
1146 1148 1132
1146 1133 1141
1136 1125 1134
1149 1136 1134
1138 1135 1137
1007 1139 1008
1139 1143 1138
1138 1137 1008
1140 1146 1141
1136 1646 1639
1133 1135 1141
1141 1135 1142
1140 1141 1142
1135 1138 1142
1143 1144 1142
1142 1645 1155
1155 1153 1140
1146 1153 1148
1145 1144 1143
1145 1143 1147
1143 1139 1007
544 1147 355
1150 1148 1152
1134 1148 1149
1143 1007 1147
1147 1007 355
1150 1149 1148
1647 1149 1150
1132 1148 1134
1153 1155 1165
1152 1156 1150
1646 1170 1648
1154 1165 1155
1156 1646 1647
391 1151 542
1165 1163 1156
1152 1153 1165
1152 1165 1156
1142 1155 1140
1148 1153 1152
1140 1153 1146
1173 1175 1172
1648 1171 1173
1171 1648 1170
1612 1169 968
391 1158 1151
1169 1158 391
1158 1157 1162
1162 1151 1158
1157 1611 1164
1615 1621 1160
1157 1164 1162
1167 1166 1161
1609 1164 1611
1159 1164 1609
1174 1616 1158
1161 1159 1609
1611 1616 1613
1159 1161 1166
1154 1155 542
1151 1154 542
1163 1162 1164
1162 1163 1165
1156 1163 1170
1151 1162 1154
1162 1165 1154
1164 1159 1163
1161 1160 1167
1166 1167 1170
1163 1166 1170
1163 1159 1166
1171 1167 1160
1156 1170 1646
1169 1174 1158
1612 1610 1174
1169 474 967
1156 1647 1150
1171 1170 1167
1171 1621 1173
1161 1608 1160
1173 1621 1175
1621 1171 1160
1312 579 1304
612 1177 1176
119 1314 1305
1971 1694 1968
956 955 1178
1178 1179 1180
1650 1178 807
270 1180 1179
439 270 513
1846 1844 650
1183 651 1848
1182 1183 1185
494 1182 493
1185 1183 650
1185 1184 1187
1185 1190 1182
1851 1842 1184
1185 1187 1190
1191 1078 1081
1186 1842 1194
1190 493 1182
1184 1186 1187
650 1844 1841
494 651 1182
1182 651 1183
1196 1192 1189
1186 1189 1187
1191 1190 1082
1190 1187 1192
1190 1192 1082
1184 1842 1186
1851 1184 1841
1196 1188 1223
493 1190 1191
1192 1187 1189
1188 1189 1186
1188 1194 1193
1680 1675 1195
1193 1680 1195
1193 1194 1845
1193 1198 1188
1222 1217 1213
1197 1198 1193
1223 1069 1196
1196 1084 1192
1192 1084 1079
1223 1198 1220
1198 1223 1188
1197 1193 1195
1667 1199 1666
1200 1197 1195
1195 1675 1651
1651 1200 1195
1747 1690 1225
1982 1979 1747
1692 1693 1690
186 629 1516
1511 186 1516
2311 2042 2041
1201 1704 1703
1201 1703 597
1204 1202 654
1118 1204 697
1203 1204 1205
1204 654 697
1117 1205 1204
1209 1206 1203
1206 1210 1212
1207 1212 980
1206 1207 1202
1203 1206 1202
1203 1205 1644
1130 1641 1644
1209 1203 1208
1915 1210 1642
1210 1206 1209
1212 1207 1206
1212 1210 1211
1210 1209 1642
1211 1210 1915
1915 1116 2059
687 1234 1240
730 732 2091
1215 1670 1216
1658 1660 1661
732 1687 2091
2090 1793 730
1324 772 1337
1337 772 1319
1319 772 1318
794 1717 1718
1214 1215 1216
1218 1221 1222
1668 1667 1652
1217 1222 1668
1672 1684 1665
1216 1684 690
1216 1670 1684
1217 1214 786
1653 1673 1200
1653 1667 1673
1668 1215 1214
1217 1668 1214
1222 1221 1673
1198 1219 1220
1196 1069 1084
1221 1218 1219
1213 803 1218
1223 1220 1064
1224 1525 1744
1225 1953 1747
663 1226 748
1227 1229 1232
1749 1228 1227
1228 834 756
756 1229 1228
1749 1227 1231
1235 931 1750
1235 1238 1243
1749 1238 1237
1241 1238 1236
1232 1231 1227
1243 1242 1235
1241 1243 1238
1251 1233 1232
1240 1234 1251
1232 1229 1251
1240 1251 802
1229 756 801
1237 1235 1750
1231 1236 1749
1912 875 1750
899 1749 1237
1277 1276 1252
1238 1235 1237
1749 1236 1238
1232 1230 1231
1236 1231 1230
1251 1234 1239
1258 1251 1239
725 1240 802
1236 1230 1250
1241 1250 1246
1245 1241 1246
1245 1243 1241
1245 1242 1243
1242 927 926
1244 1245 1247
1247 1245 1246
1246 1250 1248
1246 1248 929
1250 1249 1248
1249 1230 1233
1262 1244 1752
1248 1270 929
1271 1262 1751
1259 929 1270
1259 1270 1264
1265 1269 1259
1269 1265 920
1233 1251 1258
1252 1234 687
1276 1256 1252
1049 1254 1276
1257 1256 1276
1253 1252 1256
1253 1234 1252
1552 1049 1058
1254 1257 1276
1254 1255 1257
1551 1552 1549
1256 1287 1253
1234 1253 1239
1229 802 1251
1244 1242 1245
1230 1232 1233
1259 1269 929
1259 1264 1265
1267 1265 1264
1280 1763 1267
1266 1758 1267
920 1265 1758
1264 1260 1272
1272 1267 1264
1272 1280 1267
1260 1264 1270
1277 1252 687
1230 1249 1250
1236 1250 1241
1258 1249 1233
1258 1261 1249
1278 1258 1239
1261 1258 1278
1261 1248 1249
1278 1260 1270
1239 1286 1278
1278 1270 1261
1751 1262 1752
939 1262 1271
1272 1268 1275
1830 1370 1375
1785 1288 1772
1281 1282 1275
1552 1544 1549
1548 1551 1549
1552 1254 1049
1277 1047 1276
1552 1273 1255
1886 1255 1273
1253 1286 1239
1278 1286 1268
1280 1272 1282
1279 1282 1281
608 1277 687
1769 1284 1285
1268 1286 1283
1268 1283 1274
1275 1282 1272
1886 1273 1764
1764 1273 1766
1256 1257 1287
1283 1285 1274
1286 1253 1287
1764 1769 1765
1268 1274 1275
1274 1281 1275
1284 1281 1274
1284 1279 1281
2011 1280 1282
1289 1282 1279
1279 1288 1289
1266 1267 1763
1272 1260 1278
1283 1886 1765
1285 1283 1765
1285 1284 1274
1785 1772 1875
1255 1886 1257
1268 1272 1278
1886 1283 1287
1287 1283 1286
868 1299 1290
1886 1287 1257
1279 1772 1288
1288 1781 1289
852 855 1290
1298 1291 1299
1299 868 1292
1297 1292 1295
881 1296 1295
881 1295 1292
1299 1291 1290
1298 1882 1291
1291 1882 1881
1297 1298 1299
1509 1298 1887
869 1481 879
869 789 1342
1479 1485 1476
1887 1297 1888
1887 1298 1297
1299 1292 1297
1592 1587 2044
1110 1302 1113
1301 1110 1111
1525 2286 2114
1325 1301 2220
1112 2223 2220
579 1113 1304
1110 1301 1302
1302 1313 1113
1321 1322 1313
1304 1113 1313
1303 1304 1322
119 1305 1303
1303 1305 1304
1312 1304 1305
1177 1311 1312
1325 1302 1301
661 1334 627
1313 1302 1321
1304 1313 1322
1308 1303 1322
1310 1320 1318
1310 1314 1315
1314 1310 655
1314 119 1315
1314 655 1176
1314 1176 1177
1177 1312 1305
1325 1321 1302
1318 655 1310
1306 1315 119
1309 1315 1306
1315 1309 1320
119 1308 1306
1337 1338 1317
1324 1337 1317
1303 1308 119
1306 1328 1309
1338 1337 1901
1328 1316 1329
1308 1323 1316
1316 1306 1308
1320 1309 1900
1319 1320 1900
1319 1900 1307
1319 1318 1320
1312 1311 324
612 1311 1177
1311 612 324
580 1312 324
1321 1892 1326
1308 1322 1323
1322 1321 1326
1320 1310 1315
1326 1323 1322
661 1324 1317
1893 1889 1890
2222 1325 2220
1325 1892 1321
2222 1892 1325
1892 1890 1326
1326 1327 1323
1327 1326 1890
1327 1329 1323
1889 1327 1890
1889 1329 1327
2215 1329 2217
1316 1328 1306
2217 1329 1889
1329 1316 1323
1329 2215 1328
2196 1330 2215
2196 2187 1330
826 1351 1349
826 1334 1335
1335 1351 826
1350 1351 1331
1332 1351 1335
1333 1629 1625
1333 1625 1331
1332 1331 1351
1634 1335 1632
661 1336 1334
1897 1335 1334
1897 1336 1896
1632 1335 1897
1634 1333 1331
1634 1332 1335
1331 1332 1634
661 1317 1336
1317 1338 1339
1896 1336 1339
1307 1337 1319
2189 2188 1898
1336 1317 1339
1526 1341 187
1341 1340 821
1341 628 187
1499 943 945
1346 1343 1342
1345 942 1344
1346 1344 1343
1344 1346 1345
853 1866 837
853 854 1347
1885 1884 1874
1347 852 1879
1625 1350 1331
1907 1906 625
1350 1093 1092
1907 1904 1903
1350 1092 1349
1625 1352 1350
1349 1351 1350
1091 1350 1352
1903 1352 1624
1903 1624 1906
1625 1624 1352
747 1905 1909
1623 1910 1624
1909 1620 1615
1855 590 589
684 889 813
604 813 811
1354 800 842
902 1354 938
938 1354 842
514 1355 1356
1356 954 957
943 1357 340
948 949 1358
1360 1366 1364
1359 1365 1364
1359 952 1365
1361 1368 1365
1359 1364 1358
1364 1365 1360
1359 1358 949
1362 1368 1372
1366 1367 1856
1362 1360 1365
1367 1360 1362
1360 1367 1366
1358 1364 1363
1361 1365 952
1363 1366 1872
1358 1363 948
1363 1364 1366
1370 1831 1367
1367 1362 1370
1369 1368 1361
1375 1370 1362
1375 1362 1372
1834 1819 1861
1830 1375 1840
1372 1368 1913
1913 1373 1372
1373 1375 1372
466 469 1376
696 102 1937
1202 102 696
1379 986 987
1382 986 1379
1382 1379 1378
1388 992 978
993 1388 978
996 1380 993
992 1388 1958
1957 1958 1388
1958 743 992
1379 988 1384
1381 999 1382
1378 1390 1382
1387 1381 1390
1939 1388 1380
1957 1385 1389
988 1385 1384
1389 1385 1383
1384 1385 1922
1385 1921 1922
1384 2234 1379
2228 1379 2234
1385 1386 1936
1379 2228 1378
1921 1385 1936
1921 1929 1922
1390 1381 1382
1935 1933 2069
1934 1935 1936
1017 1021 1392
1393 1394 1023
1023 1394 1024
1024 1394 1027
1393 1395 1402
1393 1023 1395
1394 1393 1405
1396 1395 1028
1402 1395 1396
1964 1962 1397
1028 1395 1020
1023 1020 1395
1963 1396 1397
1397 1396 1959
1396 1029 1960
1399 1959 1961
1964 1397 1399
1399 1400 1406
1406 1964 1399
1405 1963 1403
1405 1393 1402
1027 1394 1044
1960 1029 1030
1959 1399 1397
1401 1399 1961
1399 1401 1400
1963 1402 1396
1402 1963 1405
1403 1963 1965
1398 1405 1993
1044 1394 1398
1405 1398 1394
1043 1044 1398
1043 1993 1995
1993 1405 1403
1406 1404 1964
1025 1409 1407
1408 1026 1410
1015 1410 1026
1015 1967 1410
1417 1415 1418
1409 1408 1411
1411 1413 1414
1413 1410 1967
1413 1411 1408
1414 1415 1420
1413 1967 1418
1418 1415 1413
1410 1413 1408
1409 1421 1412
1409 1422 1407
1412 1422 1409
1414 1421 1411
1409 1411 1421
1415 1414 1413
1416 1415 1417
1416 1427 1426
1414 1420 1421
1415 1416 1423
1418 1419 1417
1417 1419 1428
1420 1423 1424
1430 1412 1421
1424 1423 1425
1415 1423 1420
1425 1423 1426
1416 1426 1423
1430 1421 1433
1424 1421 1420
1424 1433 1421
1422 1412 1430
1427 1431 1426
1417 1428 1416
1427 1416 1429
1430 1030 1422
1988 2237 1960
1442 1030 1430
1430 1433 1441
1425 1426 1431
1434 1446 1431
1428 1429 1416
2244 1984 2243
1985 1444 2242
1437 1428 1419
1442 1430 2762
1440 2528 1438
1430 1441 2762
1441 1433 1438
1424 1425 1432
1989 1427 1429
1989 1434 1427
1431 1427 1434
1425 1431 1432
1432 1438 1433
1432 1433 1424
1449 1434 1989
1450 1429 1428
1436 1443 1444
2245 1435 1444
1437 1450 1428
1451 1450 1437
2249 2528 2529
1441 1438 2528
2762 1988 1442
1989 1429 1450
1989 1450 1990
1443 1437 1986
1437 1443 1436
1436 1444 1435
2242 1443 1986
1444 1443 2242
1451 1437 1436
1446 1448 1431
1448 1432 1431
1447 1448 1439
1432 1448 1440
1440 1448 1447
1434 1449 2246
1450 1451 2637
1451 1445 2637
2638 2637 1445
1432 1440 1438
2529 1440 1447
1445 1436 1435
1451 1436 1445
1452 1037 1471
1454 154 1453
2505 2504 2508
154 1454 2002
1995 1453 1043
1043 1398 1993
1965 1992 1993
2001 1454 2000
1996 1454 1453
1457 1031 1461
1458 1032 1457
1031 1457 1032
1457 1461 1455
1455 1462 2002
1457 1456 1458
1459 1458 1034
1455 2723 1460
1463 1034 1456
1467 1464 1463
1462 1455 1461
1456 1034 1458
1467 1463 1456
2723 1455 2002
1484 2251 1501
1456 1457 1455
1460 1467 1456
1460 1456 1455
1462 1461 154
2002 1454 2001
1466 1477 1468
1464 1467 1477
1466 1468 1465
1502 1484 1501
1477 1466 1464
1471 1039 1469
1479 1474 2003
1470 1469 1465
1470 1465 1468
1468 1473 1470
1465 1469 1466
1495 1486 1488
1469 1474 1471
2003 1474 1469
1470 1473 2003
1470 2003 1469
1475 1482 1474
1475 1498 1482
1482 1471 1474
1479 1475 1474
1476 1475 1479
1479 1478 1485
1296 1476 1492
1475 1476 1481
1477 1467 2020
2253 1487 2252
1492 1491 1503
1479 2003 1480
1476 1485 1492
1478 1479 1480
1295 1293 1297
1296 1492 1293
1296 1481 1476
1498 1343 1483
1452 1471 1482
2016 1452 2017
1468 1477 1472
1500 1468 1472
2252 1500 1472
2251 2252 1472
2252 1487 1473
1492 1485 1486
1485 1478 1486
1490 1487 1497
1480 1490 1486
1486 1495 1491
1490 1488 1486
1497 1496 1488
1473 1468 1500
2252 1473 1500
1490 1480 1489
1489 1480 2003
1489 1487 1490
1495 1493 1494
1494 1888 1503
1497 1488 1490
1488 1496 1493
1495 1488 1493
1495 1494 1491
1503 1491 1494
1293 1492 1503
1491 1492 1486
1888 1494 1294
1504 1494 1493
2008 1496 1497
1497 2254 2008
1493 2006 1504
2006 1493 1496
1296 1293 1295
1498 1475 1481
1481 869 1342
1498 1483 1452
1452 1482 1498
1452 1483 2017
1499 2016 2017
1477 2020 1472
1501 2251 1472
1501 1472 2020
2730 2729 1502
1489 2003 1473
1489 1473 1487
1480 1486 1478
1293 1503 1297
1510 1888 1507
1887 1510 1508
1494 1504 1294
1498 1481 1342
1343 1344 1483
2017 1483 1344
2017 1357 1499
1505 1507 1294
1504 1506 1505
1506 1504 2279
1786 1508 1510
1510 1507 1786
1505 1506 1507
1508 1787 1509
1508 1786 1787
1887 1508 1509
1511 228 361
228 1514 1512
228 1513 1514
1514 187 1512
1511 1513 228
1517 1515 1513
1526 1530 1341
187 1514 1526
1514 1515 1526
1515 1514 1513
1511 1517 1513
1516 1518 1517
1511 1516 1517
1518 1516 1226
1518 2021 1517
1520 814 1522
1517 2021 1519
1519 1515 1517
1527 1526 1515
1226 2022 1518
2432 1893 1891
2021 2039 1519
1539 1527 1519
2541 663 2543
1224 2038 1525
814 1520 738
738 1520 1523
2038 738 1523
1340 1341 1530
1537 1540 1538
821 1340 836
2288 2287 1523
2038 1523 2287
1894 2437 2438
836 1535 1521
815 836 1521
1530 1526 1529
1523 1524 2288
1524 1523 1520
815 1521 1522
836 1340 1535
1519 1527 1515
1527 1529 1526
1528 1530 1537
1532 1531 1535
1528 1535 1340
1528 1340 1530
1522 1524 1520
1533 1536 1531
1528 1532 1535
1521 1535 1531
1521 1536 1522
1536 1521 1531
1534 1532 1528
1538 1534 1537
1533 1524 1536
1534 1528 1537
2305 1531 1532
1524 1522 1536
1529 1537 1530
1532 1534 2305
2305 1534 1538
1538 2547 2305
1540 1529 1539
2039 2021 2024
1529 1540 1537
629 186 18
1793 1685 758
787 758 1784
787 1784 117
554 1051 413
1050 787 117
1546 1059 1060
1543 1542 1541
1057 1542 1543
1056 1542 1057
1552 1058 1544
1549 1544 1543
1541 1542 1546
1546 1060 1545
1546 1547 1541
1548 1541 1547
1545 1547 1546
1553 1545 1783
1776 1547 1553
1548 1549 1541
1551 1273 1552
1766 1551 1550
1550 1551 1548
1551 1766 1273
1547 1776 1548
1783 1545 117
499 1072 1075
1077 1079 1554
1554 1084 1068
1561 1557 1567
1557 1561 1556
1101 1561 1563
1560 1556 1105
1560 1559 1558
1558 1589 1560
1558 1559 1569
1589 1556 1560
1567 1563 1561
1589 1557 1556
1563 1567 1562
1571 1562 1568
1568 1562 1567
1565 1097 1563
1563 1562 1565
1565 1562 1564
1566 1589 1558
1558 1569 1584
1571 2307 1573
1562 1571 1564
1574 1571 1573
1569 1572 1584
1591 1593 1596
1571 1574 1564
1574 2043 1103
1564 1574 1103
1575 1572 1570
1572 1578 1584
2043 1574 1573
1580 1575 1600
1572 1575 1579
1578 1579 1577
1583 1566 1584
1575 1580 1579
1581 1579 1580
1584 1578 1577
1588 1590 1566
1566 1558 1584
1588 1566 1583
1579 1578 1572
1724 1580 1600
1725 1576 1724
1581 1593 1579
1582 1577 1593
1593 1577 1579
1586 1591 1585
1577 1582 1583
1588 1586 1585
1586 1583 1582
1583 1586 1588
1577 1583 1584
1582 1591 1586
1592 1567 1587
1590 2044 1587
1587 1567 1557
2044 1590 1588
1585 2044 1588
1589 1587 1557
1590 1589 1566
1590 1587 1589
1580 1576 1599
1593 1591 1582
1592 1568 1567
1580 1599 1581
2558 1568 1592
1593 1581 1594
1596 2319 1591
1595 2319 1596
1596 1593 1594
1596 1594 1595
1598 1581 1599
1594 1598 1597
1594 1581 1598
1594 1597 1595
1724 1576 1580
1575 1570 1600
1719 841 641
770 1602 476
1107 1108 1613
1614 1108 1605
1108 1614 1613
1601 1107 1613
1107 1601 469
769 1604 1602
1602 1605 1108
1609 1605 1608
1604 1603 1608
1608 1605 1604
1601 968 964
1606 1603 705
1606 705 1607
1606 1607 1615
1621 1615 1617
1615 1160 1606
1608 1606 1160
1606 1608 1603
1609 1608 1161
1616 1611 1158
1605 1609 1614
1616 1610 1613
1601 1612 968
1610 1612 1601
1169 1612 1174
1601 1613 1610
1610 1616 1174
1611 1613 1614
1609 1611 1614
747 1909 1615
1623 1168 1910
1617 1615 1620
1910 1168 1620
1620 1909 1910
1619 1618 1626
1618 1619 1175
1617 1175 1621
1175 1620 1618
1620 1175 1617
1618 1168 1626
1158 1611 1157
1626 1168 1627
1168 1618 1620
1626 1622 1619
1622 1626 1627
1627 1623 1630
1623 1624 1630
1625 1630 1624
1625 1629 1630
1627 1630 1631
1627 1631 1628
1628 2052 1622
1627 1168 1623
1628 1622 1627
1631 1630 1629
1631 2050 1628
1633 1636 2048
2050 1631 2048
1631 1629 2048
2048 1333 1633
1634 1632 1633
1333 2048 1629
1634 1633 1333
1636 1633 1635
1635 1633 1632
1902 1635 1632
1632 1897 1902
1635 1637 1636
1902 1896 2192
2198 2330 1637
1637 1635 1902
2098 2096 2099
1120 1129 1119
1123 1638 1127
1640 1639 1648
1209 1208 1642
1639 1646 1648
1643 2054 2056
1644 1641 1208
1642 1208 1643
1208 1641 1643
1208 1203 1644
1641 1640 2051
1130 1639 1641
1639 1640 1641
1142 1144 1645
1136 1149 1647
1136 1647 1646
1178 1650 1179
1653 1651 1655
1653 1199 1667
1652 1215 1668
1668 1673 1667
1651 1653 1200
1199 1653 1655
1655 1656 1199
1666 1656 1657
1654 1657 1658
1665 1669 1661
1664 1655 1651
1656 1666 1199
1666 1657 1654
1655 1676 1656
1811 1664 1675
1814 1802 1804
1676 1663 1656
1656 1663 1657
1676 1655 1664
1657 1663 1660
1660 1658 1657
1665 1670 1669
1662 1677 1660
1661 1669 1658
1660 1677 1661
1807 1810 1676
1810 1659 1663
1674 1661 1677
1663 1662 1660
1669 1654 1658
1666 1652 1667
1654 1669 1652
1652 1666 1654
1215 1652 1670
1669 1670 1652
1684 1670 1665
1671 2089 2088
1681 1678 1671
2088 1674 1671
1661 2088 1665
1200 1673 1197
1219 1198 1197
1197 1221 1219
1221 1197 1673
1677 1662 1799
1677 1681 1674
1790 1681 1791
1790 1678 1681
1808 1664 1811
1807 1676 1808
1664 1808 1676
1662 1663 1659
1681 1677 1791
1799 1791 1677
1771 1767 1876
1678 1790 1682
1671 1674 1681
1685 1686 1682
1784 1685 1682
1845 1194 1842
1809 1811 2183
1680 1811 1675
2183 1811 1680
1672 2088 1683
1671 1678 1679
1678 1682 1686
1686 1679 1678
1847 1193 1845
1683 2089 2091
1687 1683 2091
1774 1682 1790
1775 1789 1797
1687 1672 1683
1682 1774 1784
1672 1687 690
1688 1690 586
1690 1689 1692
1693 1649 1690
1689 1979 120
1966 1418 1967
1691 1692 120
1693 1692 1691
1691 1969 1968
1694 1649 1693
1555 1695 1694
2109 2108 1715
791 2101 666
664 665 1696
665 2102 1696
1696 1702 1697
635 664 1697
1697 664 1696
1700 2092 1699
2094 2095 2092
1698 1697 1702
1699 2092 1698
1698 1702 1699
2092 1701 1698
1698 1701 636
2092 1700 2385
2383 1702 2369
1699 1702 2383
1699 2379 1700
2383 2379 1699
2092 2385 2283
1700 2381 2385
2282 2283 2385
2092 2283 2094
2102 2377 1696
1702 1696 2377
1702 2377 2369
2105 2377 2102
1704 1705 1703
1715 774 1706
1705 1704 1707
706 1706 774
1704 1201 1709
1716 1714 1713
1705 1707 1706
1715 1706 1707
1714 672 2042
1711 1704 1708
1709 1708 1704
2332 2336 2334
1704 1711 1707
1709 1716 1708
2332 2568 2331
2111 1711 1708
1715 1711 2109
1716 1713 2111
1707 1711 1715
2109 1711 2110
1710 2567 1712
1708 1716 2111
2042 2311 2767
2767 1713 1714
2767 2311 2561
2110 2111 2318
2767 1714 2042
2111 1713 2318
1716 1709 1201
1710 1712 1715
639 2040 2041
1915 1642 1116
1719 1718 1717
1720 1721 1717
1719 1717 841
1721 841 1717
1721 1724 841
1721 1720 1723
841 1724 1600
1724 1721 1722
1723 1722 1721
1723 1720 793
1723 1725 1722
1723 1728 1725
1731 1726 1727
1733 1725 1728
1726 1728 1727
1733 1728 1726
1725 1724 1722
1728 1723 1729
1728 1729 1727
716 1730 1727
1731 1734 1300
1733 1732 1725
1731 1300 1726
1741 1738 1300
1733 1726 1300
1735 1733 1300
1735 1300 1738
1725 1732 1576
1741 1300 1739
799 1734 1731
810 1734 799
1597 1598 2395
1733 1735 1732
2395 2179 1597
1598 1599 1576
1598 1576 1732
1740 1739 1734
2395 1732 1735
1736 797 887
1742 1736 2132
1734 1739 1300
1598 1732 2395
1741 2147 1738
2146 1739 1740
1740 1737 1742
798 1736 1737
1741 1739 2146
1742 2146 1740
736 2224 737
764 1746 1745
1743 1745 1746
1746 2114 2113
1987 1986 1974
899 1237 875
1912 1750 930
1911 1912 930
1753 1271 1757
1760 1756 1759
1265 1267 1758
1751 1752 920
920 1752 1269
1757 1271 1751
2115 937 2118
1759 1751 1755
1758 1762 1755
1751 920 1755
1759 1757 1751
2117 1757 1756
1757 1759 1756
1760 1759 1755
1755 1762 1760
1762 1266 1761
2117 1756 2539
2118 2531 2122
2531 2118 2117
1756 1760 2540
1762 1758 1266
2014 2015 1761
2538 1762 1761
1763 2014 1266
1761 1266 2014
2011 1763 1280
1886 1764 1765
1766 1550 1767
1768 1766 1767
1764 1766 1768
1771 1768 1767
1770 1769 1768
1876 1767 1777
1769 1285 1765
1771 1770 1768
1777 1775 1794
1876 1801 1871
1769 1770 1284
1279 1284 1772
1284 1770 1772
1871 1772 1770
1773 1775 1778
1871 1771 1876
1770 1771 1871
1794 1876 1777
1553 1775 1776
1778 1783 1784
1875 1779 1785
1778 1775 1553
1550 1777 1767
1776 1775 1777
1784 1773 1778
1877 1836 1822
1785 1779 1780
1780 1787 1786
1788 1507 1506
1779 1787 1780
1288 1785 1780
1780 1782 1288
1288 1782 1781
1781 2004 2011
1781 2011 1289
1282 1289 2011
1550 1776 1777
1775 1797 1794
1774 1773 1784
1786 1788 1780
1507 1788 1786
117 1784 1783
1506 1782 1788
1780 1788 1782
1775 1773 1789
1806 1814 1818
1774 1789 1773
1877 1823 1836
1790 1791 1796
1796 1791 1792
1784 758 1685
1686 1685 1793
1553 1783 1778
1545 1553 1547
1795 1774 1790
1789 1774 1795
1801 1876 1794
1794 1797 1801
1796 1836 1795
1836 1796 1792
1799 1805 1798
1814 1800 1802
1795 1790 1796
1797 1835 1850
1795 1835 1789
1799 1798 1791
1800 1805 1802
1800 1798 1805
1798 1792 1791
1800 1820 1798
1805 1799 1662
1676 1810 1663
1659 1802 1805
1824 1809 2183
1809 1824 1812
1817 1804 1813
1802 1659 1804
1810 1813 1804
1659 1810 1804
1659 1805 1662
1809 1803 1807
1811 1809 1808
1807 1808 1809
1803 1810 1807
1803 1813 1810
1370 1830 1832
1812 1824 1827
1847 1816 2183
2183 1816 1824
1809 1812 1803
1817 1803 1812
1804 1817 1814
1815 1824 1816
1813 1803 1817
1806 1800 1814
1827 1828 1829
1825 1814 1817
1812 1829 1817
1819 1834 1818
1829 1825 1817
1814 1839 1860
1838 1855 1837
1877 1822 1821
1819 1818 1814
1839 1814 1825
1819 1814 1860
1820 1806 1821
1821 1822 1820
1823 1877 1878
1806 1820 1800
1798 1822 1792
1864 1821 1806
1822 1798 1820
1864 1878 1821
1792 1822 1836
1832 1816 1853
1833 1832 1853
1827 1824 1815
1812 1827 1829
1826 1827 1815
1827 1826 1828
1826 1815 1830
1825 1829 1828
1373 1840 1375
1371 1840 1373
1826 1371 1828
1371 1837 1825
1856 1367 1831
1832 1830 1815
1370 1833 1831
1833 1370 1832
1837 1855 1860
1834 1864 1806
1818 1834 1806
1836 1823 1795
1835 1795 1823
1835 1823 1850
1849 1871 1801
1832 1815 1816
1840 1371 1826
1837 1371 1838
1828 1371 1825
1839 1825 1837
1826 1830 1840
1833 1853 1851
1858 659 1859
1846 1183 1848
1841 1844 1843
1848 651 1858
1841 1184 1185
1680 1193 1847
1853 1845 1851
1845 1842 1851
1843 1851 1841
1857 1852 1843
1847 2183 1680
1857 1844 1846
1860 1839 1837
1874 1854 1823
1801 1850 1849
1850 1801 1797
1373 1838 1371
1838 1373 1374
650 1841 1185
1844 1857 1843
1843 1852 1831
1852 1856 1831
1847 1845 1853
1874 1823 1878
1849 1854 1884
1850 1854 1849
1850 1823 1854
1834 1861 1864
1855 1838 1374
1846 1848 1857
1872 1857 1848
1816 1847 1853
1862 1861 1819
1819 1860 1862
1855 1353 1860
1862 1863 1861
1868 1874 1878
1878 1864 1867
1872 1848 1859
1858 1859 1848
1363 1872 1859
2185 1859 659
1857 1856 1852
1856 1872 1366
1857 1872 1856
1862 1860 1353
1861 1865 1867
1861 1867 1864
1863 1862 1353
1865 1863 1348
1866 1863 1353
1865 1861 1863
1869 1347 1879
1348 1347 1865
1865 1869 1867
1867 1869 1868
1870 1871 1849
1849 1884 1870
1871 1870 1875
1347 1869 1865
1869 1879 1868
1868 1879 1874
1871 1875 1772
1878 1867 1868
1878 1877 1821
1880 1879 852
1291 852 1290
1881 1880 1291
1882 1298 1509
1509 1787 1882
1873 1881 1882
1787 1779 1883
1882 1787 1883
1883 1779 1875
1883 1875 1870
1885 1879 1880
1874 1884 1854
1884 1885 1873
1870 1884 1873
1883 1870 1873
1879 1885 1874
1873 1882 1883
1881 1873 1880
1880 1873 1885
881 1292 868
1510 1887 1888
1507 1888 1294
1503 1888 1297
1893 1890 1891
2216 2215 2217
2217 1889 1893
1891 1890 1892
1892 1894 1891
2218 1894 1892
2437 1894 2218
1899 1330 2187
2188 1895 1898
1895 2190 1896
1339 1895 1896
2080 2077 2083
1896 1902 1897
1334 1336 1897
2192 1896 2190
1898 1899 2187
1339 1338 1895
1899 1898 1901
1307 1900 1899
1900 1330 1899
1898 1895 1901
1899 1901 1307
1895 1338 1901
1309 1328 1330
1309 1330 1900
1307 1901 1337
1330 1328 2215
2191 2192 2190
276 941 1345
1904 1091 1903
1906 1907 1903
1908 1905 747
1910 1905 625
625 1906 1910
527 625 1905
527 1905 1908
1905 1910 1909
1624 1910 1906
1352 1903 1091
1911 861 873
1373 1913 1374
1918 1919 2068
1914 1916 2227
1211 1915 1914
1916 1915 2059
1917 1942 2074
1916 2074 2227
1916 1914 1915
2071 2073 2086
2329 2068 1919
2085 2068 2329
2074 2329 1917
1917 2329 1919
971 1377 1942
1931 1917 1919
1919 1918 1932
1920 1933 1932
1920 2069 1933
1932 1918 1920
2205 2206 2204
1921 1923 1929
1921 1936 1923
1922 1929 1925
1925 2234 1922
1924 1936 1935
2071 1923 1924
2069 1924 1935
1924 2073 2071
1923 1936 1924
2071 1927 1923
2086 1927 2071
1929 1923 1928
2546 2296 2298
1926 1929 1928
1926 1925 1929
1927 1928 1923
1930 1927 2087
2078 2201 2204
1927 1930 1928
2210 2208 2209
2227 1377 1938
980 1212 2226
1938 2226 2227
102 980 1937
1940 1000 971
1931 1941 996
1942 1940 971
1931 996 1940
996 1941 1380
1931 1919 1932
1931 1932 1941
1935 1934 1933
1386 1934 1936
1939 1957 1388
1933 1941 1932
1939 1380 1941
1957 1939 1386
980 1938 1937
975 1938 1377
1940 1917 1931
1934 1939 1933
1386 1939 1934
1941 1933 1939
1917 1940 1942
1937 1944 1943
1944 973 1943
2231 1387 1390
1947 1945 1948
1945 1947 1001
1946 1952 1954
1954 1947 1946
1947 1948 1946
1381 1945 1001
1948 2230 1949
1948 1949 1946
1391 1952 1946
1956 1946 1949
1946 1956 1951
2647 2739 2642
1951 1956 2645
1945 2230 1948
1946 1951 1950
1391 1946 1950
1978 2514 1983
1982 1747 1748
1391 2823 2519
1954 1952 1953
1952 1391 1953
1953 1391 1747
1949 1955 1956
2228 2233 2232
1951 2628 1950
1945 1387 2230
1381 1387 1945
2230 2229 1949
1748 1747 1391
2229 2464 2815
1955 2644 1956
1956 2644 2645
1385 1957 1386
1389 1958 1957
1959 1396 1960
1961 1959 2238
1960 1030 1442
2237 2238 1959
1442 1988 1960
2237 1959 1960
1963 1962 1965
1397 1962 1963
1404 1962 1964
1962 1404 1965
1966 1967 1015
1418 1966 1972
1970 1969 1973
1015 1970 1966
1693 1968 1694
1691 1968 1693
1968 1969 1970
1691 120 1969
1971 1968 1970
1015 1971 1970
1419 1974 1986
1975 1974 1972
1419 1972 1974
1418 1972 1419
1437 1419 1986
1972 1966 1973
1969 120 1981
1976 1969 1981
1970 1973 1966
1969 1976 1973
1976 1975 1973
1973 1975 1972
1975 1976 1987
1987 1976 1977
1985 2242 1977
1980 1977 1976
1689 120 1692
1981 120 1979
1981 1979 1978
1747 1979 1689
1980 1976 1981
1979 1982 1978
1982 2514 1978
2514 1982 1748
1978 1983 1980
1978 1980 1981
1977 1980 1984
1984 1980 1983
1983 2243 1984
2517 2516 2519
1985 1984 2244
1987 1977 2242
1974 1975 1987
2242 1986 1987
1985 2245 1444
1977 1984 1985
1990 1449 1989
1993 1992 1995
1965 1991 1992
1992 1994 1998
1403 1965 1993
1991 1404 2473
2473 1406 1400
1406 2473 1404
1404 1991 1965
1991 1994 1992
1991 2473 1994
1995 1992 1998
1999 1996 1998
1999 1998 1994
1454 1996 2000
1996 1997 2000
2501 2000 1997
1996 1995 1998
1995 1996 1453
2174 2166 2163
1997 1996 1999
1997 1999 2674
1462 154 2002
2474 2674 1999
2474 1999 1994
2013 2277 2015
1782 1506 2004
1782 2004 1781
1506 2279 2004
2006 2007 2279
2006 2279 1504
2004 2010 2012
2006 1496 2005
2008 2005 1496
2006 2005 2007
2007 2266 2277
2010 2004 2279
2268 2273 2015
1487 2254 1497
2008 2254 2266
2266 2007 2005
2013 2012 2010
2011 2012 1763
2012 2011 2004
2012 2014 1763
2014 2012 2013
2014 2013 2015
2015 2277 2268
2273 2538 2015
2538 1761 2015
2018 1467 1460
2018 2019 1467
2508 2723 2507
1467 2019 2020
2511 2512 2019
1518 2022 2021
2023 2024 2021
2022 2541 2023
2022 2023 2021
2024 2027 2551
2024 2023 2027
1539 2039 2026
2024 2026 2039
2023 2541 2025
2025 2627 2027
2027 2023 2025
2026 1540 1539
2554 2552 2550
663 2541 2022
2550 2552 2547
1540 2544 2549
2030 2280 2543
2543 663 2030
2030 663 2028
2029 2030 2028
2280 2031 2281
2029 2280 2030
2031 2280 2029
2031 2029 631
2034 2033 2031
2283 2282 2093
2032 2033 2034
2034 2031 631
2032 2036 2284
2282 2284 2036
2037 630 456
2037 2035 2032
2098 2036 2035
2035 2036 2032
2032 2034 2037
630 2034 631
2286 2038 2287
2038 2286 1525
2113 2396 1743
2746 2745 2754
1533 1531 2305
1539 1529 1527
2039 1539 1519
1255 1254 1552
1550 1548 1776
1101 1563 1097
2561 2318 1713
2042 670 639
2041 2042 639
2309 2045 2322
2306 2040 1573
2558 2307 1568
2306 1573 2307
2040 2043 1573
1585 2045 2044
2319 2046 1591
2046 1585 1591
2559 2309 2322
2309 1592 2044
1592 2309 2558
1628 2050 2049
2052 1628 2049
1636 2062 2047
2047 2048 1636
2050 2048 2047
2050 2060 2049
2047 2060 2050
2057 2051 2053
1640 1173 2058
2051 2058 1172
1640 2058 2051
2053 2051 1172
2055 2054 2057
1643 1641 2054
2054 1641 2051
2049 2057 2052
2057 2054 2051
1619 2052 2053
1172 2058 1173
1172 1619 2053
2057 2053 2052
1643 2056 1642
2056 2054 2055
1116 2056 2055
2049 2061 2057
2060 2061 2049
2055 2057 2061
2052 1619 1622
2061 2059 2055
2060 2059 2061
1116 1642 2056
2055 2059 1116
2063 2327 2060
2059 2327 1916
2327 2059 2060
2047 2063 2060
2065 1918 2064
2328 2062 2085
2062 2063 2047
2063 2328 2327
2063 2062 2328
2073 2069 2070
2067 2065 2064
2064 1918 2068
1918 2065 1920
2066 1920 2065
2070 2069 2066
2085 2329 2328
2064 2068 2085
2066 2069 1920
2072 2066 2067
2083 2073 2070
2083 2081 2073
2072 2067 2082
2070 2072 2080
2066 2072 2070
1924 2069 2073
2084 2062 2330
2072 2082 2076
2075 2074 1916
2075 2328 2329
2083 2077 2078
2081 2087 2086
2077 2080 2079
2081 2086 2073
2079 2080 2076
2076 2080 2072
2201 2203 2202
2204 2081 2078
2083 2078 2081
2195 2082 2198
2195 2076 2082
2080 2083 2070
2062 2084 2085
2064 2084 2067
2067 2084 2082
2064 2085 2084
2086 2087 1927
2330 2082 2084
1636 1637 2330
2330 2198 2082
1640 1648 1173
1651 1675 1664
1222 1673 1668
2088 1661 1674
1686 1793 1679
2089 1683 2088
1671 1679 2089
1665 2088 1672
759 730 1793
2091 2090 730
2090 2091 2089
2092 2095 1701
2093 2036 2098
2094 2283 2093
2099 2094 2093
2094 2099 2097
2093 2098 2099
1701 2095 669
2099 2100 2097
2097 533 669
2094 2097 2095
2097 669 2095
2100 2099 2096
2097 2100 535
2103 2102 2101
2102 2103 2105
2334 2103 2101
2104 2370 2105
2334 2104 2105
2105 2370 2377
2105 2103 2334
2106 2109 2112
2109 2106 2108
1715 2108 1710
2332 2101 791
2106 2107 2108
2110 2112 2109
2111 2110 1711
2178 1735 2147
2176 2147 2171
2113 1743 1746
2224 736 616
1744 1525 2114
2458 2396 2113
764 1224 1744
1744 2114 1746
913 2116 2127
2118 937 1754
1754 1753 2117
2115 2122 2119
2116 2121 2127
2120 2119 2122
2127 924 913
924 2127 2135
2117 2118 1754
2539 1756 2540
2531 2117 2532
2118 2122 2115
2122 2531 2534
2145 2148 2149
2274 2533 2272
2116 2115 2119
2119 2120 2123
2125 2121 2123
2119 2121 2116
2121 2119 2123
925 2124 904
925 924 2124
2128 2124 2126
2124 924 2135
2134 2136 2126
2121 2125 2135
904 2124 2128
2126 2136 2129
2127 2121 2135
2137 2135 2125
2129 2128 2126
2141 2128 2129
1742 2132 2143
2129 2145 2130
2142 2138 2398
2133 2142 2154
887 2133 2131
2142 2133 2138
2132 2131 2143
887 2138 2133
2131 2132 887
2153 2133 2154
2135 2137 2134
2135 2134 2124
2126 2124 2134
2136 2145 2129
2137 2260 2134
2139 2140 2141
2140 2139 860
2133 2150 2131
2144 2143 2170
2146 1742 2143
2128 2141 906
2151 2399 2152
2130 2145 2142
2146 2143 2144
2146 2144 1741
2144 2171 1741
2151 2152 2170
2148 2136 2260
2134 2260 2136
2149 2154 2142
2150 2151 2131
1735 1738 2147
2153 2150 2133
2145 2136 2148
2142 2145 2149
2131 2151 2143
2172 2144 2170
2151 2170 2143
2171 2147 1741
2150 2399 2151
2172 2170 2152
2153 2154 2402
2155 2153 2156
2149 2402 2154
2155 2150 2153
2155 2156 2158
2172 2162 2160
2399 2150 2155
2158 2157 2155
2405 2158 2159
2158 2156 2159
2157 2399 2155
2158 2161 2157
2152 2399 2157
2166 2172 2160
2166 2160 2163
2162 2152 2157
2158 2405 2161
2161 2162 2157
2164 2173 2163
2174 2165 2168
2160 2162 2161
2160 2161 2164
2152 2162 2172
2163 2160 2164
2166 2174 2168
2167 2168 2177
2168 2176 2166
2414 2175 2177
2406 2173 2164
1401 2471 1400
2165 2177 2168
2167 2177 2175
2416 2420 2165
2169 2168 2167
2169 2167 2179
2172 2166 2176
2182 2174 2163
2563 2321 2768
2168 2169 2176
2161 2406 2164
2182 2163 2173
2416 2165 2174
2415 2174 2182
2475 2474 1994
2172 2171 2144
2176 2171 2172
2169 2178 2176
2419 2415 2182
2181 2182 2173
2417 2415 2419
2175 2179 2167
2414 2177 2420
2176 2178 2147
2420 2177 2165
2395 2169 2179
2175 2325 2180
2564 2326 2325
2175 2180 2179
2180 1597 2179
2326 1595 2180
2178 2169 2395
2405 2677 2406
2182 2181 2419
2181 2173 2406
2090 1679 1793
2089 1679 2090
1797 1789 1835
1859 2185 1363
341 275 2184
2185 2184 275
2190 2188 2189
2197 2203 2189
2186 2193 2187
2453 2430 2432
2197 1898 2187
2189 2194 2190
2203 2197 2193
2189 1898 2197
2194 2191 2190
2463 2193 2186
2200 2189 2203
2198 2192 2195
2198 1902 2192
2194 2189 2200
2203 2201 2200
2191 2195 2192
2187 2196 2186
2193 2197 2187
1902 2198 1637
2076 2195 2199
2202 2204 2201
2205 2204 2202
2195 2191 2199
2200 2201 2199
2191 2194 2199
2199 2194 2200
2201 2078 2079
2199 2201 2079
2453 2457 2463
2081 2204 2087
2199 2079 2076
2077 2079 2078
2186 2216 2463
2202 2193 2463
2453 2206 2457
2205 2202 2457
2457 2206 2205
1928 1930 2208
2206 2209 1930
2204 2206 2087
2210 2207 2208
2235 2207 2465
2207 2210 2211
2208 2207 1928
2209 2208 1930
2203 2193 2202
2202 2463 2457
2213 2211 2210
2087 2206 1930
2454 2210 2209
2454 2209 2206
2438 2449 2431
2210 2454 2213
2212 2211 2213
2679 2680 2466
2211 2214 2465
1928 2207 1926
2292 2299 2285
2468 2232 2233
2214 2679 2465
2679 2466 2465
2215 2216 2196
2217 1893 2216
2216 2186 2196
2222 2218 1892
2220 2223 2222
2218 2461 2219
2223 2221 2461
2225 2221 2223
2221 2455 2460
737 2224 2225
2218 2222 2461
2223 2461 2222
2188 2190 1895
1938 980 2226
1377 2227 1942
1211 1914 2226
980 102 1207
2226 1212 1211
2226 1914 2227
1942 2227 2074
1378 2228 1390
2233 2228 2236
1955 2229 2815
2231 2230 1387
1949 2229 1955
2231 2681 2229
2229 2681 2464
2229 2230 2231
2232 2469 2231
2469 2681 2231
1390 2232 2231
1390 2228 2232
2228 2234 2236
1922 2234 1384
1926 2207 2235
2236 2235 2233
1925 2236 2234
1925 1926 2236
2233 2235 2466
2232 2468 2469
2750 2644 2815
1955 2815 2644
1555 1694 1971
1018 1555 1971
1015 1018 1971
2418 2423 2420
2472 1401 2240
2241 2240 2238
2240 1401 1961
1961 2238 2240
2240 2239 2472
2471 2472 2486
2494 2472 2491
2472 2239 2491
2241 2700 2703
2240 2241 2239
2238 2700 2241
2516 2243 2515
2519 2515 1748
1748 2515 2514
1983 2514 2243
2735 2517 2823
2244 2518 2731
2731 1985 2244
2244 2243 2516
2245 1985 2731
2731 2808 2245
1434 2246 1446
2633 2817 2247
2633 1449 1990
1449 2247 2246
2248 2525 1446
1446 1439 1448
2248 1446 2246
2525 1439 1446
2248 2246 2247
2662 2525 2524
2525 2248 2524
2529 1447 2250
2251 2253 2252
2251 2255 2253
1484 2255 2251
2727 2258 2728
2255 1484 2257
2253 2009 1487
2009 2254 1487
2256 2009 2253
2256 2253 2255
2254 2267 2266
2256 2255 2257
2726 2728 1484
2258 2727 2672
2257 2728 2258
2402 2403 2156
2269 2270 2257
2269 2257 2258
2268 2267 2275
2260 2265 2148
2672 2727 2673
2123 2262 2125
2260 2137 2259
2274 2258 2261
2264 2137 2125
2262 2123 2536
2123 2120 2536
2122 2534 2120
2264 2125 2262
2536 2120 2533
2534 2533 2120
2259 2137 2264
2260 2259 2265
2259 2264 2535
2268 2277 2266
2008 2266 2005
2254 2009 2267
2267 2009 2256
2267 2256 2271
2266 2267 2268
2010 2277 2013
2275 2267 2271
2279 2277 2010
2271 2256 2270
2256 2257 2270
2269 2276 2270
2276 2269 2272
2272 2534 2276
2269 2274 2272
2273 2268 2275
2269 2258 2274
2276 2271 2270
2276 2278 2275
2271 2276 2275
2276 2532 2278
2273 2275 2278
2540 2538 2273
2278 2539 2540
2278 2540 2273
2277 2279 2007
2024 2551 2026
2381 2382 2385
2372 2376 2380
2394 2281 2389
2280 2281 2394
2093 2282 2036
2281 2033 2389
2033 2284 2388
2033 2032 2284
2389 2033 2388
2546 2289 2287
2456 2434 2219
2291 2114 2286
2286 2287 2290
2288 2546 2287
2289 2290 2287
2292 2286 2290
2292 2290 2299
2291 2292 2443
2291 2286 2292
2295 2444 2285
2221 2456 2461
2450 2459 2462
2289 2300 2290
2443 2292 2285
1533 2552 2545
2434 2433 2437
2545 2297 2293
2285 2299 2294
2294 2303 2304
2301 2444 2304
2301 2443 2444
2294 2304 2295
2288 1524 2293
2296 2546 2293
2298 2289 2546
2760 2603 2757
2462 2114 2291
2113 2114 2462
2300 2289 2298
2295 2285 2294
2756 2299 2300
2294 2299 2303
2300 2299 2290
2555 2300 2298
2302 2303 2299
2441 2304 2303
2756 2302 2299
2441 2301 2304
2435 2442 2301
2295 2304 2444
2305 2547 1533
639 2043 2040
1568 2307 1571
2040 2306 2310
2306 2307 2310
2308 2310 2307
2310 2041 2040
2560 2313 2310
2041 2313 2562
2562 2311 2041
2313 2041 2310
2562 2316 2312
2312 2316 2341
2562 2315 2316
2104 2362 2365
2773 2563 2768
2346 2342 2338
2315 2313 2317
2337 2357 2340
2313 2560 2317
2341 2316 2806
2315 2317 2314
2315 2562 2313
2561 2311 2312
2110 2318 2339
2348 2112 2110
2318 2347 2339
2312 2341 2347
2046 2319 2320
2319 2323 2320
2831 2830 2829
2046 2320 2321
2320 2323 2324
2321 2832 2046
2320 2768 2321
2770 2321 2563
2046 2832 2045
2831 2559 2322
2046 2045 1585
2770 2831 2832
2045 2832 2322
2044 2045 2309
1595 1597 2180
1595 2323 2319
1595 2324 2323
2324 2771 2320
2326 2324 1595
2180 2325 2326
2768 2320 2771
2327 2075 1916
2075 2327 2328
2329 2074 2075
2065 2067 2066
1636 2330 2062
2331 2333 2332
2332 2333 2336
2345 2569 2107
2334 2101 2332
2335 2331 2569
2331 2335 2333
2349 2334 2336
2333 2335 2351
2352 2345 2353
2335 2345 2352
2335 2569 2345
2346 2106 2112
2353 2106 2346
2339 2344 2348
2342 2346 2112
2345 2106 2353
2348 2342 2112
2348 2110 2339
2341 2343 2347
2342 2340 2357
2353 2338 2350
2344 2339 2347
2343 2344 2347
2348 2344 2340
2106 2345 2107
2342 2348 2340
2349 2104 2334
2359 2349 2336
2104 2349 2362
2352 2354 2351
2338 2342 2355
2359 2351 2354
2351 2359 2336
2350 2338 2355
2358 2361 2353
2333 2351 2336
2352 2351 2335
2354 2352 2361
2353 2361 2352
2353 2346 2338
2342 2357 2355
2337 2340 2344
2357 2356 2355
2571 2355 2572
2353 2350 2358
2571 2350 2355
2571 2574 2358
2806 2315 2314
2806 2804 2343
2354 2574 2364
2316 2315 2806
2574 2361 2358
2359 2364 2349
2363 2362 2349
2365 2362 2363
2363 2648 2365
2364 2363 2349
2574 2578 2573
2364 2359 2354
2354 2361 2574
2370 2648 2367
2578 2661 2573
2648 2370 2365
2363 2364 2366
2651 2363 2366
2651 2648 2363
2364 2573 2360
2364 2360 2366
2367 2648 2371
2378 2371 2650
2104 2365 2370
2367 2371 2373
2370 2368 2369
2370 2367 2368
2367 2380 2368
2380 2373 2372
2371 2378 2373
2367 2373 2380
2579 2372 2375
2379 2380 2376
2369 2368 2383
2649 2373 2378
2649 2375 2373
1700 2379 2381
2387 2381 2376
2386 2382 2384
2387 2376 2579
2387 2579 2581
2284 2386 2388
2282 2385 2386
2375 2372 2373
2379 2376 2381
2383 2380 2379
2380 2383 2368
2382 2386 2385
2282 2386 2284
2382 2381 2387
2581 2582 2387
2382 2582 2384
2582 2382 2387
2388 2384 2390
2388 2390 2389
2386 2384 2388
2390 2392 2389
2390 2384 2391
2384 2582 2391
2392 2394 2389
2392 2391 2393
2589 2393 2391
2392 2390 2391
2178 2395 1735
2458 616 2396
2224 616 2458
2459 2458 2113
2225 2224 2455
2455 2221 2225
2455 2224 2458
2221 2460 2456
2129 2130 2139
2130 2398 2139
2142 2398 2130
2129 2139 2141
860 2398 884
2139 2398 860
884 2398 2138
2148 2265 2263
2149 2148 2401
2156 2153 2402
2402 2149 2401
2402 2401 2400
2402 2400 2403
2403 2159 2156
2403 2407 2159
2407 2409 2159
2409 2405 2159
2409 2407 2408
2403 2404 2407
2403 2400 2404
2405 2409 2677
2263 2401 2148
2400 2411 2404
2405 2406 2161
2404 2408 2407
2408 2404 2411
2410 2412 2408
2411 2410 2408
2678 2677 2412
2412 2409 2408
2410 2411 2691
2694 2410 2691
2670 2671 2669
2400 2401 2669
2401 2263 2669
2416 2174 2415
2418 2416 2417
2415 2417 2416
2417 2488 2487
2417 2487 2483
2417 2419 2488
2428 2423 2418
2416 2418 2420
2423 2428 2421
2423 2421 2675
2425 2421 2427
2425 2422 2421
2675 2421 2422
2772 2776 2426
2424 2422 2426
2775 2778 2777
2421 2428 2427
2425 2481 2484
2684 2426 2422
2414 2325 2175
2406 2429 2181
2429 2406 2677
2432 1891 2431
2431 1891 2438
2216 1893 2430
2430 1893 2432
2449 2432 2431
2437 2218 2434
2434 2218 2219
2435 2440 2436
1894 2438 1891
2438 2437 2446
2435 2301 2441
2440 2451 2436
2439 2440 2441
2447 2448 2440
2435 2436 2442
2446 2212 2213
2446 2213 2438
2439 2441 2303
2440 2435 2441
2445 2442 2436
2444 2443 2285
2301 2442 2450
2445 2436 2434
2433 2446 2437
2214 2446 2452
2452 2446 2433
2433 2448 2452
2679 2214 2452
2212 2446 2214
2212 2214 2211
2449 2213 2454
2451 2433 2434
2434 2436 2451
2440 2448 2451
2433 2451 2448
2452 2448 2447
2453 2454 2206
2213 2449 2438
2443 2462 2291
2450 2443 2301
2442 2397 2450
2397 2442 2445
2445 2460 2397
2450 2462 2443
2450 2397 2459
2455 2459 2397
2445 2456 2460
2460 2455 2397
2454 2453 2449
2459 2455 2458
2462 2459 2113
2456 2219 2461
2456 2445 2434
2467 2466 2680
2216 2430 2463
2470 2469 2468
2466 2467 2233
2465 2207 2211
2467 2468 2233
1926 2235 2236
2466 2235 2465
2470 2468 2467
2819 2470 2764
2494 2486 2472
2471 1401 2472
2477 2474 2475
1400 2471 2473
2475 1994 2473
2471 2479 2473
2674 2474 2413
2479 2471 2486
2487 2476 2482
2479 2475 2473
2477 2476 2413
2477 2413 2474
2499 2413 2476
2475 2478 2477
2479 2478 2475
2479 2480 2481
2481 2478 2479
2422 2425 2484
2477 2478 2481
2482 2477 2481
2477 2482 2476
2483 2428 2418
2417 2483 2418
2481 2480 2484
2482 2425 2427
2684 2484 2480
2482 2427 2483
2428 2483 2427
2425 2482 2481
2490 2485 2479
2485 2489 2480
2486 2498 2490
2722 2485 2490
2485 2480 2479
2483 2487 2482
2476 2487 2499
2487 2488 2499
2684 2422 2484
2684 2480 2489
2486 2490 2479
2486 2494 2498
2492 2497 2495
2499 2488 2497
2488 2495 2497
2491 2239 2493
2491 2682 2498
2770 2563 2565
2722 2772 2489
2687 2495 2488
2239 2241 2703
2498 2682 2490
2492 2506 2501
2674 2496 1997
2499 2496 2413
2499 2497 2496
2494 2491 2498
2497 2492 2496
2704 2491 2493
2502 2492 2500
2492 2495 2500
2506 2492 2502
2500 2686 2503
2496 2501 1997
2502 2503 2505
2502 2500 2503
2686 2505 2503
2505 2508 2507
2506 2502 2507
2492 2501 2496
2511 2019 2018
2001 2506 2507
2508 2504 2509
2509 2696 2510
2504 2696 2509
2691 2692 2695
2510 2696 2699
2018 2509 2510
2699 2512 2510
2018 2510 2511
2502 2505 2507
2509 1460 2508
2000 2501 2506
2510 2512 2511
2513 2729 2699
2512 2730 2019
2729 2512 2699
1391 2519 1748
2516 2515 2519
2515 2243 2514
2516 2518 2244
2734 2732 2731
2516 2517 2518
2825 2824 2744
2518 2734 2731
1950 2823 1391
2661 2659 2360
2662 1439 2525
2664 1447 1439
2250 1447 2664
2816 2658 2662
2521 2523 2526
2250 2522 2521
2521 2520 2523
2527 2523 2520
2657 2656 2660
2662 2664 1439
2683 2682 2710
2491 2704 2682
2526 2530 2521
2703 2527 2706
2529 2528 1440
2761 2528 2249
2529 2250 2530
2529 2530 2249
2521 2530 2250
2531 2532 2534
2276 2534 2532
2272 2533 2534
2667 2668 2535
2535 2262 2537
2274 2537 2536
2537 2262 2536
2262 2535 2264
2533 2274 2536
2667 2537 2261
2537 2667 2535
2261 2537 2274
2278 2532 2539
1762 2538 1760
2540 1760 2538
2117 2539 2532
2025 2541 2593
2393 2587 2392
2543 2593 2541
2593 2543 2592
2394 2542 2280
2542 2543 2280
1540 2026 2544
1533 2293 1524
2293 2546 2288
2293 1533 2545
2547 1538 2550
1533 2547 2552
2293 2297 2296
2550 2549 2548
2548 2549 2544
2026 2551 2544
2548 2557 2554
2297 2545 2607
2603 2554 2601
2544 2553 2548
2601 2554 2557
2548 2554 2550
2552 2554 2607
2298 2296 2555
2554 2603 2607
2552 2607 2545
2557 2548 2553
2751 2752 2643
2296 2297 2759
2296 2759 2555
2555 2828 2756
2300 2555 2756
2812 2624 2808
2766 2558 2309
2308 2307 2558
2560 2310 2308
2829 2790 2560
2560 2766 2559
2308 2766 2560
2559 2829 2560
2831 2829 2559
2561 1713 2767
2562 2312 2311
2312 2347 2561
2561 2347 2318
2566 2769 2565
2564 2675 2676
2424 2833 2676
2676 2771 2564
2771 2773 2768
2564 2324 2326
2830 2566 2780
2769 2770 2565
2774 2775 2565
2790 2829 2830
2566 2830 2769
2569 2567 1710
2107 2569 1710
2567 2569 2568
2108 2107 1710
2569 2331 2568
791 2568 2332
2356 2357 2570
2350 2571 2358
2576 2575 2572
2578 2574 2575
2356 2572 2355
2803 2576 2570
2364 2574 2573
2575 2571 2572
2574 2571 2575
2572 2356 2576
2570 2576 2356
2576 2802 2797
2576 2797 2575
2577 2578 2575
2665 2661 2578
2797 2577 2575
2579 2376 2372
2375 2580 2579
2585 2586 2598
2581 2580 2584
2584 2580 2583
2579 2580 2581
2581 2374 2582
2391 2582 2374
2375 2641 2580
2636 2616 2613
2641 2583 2580
2583 2586 2584
2586 2585 2584
2598 2595 2590
2581 2584 2374
2374 2585 2589
2589 2585 2590
2585 2374 2584
2598 2590 2585
2592 2594 2588
2542 2592 2543
2587 2594 2542
2542 2594 2592
2591 2590 2595
2589 2391 2374
2589 2590 2591
2595 2594 2591
2587 2591 2594
2587 2393 2591
2393 2589 2591
2542 2394 2587
2593 2592 2588
2594 2595 2588
2394 2392 2587
2595 2597 2596
2596 2588 2595
2596 2611 2588
2598 2597 2595
2599 2597 2626
2606 2596 2597
2606 2597 2599
2612 2596 2606
2601 2600 2827
2611 2617 2588
2609 2600 2557
2601 2557 2600
2604 2600 2609
2608 2604 2609
2601 2827 2556
2603 2601 2556
2556 2757 2603
2603 2760 2607
2608 2622 2826
2605 2608 2602
2610 2602 2608
2602 2617 2611
2611 2612 2605
2612 2611 2596
2607 2760 2297
2608 2609 2618
2553 2609 2557
2609 2553 2618
2544 2551 2553
2610 2551 2027
2608 2618 2610
2605 2602 2611
2612 2606 2619
2616 2606 2599
2599 2626 2616
2615 2606 2616
2813 2619 2606
2615 2616 2636
2622 2619 2813
2606 2615 2614
2616 2626 2613
2617 2602 2627
2627 2602 2610
2551 2610 2618
2588 2617 2593
2622 2608 2605
2612 2619 2622
2612 2622 2605
2635 2628 1951
2642 2739 2628
2622 2623 2826
2634 2625 2624
2624 1445 1435
1435 2245 2624
2808 2624 2245
2732 2808 2731
2811 2812 2808
2808 2732 2811
2597 2598 2626
2627 2610 2027
2025 2593 2617
2618 2553 2551
2636 2613 2630
2629 2630 2613
2625 2634 2636
2630 2625 2636
2631 2629 2810
2629 2631 2630
2625 2638 2624
2632 2810 2633
2632 2631 2810
1990 2632 2633
1449 2633 2247
2630 2631 2638
2812 2634 2624
2025 2617 2627
2636 2634 2615
2632 1990 2637
1450 2637 1990
2624 2638 1445
2625 2630 2638
2638 2631 2637
2632 2637 2631
2614 2634 2812
2614 2615 2634
2809 2629 2613
2639 2654 2640
2635 1951 2645
2640 2809 2583
2629 2809 2640
2654 2639 2817
2645 2642 2635
2644 2647 2645
2646 2375 2649
2641 2646 2639
2375 2646 2641
2646 2649 2652
2646 2817 2639
2640 2810 2629
2640 2654 2810
2647 2644 2643
2753 2747 2643
2645 2647 2642
2737 2620 2740
2651 2366 2816
2648 2651 2650
2648 2650 2371
2666 2650 2651
2652 2649 2653
2653 2378 2650
2649 2378 2653
2646 2652 2817
2666 2651 2816
2666 2816 2662
2524 2248 2653
2248 2652 2653
2666 2653 2650
2653 2666 2524
2817 2652 2247
2656 2657 2658
2658 2664 2662
2366 2360 2656
2366 2656 2816
2656 2360 2660
2656 2658 2816
2660 2360 2659
2822 2712 2713
2524 2666 2662
2661 2360 2573
2578 2577 2665
2665 2659 2661
2655 2660 2659
2657 2660 2663
2663 2658 2657
2664 2522 2250
2711 2708 2522
2663 2664 2658
2664 2663 2522
2669 2263 2670
2670 2263 2265
2265 2259 2670
2667 2673 2668
2670 2668 2671
2259 2668 2670
2692 2671 2725
2535 2668 2259
2699 2695 2724
2671 2673 2725
2400 2669 2411
2671 2692 2691
2669 2691 2411
2261 2672 2667
2258 2672 2261
2668 2673 2671
2672 2673 2667
2671 2691 2669
2429 2698 2181
2697 2689 2678
2496 2674 2413
2414 2420 2423
2414 2423 2675
2414 2675 2564
2424 2675 2422
2675 2424 2676
2325 2414 2564
2426 2833 2424
2678 2698 2429
2412 2677 2409
2429 2677 2678
2419 2181 2698
2430 2453 2463
2449 2453 2432
2439 2764 2440
2818 2764 2439
2680 2679 2447
2470 2680 2447
2447 2679 2452
2764 2470 2447
2818 2819 2764
2419 2687 2488
2485 2722 2489
2772 2722 2778
2778 2722 2683
2684 2772 2426
2682 2722 2490
2683 2722 2682
2717 2779 2683
2684 2489 2772
2500 2495 2685
2495 2687 2685
2685 2688 2500
2698 2689 2687
2688 2686 2500
2689 2685 2687
2412 2693 2697
2688 2685 2689
2697 2688 2689
2419 2698 2687
2678 2689 2698
2412 2697 2678
2410 2694 2693
2693 2694 2690
2693 2412 2410
2697 2686 2688
2695 2694 2691
2694 2695 2690
2690 2696 2693
2686 2696 2504
2696 2686 2693
2686 2697 2693
2690 2695 2699
2505 2686 2504
2699 2696 2690
2700 2238 2237
2702 2701 2237
2701 2702 2526
2237 2701 2700
1988 2702 2237
2702 2761 2530
2526 2702 2530
2526 2523 2701
2703 2493 2239
2709 2493 2703
2682 2704 2710
2709 2704 2493
2527 2703 2700
2707 2706 2527
2710 2704 2721
2707 2527 2520
2709 2706 2705
2522 2708 2521
2705 2706 2707
2520 2521 2708
2663 2660 2655
2721 2704 2709
2522 2663 2711
2712 2715 2520
2786 2716 2714
2683 2710 2717
2717 2710 2721
2716 2721 2714
2663 2655 2711
2711 2718 2713
2655 2659 2718
2716 2786 2788
2520 2713 2712
2711 2713 2708
2713 2520 2708
2712 2787 2715
2721 2709 2714
2705 2714 2709
2709 2703 2706
2718 2659 2665
2665 2720 2822
2655 2718 2711
2715 2714 2705
2707 2520 2715
2707 2715 2705
2717 2716 2783
2665 2577 2720
2822 2720 2719
2715 2786 2714
2717 2781 2779
1460 2509 2018
2508 1460 2723
2506 2001 2000
2001 2723 2002
2723 2001 2507
2695 2692 2724
2699 2724 2513
1502 2729 2513
2724 2725 2513
2726 2725 2673
1502 2726 1484
2726 1502 2513
2726 2513 2725
2728 2726 2727
2727 2726 2673
2692 2725 2724
1484 2728 2257
2020 2730 1501
2730 1502 1501
2730 2020 2019
2730 2512 2729
2517 2733 2734
2733 2735 2740
2517 2734 2518
2517 2519 2823
2735 2823 2628
2517 2735 2733
2735 2628 2738
2740 2735 2738
2642 2628 2635
2740 2738 2737
2734 2814 2732
2620 2737 2744
2737 2738 2736
2736 2738 2739
2739 2738 2628
2814 2740 2620
2744 2742 2620
2748 2739 2647
2754 2747 2753
2736 2745 2741
2736 2741 2737
2744 2737 2741
2743 2742 2621
2834 2741 2745
2742 2744 2621
2621 2623 2743
2741 2825 2744
2621 2824 2826
2623 2813 2743
2744 2824 2621
2745 2746 2834
2600 2604 2749
2827 2834 2556
2647 2643 2747
2736 2739 2748
2747 2754 2745
2748 2745 2736
2747 2745 2748
2826 2604 2608
2748 2647 2747
2750 2643 2644
2750 2751 2643
2464 2821 2815
2750 2815 2821
2470 2819 2469
2819 2681 2469
2821 2820 2751
2819 2818 2681
2826 2749 2604
2754 2753 2755
2755 2753 2752
2754 2758 2757
2760 2757 2758
2757 2556 2746
2556 2834 2746
2752 2753 2643
2464 2681 2821
2820 2763 2765
2757 2746 2754
2756 2765 2302
2754 2755 2758
2755 2759 2758
2759 2755 2828
2555 2759 2828
2760 2759 2297
2759 2760 2758
2701 2523 2527
2701 2527 2700
2762 2702 1988
2530 2761 2249
2702 2762 2761
2528 2761 1441
2762 1441 2761
2549 1538 1540
2550 1538 2549
2303 2765 2763
2302 2765 2303
2447 2440 2764
2439 2303 2763
2818 2439 2763
2559 2766 2309
2308 2558 2766
2560 2791 2317
2790 2791 2560
2831 2770 2769
2321 2770 2832
2771 2324 2564
2773 2771 2833
2771 2676 2833
2772 2778 2776
2774 2778 2775
2563 2774 2565
2774 2563 2773
2565 2775 2566
2774 2773 2776
2777 2779 2781
2776 2778 2774
2777 2566 2775
2778 2779 2777
2777 2780 2566
2426 2776 2833
2778 2683 2779
2717 2783 2781
2777 2781 2780
2781 2784 2780
2721 2716 2717
2716 2788 2783
2781 2783 2785
2788 2782 2783
2785 2784 2781
2792 2785 2793
2785 2783 2782
2787 2786 2715
2788 2786 2807
2314 2317 2792
2790 2780 2791
2780 2784 2791
2792 2317 2791
2795 2803 2805
2790 2830 2780
2789 2792 2793
2789 2795 2804
2795 2794 2796
2792 2789 2314
2785 2791 2784
2794 2785 2782
2793 2785 2794
2796 2794 2782
2796 2782 2798
2789 2793 2794
2791 2785 2792
2801 2795 2796
2794 2795 2789
2800 2720 2797
2719 2720 2800
2720 2577 2797
2798 2801 2796
2800 2798 2799
2788 2798 2782
2799 2798 2807
2787 2807 2786
2799 2719 2800
2787 2799 2807
2807 2798 2788
2802 2800 2797
2798 2800 2801
2803 2795 2801
2801 2802 2803
2802 2801 2800
2576 2803 2802
2803 2570 2805
2805 2570 2357
2343 2341 2806
2795 2805 2804
2805 2357 2337
2804 2805 2337
2789 2806 2314
2804 2337 2343
2344 2343 2337
2586 2809 2598
2613 2598 2809
2613 2626 2598
2809 2586 2583
2641 2639 2583
2639 2640 2583
2654 2633 2810
2811 2614 2812
2623 2622 2813
2814 2733 2740
2811 2732 2743
2743 2813 2811
2614 2811 2813
2606 2614 2813
2620 2742 2814
2733 2814 2734
2743 2814 2742
2732 2814 2743
2652 2248 2247
2654 2817 2633
2470 2467 2680
2821 2818 2763
2681 2818 2821
2821 2751 2750
2820 2821 2763
2665 2822 2718
2712 2719 2799
2822 2713 2718
2719 2712 2822
2787 2712 2799
2628 2823 1950
2621 2826 2623
2749 2826 2824
2834 2825 2741
2824 2827 2749
2824 2825 2834
2824 2834 2827
2749 2827 2600
2752 2828 2755
2752 2751 2828
2756 2828 2765
2751 2820 2765
2828 2751 2765
2769 2830 2831
2832 2831 2322
2773 2833 2776
2789 2804 2806
2836 2835 118
118 250 2836
1062 118 2835
1071 118 1062
1727 1729 716
793 1729 1723
919 2838 1911
919 1911 921
2369 2377 2370
325 577 505
243 310 417
159 116 99
157 159 99
454 435 17
455 454 17
242 243 417
417 52 51
9 8 325
56 164 165
99 56 165
32 477 299
194 192 158
194 158 2
54 197 53
10 9 325
23 22 372
28 27 541
29 28 541
33 398 302
21 229 459
18 227 455
48 407 47
363 20 458
304 480 37
26 462 381
301 300 32
1 157 99
6 592 185
280 6 185
4 237 3
4 3 194
36 399 35
286 364 365
434 268 432
37 483 400
432 16 15
384 29 541
415 49 48
30 385 384
2 1 99
5 239 238
194 2 99
4 194 99
238 4 99
5 238 99
394 5 99
357 394 99
185 357 99
280 185 99
452 280 99
282 452 99
225 282 99
153 225 99
7 153 99
428 7 99
242 417 51
10 325 505
53 242 51
54 53 51
54 51 50
54 50 415
18 455 17
11 10 505
301 32 299
301 299 31
301 31 30
18 17 434
18 434 432
18 432 15
285 18 15
362 285 15
30 384 541
99 165 163
99 163 200
99 200 55
99 55 251
99 251 196
362 15 14
362 14 334
19 362 334
366 19 334
11 505 428
326 11 428
12 326 428
261 12 428
431 261 428
304 37 400
30 541 382
302 301 30
33 302 30
34 33 30
35 34 30
36 35 30
304 400 36
196 54 415
415 48 47
379 23 372
379 372 21
379 21 459
379 459 367
379 367 287
479 304 36
30 382 26
30 26 381
30 381 380
363 458 366
365 363 366
365 366 334
43 42 41
402 43 41
402 41 40
307 402 40
308 307 40
44 308 40
415 47 46
40 39 38
44 40 38
44 38 479
44 479 36
44 36 30
411 44 30
287 286 365
287 365 334
46 410 45
415 46 45
415 45 411
376 379 287
24 376 287
288 24 287
461 288 287
25 461 287
380 25 287
332 266 264
332 264 263
332 263 265
332 265 13
332 13 329
334 332 329
334 329 431
85 269 211
85 211 84
85 84 336
86 85 336
271 86 336
171 271 336
87 171 336
172 87 336
75 74 73
80 79 78
360 80 78
183 184 172
359 530 360
359 360 78
81 359 78
283 81 78
143 69 122
226 283 78
82 226 78
83 82 78
337 83 78
337 78 77
336 337 77
172 336 77
183 172 77
183 77 76
183 76 75
183 75 73
183 73 72
183 72 71
70 142 143
183 71 70
183 70 143
122 183 143
99 196 415
431 428 99
30 380 287
411 30 287
411 287 334
99 415 411
99 411 334
334 431 99
