1
2
3
4
5
6
7
8
9
10
11
12
13
14
15
81
82
83
84
85
86
87
88
89
90
91
92
93
94
99
100
105
106
114
115
116
117
118
124
125
126
127
128
129
130
131
132
139
140
141
142
143
144
145
146
147
153
154
155
156
157
158
159
166
167
168
169
170
171
176
178
185
186
187
188
189
190
191
195
196
197
198
212
215
242
244
245
248
249
250
276
277
278
291
292
293
297
299
361
792
793
794
795
797
798
800
801
802
805
827
828
831
837
838
839
840
846
879
880
881
882
883
884
885
886
887
898
899
900
901
902
903
904
905
906
907
908
909
910
911
912
914
915
917
918
919
920
922
923
924
926
927
928
929
930
931
937
939
942
943
944
945
946
948
949
950
953
956
957
959
960
962
963
964
966
967
968
969
970
971
972
973
977
978
979
980
981
987
988
989
993
994
995
996
997
999
1000
1001
1002
1003
1004
1005
1008
1009
1010
1011
1018
1019
1020
1021
1022
1023
1024
1025
1026
1027
1028
1029
1030
1031
1032
1038
1039
1040
1041
1042
1043
1045
1046
1048
1049
1052
1053
1054
1055
1056
1057
1058
1059
1060
1061
1062
1063
1064
1065
1066
1067
1068
1069
1070
1071
1072
1073
1074
1075
1076
1077
1078
1079
1080
1081
1082
1083
1084
1085
1086
1087
1088
1089
1090
1091
1092
1094
1095
1096
1097
1125
1126
1127
1128
1129
1130
1131
1132
1133
1134
1135
1178
1179
1180
1181
1182
1183
1184
1233
1234
1235
1236
1237
1238
1239
1240
1241
1297
1301
1302
1355
1357
1360
1361
1363
1364
1467
1468
1470
1471
1472
1473
1477
1481
1574
1944
1945
1946
1947
1948
1949
1950
1956
1957
1958
1959
1960
1961
1962
1963
1967
1968
1969
1970
1971
1977
1978
1979
1980
1981
1982
1983
1984
1987
1992
1994
1995
1996
1997
1998
1999
2000
2003
2004
2005
2006
2007
2008
2009
2010
2011
2017
2018
2019
2020
2021
2022
2023
2024
2025
2026
2027
2028
2029
2030
2031
2032
2033
2034
2035
2036
2037
2039
2040
2041
2042
2043
2044
2045
2046
2047
2048
2049
2050
2052
2053
2054
2055
2056
2057
2058
2059
2060
2061
2062
2063
2064
2065
2066
2067
2068
2069
2070
2071
2072
2073
2074
2075
2076
2077
2078
2091
2099
2100
2102
2103
2104
2105
2106
2107
2108
2109
2110
2115
2116
2131
2132
2133
2134
2135
2136
2138
2139
2140
2141
2142
2143
2144
2145
2146
2147
2148
2149
2150
2151
2152
2153
