-0.035790 0.517487 0.854942
-0.228629 0.570370 0.788928
-0.066968 0.813332 0.577932
0.037450 0.524386 0.850657
-0.150254 0.422025 0.894046
0.402333 -0.555065 0.728032
-0.504586 -0.825416 0.253144
-0.858626 -0.507476 0.072315
-0.945493 -0.286641 0.154531
-0.995386 0.048904 -0.082549
-0.990908 0.115626 -0.068782
-0.958860 0.225985 -0.171808
-0.980114 0.097627 -0.172759
-0.979320 0.176953 -0.098085
-0.987983 0.136027 0.073391
-0.922662 0.104019 0.371315
-0.555686 0.031017 0.830813
-0.200338 0.052885 0.978298
-0.239837 -0.077239 0.967736
0.040275 -0.105565 0.993596
0.287175 0.048993 0.956624
0.549962 0.003420 0.835183
0.907156 0.103656 0.407827
0.970220 0.136398 0.200170
0.979947 0.133852 0.147609
0.955680 0.228429 0.185732
0.987317 0.124982 0.097898
0.991038 0.127349 -0.040314
0.988156 -0.033059 0.149847
0.703442 -0.700116 0.122506
0.802976 -0.581699 0.129828
0.321237 -0.087881 0.942912
0.138310 0.348671 0.926984
-0.212368 0.789055 0.576447
0.191736 0.569121 0.799587
-0.388700 0.034327 0.920725
-0.959589 0.114381 0.257112
-0.152479 0.612749 0.775428
0.557798 0.009702 0.829920
0.728193 0.127121 0.673480
0.090733 0.617266 0.781505
-0.567585 -0.012296 0.823223
-0.088554 -0.116898 0.989188
-0.317496 0.402975 0.858375
-0.044252 0.601321 0.797781
0.439723 -0.040054 0.897240
0.401379 0.430815 0.808266
-0.332055 0.002950 0.943255
-0.255313 -0.117822 0.959652
0.736505 0.101708 0.668742
-0.062259 -0.072046 0.995456
-0.754811 -0.117412 0.645349
0.734216 0.151853 0.661716
0.536627 -0.107710 0.836917
-0.840913 0.107516 0.530382
0.952684 -0.101511 0.286510
-0.923213 -0.187763 0.335294
-0.649892 0.152439 0.744582
-0.164260 0.545402 0.821922
0.633501 -0.227998 0.739387
0.040093 0.582245 0.812024
0.261227 -0.061513 0.963315
-0.902250 0.150314 0.404168
0.404984 0.567116 0.717194
0.410737 -0.105996 0.905571
0.538594 0.032649 0.841933
-0.586533 0.034787 0.809178
-0.742112 -0.013861 0.670133
-0.172966 0.052056 0.983551
-0.978791 0.108015 0.174072
-0.904237 -0.046153 0.424529
0.819691 0.115720 0.560996
-0.394719 -0.036977 0.918058
-0.605770 0.062387 0.793190
-0.681314 -0.123257 0.721539
0.146845 0.098572 0.984236
0.502649 0.134247 0.854004
-0.006345 0.080145 0.996763
-0.106931 0.122702 0.986666
-0.267285 -0.127222 0.955182
0.146717 0.122344 0.981583
0.370251 -0.094516 0.924111
-0.145408 -0.103701 0.983922
0.183847 0.100162 0.977838
-0.045364 -0.012466 0.998893
-0.021310 0.455906 0.889773
0.258608 -0.769190 0.584353
0.197623 -0.862811 0.465299
0.173439 0.288959 0.941500
0.095235 0.701489 0.706289
-0.733137 -0.068060 -0.676667
0.281643 0.055164 -0.957932
-0.231136 -0.971392 -0.054529
0.309021 0.193201 -0.931225
0.372678 0.395069 -0.839662
0.139099 0.605293 -0.783755
0.262745 0.963176 0.057063
0.339747 0.334578 0.878994
-0.314556 0.843751 -0.434900
0.118834 -0.596218 -0.793979
0.003101 0.365422 -0.930837
0.322070 0.827348 0.460180
0.052516 0.998611 0.004265
0.350281 0.802159 -0.483574
0.055232 0.672227 0.738282
0.927032 0.185145 -0.326088
0.638436 0.213491 -0.739474
0.362274 -0.033021 -0.931486
0.004215 0.061152 -0.998120
-0.055176 -0.116876 -0.991613
-0.520971 0.049739 -0.852124
-0.702995 0.186719 -0.686247
-0.426095 -0.707224 -0.564161
-0.466960 0.330883 -0.820039
-0.318846 0.496081 -0.807614
-0.162463 0.684103 -0.711062
-0.008654 0.439111 -0.898391
0.922586 0.138866 -0.359932
0.247718 0.057572 -0.967120
-0.609901 0.115550 -0.784008
0.200356 0.135727 -0.970276
-0.212697 -0.023627 -0.976833
0.246623 0.004940 -0.969099
0.005484 0.009686 -0.999938
0.404325 -0.271638 -0.873346
-0.015388 0.104927 -0.994361
0.014863 0.270109 -0.962715
-0.874725 -0.257576 -0.410500
0.862512 -0.052713 -0.503283
-0.845476 0.093042 -0.525846
-0.691659 -0.102459 -0.714919
0.022388 0.003091 -0.999745
0.019793 0.173814 -0.984580
-0.098328 -0.116027 -0.988367
0.987245 -0.126810 -0.096260
-0.103619 0.223326 -0.969221
0.089828 0.023588 -0.995678
0.079580 0.332212 -0.939842
-0.903341 -0.320246 -0.285337
-0.453357 -0.369281 -0.811233
0.772073 0.234382 -0.590735
-0.908530 0.042832 -0.415619
-0.687194 0.120262 -0.716451
0.639879 0.174000 -0.748518
0.700601 0.136562 -0.700364
0.818158 -0.505536 -0.273954
0.962668 0.138348 -0.232657
-0.014485 0.135239 -0.990707
0.387564 0.276994 -0.879243
-0.216118 0.175782 -0.960413
0.924547 0.073337 -0.373945
-0.434217 -0.115926 -0.893318
-0.172295 -0.044362 -0.984046
-0.092307 0.078610 -0.992623
-0.739702 0.194063 -0.644345
-0.811973 -0.208721 -0.545101
-0.013614 -0.047876 -0.998761
0.182101 -0.033895 -0.982695
-0.106267 -0.066531 -0.992109
-0.046269 -0.065944 -0.996750
0.413752 -0.129095 -0.901190
-0.441586 -0.101421 -0.891468
-0.011515 -0.113826 -0.993434
-0.059673 -0.042905 -0.997295
-0.216116 -0.135398 -0.966934
0.135189 0.005631 -0.990804
0.106600 -0.034858 -0.993691
0.184850 -0.159401 -0.969753
0.763695 -0.199643 -0.613932
0.634646 0.096563 -0.766746
0.688199 -0.311057 -0.655459
0.999106 -0.003064 -0.042173
-0.237030 -0.936671 0.257805
-0.131925 -0.469673 0.872928
0.017573 0.809760 0.586498
0.256350 0.319179 -0.912365
-0.591770 0.715993 -0.370354
-0.115357 0.973676 -0.196589
-0.113681 -0.445800 -0.887884
-0.199435 -0.164676 0.965975
0.079222 0.936362 -0.341981
-0.155939 -0.220285 -0.962890
-0.187848 0.847681 0.496135
0.043234 0.590820 -0.805645
-0.456928 0.563386 -0.688341
0.022630 0.530384 -0.847455
-0.040999 0.796393 0.603388
-0.200592 0.222995 0.953958
0.559995 0.133294 0.817703
0.780335 -0.057625 0.622701
0.919846 -0.156688 0.359629
0.899626 -0.181013 0.397376
0.766200 -0.066560 0.639145
0.873059 -0.111717 0.474644
-0.175581 0.185297 0.966869
-0.927903 0.244953 0.281058
-0.571069 -0.158997 0.805357
0.048212 -0.034429 0.998244
-0.213076 -0.146295 0.966021
-0.493701 -0.118119 0.861572
-0.405650 0.012417 0.913944
-0.327113 0.060710 0.943033
-0.609256 0.097754 0.786925
0.968767 -0.199716 0.146982
-0.962151 0.200165 0.184931
-0.623058 0.063757 0.779573
-0.914741 0.135813 0.380532
-0.878148 0.083447 0.471055
-0.053948 0.004081 0.998535
-0.528775 0.167980 0.831974
0.314887 0.001172 0.949128
0.305093 0.007275 0.952295
0.460518 0.091644 0.882907
-0.301786 -0.130825 0.944357
-0.453084 0.004553 0.891456
-0.537677 -0.010765 0.843082
0.888466 0.035214 0.457590
0.665631 -0.092599 0.740514
0.867550 -0.029623 0.496466
0.999113 -0.014037 0.039712
-0.679316 -0.070445 -0.730457
-0.537891 0.032790 0.842377
-0.607177 -0.001490 0.794565
-0.711571 -0.131386 0.690220
-0.435918 0.065947 0.897567
-0.634000 -0.022239 0.773013
-0.986610 0.006461 0.162968
-0.512788 -0.115869 0.850660
-0.704684 0.076699 0.705364
-0.357280 -0.018621 -0.933812
-0.729372 0.287070 0.620973
-0.985291 0.167027 -0.036099
-0.918907 0.270795 -0.286844
-0.646598 0.206229 -0.734426
-0.684801 0.045786 -0.727290
-0.715554 -0.008447 -0.698506
-0.702445 -0.002696 -0.711733
-0.628401 0.014393 -0.777756
-0.500381 0.012403 -0.865716
-0.614181 -0.124664 -0.779257
-0.777252 -0.299526 -0.553320
-0.742012 -0.029929 0.669718
-0.518026 0.121552 -0.846684
-0.850639 0.129286 -0.509606
-0.886471 0.269130 -0.376482
-0.980335 0.192188 -0.044812
-0.997598 0.018435 0.066765
-0.328236 -0.011983 -0.944520
0.321552 -0.047897 0.945680
0.007476 0.245232 -0.969436
-0.246692 0.024212 0.968791
-0.784760 0.077569 -0.614926
-0.979119 -0.196148 -0.053409
0.117686 0.032248 0.992527
-0.875746 -0.109095 -0.470284
-0.722323 0.166336 0.671254
-0.934238 0.069013 -0.349909
-0.660052 -0.106221 0.743673
-0.908278 -0.039386 -0.416510
-0.958520 -0.051520 -0.280330
-0.810766 -0.012282 -0.585242
-0.814323 -0.036703 -0.579250
-0.764146 0.089733 -0.638772
-0.983312 0.111604 0.143674
-0.543152 -0.075622 -0.836222
-0.978375 -0.045249 0.201831
-0.623837 -0.048997 0.780017
-0.913702 -0.012025 -0.406207
-0.957432 0.063712 -0.281541
-0.848960 -0.150856 0.506467
-0.792424 -0.142839 0.593010
0.671845 0.197047 -0.714001
0.934062 0.352722 -0.055822
0.814693 0.224753 0.534567
-0.439567 -0.071028 0.895397
0.647887 -0.151030 0.746614
0.828746 -0.065432 -0.555787
-0.201809 -0.259501 0.944422
0.499563 0.008182 -0.866239
0.465987 0.071791 -0.881874
0.428507 -0.178172 -0.885797
0.606703 -0.006464 -0.794902
0.533066 0.073533 -0.842873
0.421406 0.250256 -0.871659
0.285349 0.266778 0.920546
0.452299 0.171845 0.875154
0.784679 0.328324 0.525816
0.867654 0.196530 0.456676
0.824633 0.120360 -0.552714
0.660655 0.109415 0.742673
0.981850 -0.093955 -0.164750
0.240559 0.121774 0.962965
0.547752 -0.166213 0.819964
0.972823 -0.002319 -0.231539
0.185244 0.040364 0.981863
0.924261 0.136775 -0.356419
0.713519 -0.038873 -0.699557
0.679766 0.011274 -0.733343
0.646240 -0.092787 -0.757472
0.194510 0.176719 0.964850
0.870197 0.101571 -0.482122
-0.330040 -0.001689 0.943966
0.008647 -0.119193 0.992833
0.473037 0.016834 -0.880882
-0.639901 -0.156919 0.752265
0.961000 -0.042346 0.273288
0.510887 -0.044878 -0.858475
0.659554 -0.068821 0.748500
0.051632 -0.042452 0.997763
0.660366 -0.039527 -0.749903
0.981868 0.015096 -0.188963
0.042862 0.127329 0.990934
0.820115 0.037919 -0.570941
-0.298695 -0.060588 0.952424
0.994509 0.051905 0.090873
0.941041 0.028649 0.337077
0.842749 -0.048430 -0.536124
0.187641 0.001009 0.982237
0.925701 -0.060357 0.373409
0.979523 -0.137229 -0.147320
0.463847 0.008293 0.885877
0.981915 0.008862 0.189117
0.977567 0.059584 -0.202022
0.971326 -0.005612 0.237685
-0.015055 0.330931 -0.943535
0.133552 0.185976 -0.973436
0.543198 -0.012941 -0.839505
-0.464636 0.001211 -0.885501
0.603311 0.061316 -0.795145
0.344093 0.257919 -0.902816
-0.820984 0.163463 -0.547051
-0.349860 0.225329 -0.909299
0.523503 0.114692 -0.844269
-0.910111 -0.074523 -0.407608
0.020952 0.226766 -0.973724
-0.356199 0.049308 -0.933108
-0.293950 0.007688 -0.955790
-0.521225 0.036548 -0.852636
-0.320664 0.025201 -0.946858
0.737101 0.031370 -0.675054
0.708159 0.076378 -0.701910
-0.378170 0.278677 -0.882795
0.297668 -0.031334 -0.954155
0.607027 -0.008598 -0.794635
0.052230 -0.075879 -0.995748
0.408208 -0.072667 -0.909992
0.808445 0.019635 -0.588244
0.670242 0.014394 -0.742003
-0.295979 -0.002355 -0.955191
0.292737 -0.049585 -0.954907
0.570414 -0.056339 -0.819423
0.560389 -0.043680 -0.827077
0.408433 0.011510 -0.912715
0.699789 -0.002215 -0.714346
-0.001070 0.011454 -0.999934
-0.253132 -0.038548 -0.966663
-0.037923 0.032858 -0.998740
-0.452602 0.025655 -0.891344
0.320160 0.004872 -0.947351
0.146055 0.044362 -0.988281
-0.486916 -0.002283 -0.873446
0.051159 -0.014069 -0.998591
-0.836267 0.056263 -0.545428
0.949096 0.228985 0.216291
0.751044 0.331420 0.571046
0.005533 0.250142 -0.968193
-0.232409 0.234077 -0.944031
-0.773583 0.243227 0.585158
0.286790 0.139627 -0.947764
