63.876396 62.266327 61.618820 100.438583 109.924690 
63.876396 57.422638 79.867256 82.309044 62.531662 
57.422638 61.932484 98.429840 94.890717 67.724243 
79.867249 61.932480 54.685902 74.295975 81.873779 
54.685898 73.268578 84.682739 82.758377 61.406906 
73.268578 66.785103 94.583046 96.967239 72.741379 
66.785103 68.345787 74.427322 95.485703 82.198242 
94.583054 68.345787 73.457840 88.579865 86.437584 
73.457840 71.940079 78.924942 59.621090 63.795544 
71.940079 54.733097 65.061569 86.457924 59.946594 
54.733097 56.667274 67.932533 59.340469 90.330399 
56.667274 56.807762 79.064156 71.812294 71.811142 
56.807762 55.939507 71.383156 72.009155 57.340271 
55.939507 55.363991 66.969376 81.079292 56.376465 
55.363991 68.738098 93.644852 81.665756 78.364090 
87.101776 68.738098 66.751099 72.471451 103.163513 
66.751099 73.142487 100.454041 78.990326 87.656601 
73.142487 52.905384 106.135315 71.178810 82.363289 
52.905384 53.229935 104.755066 74.573212 70.778473 
53.229935 51.525131 99.657814 97.983917 65.006073 
104.755066 51.525131 71.261330 84.189819 90.166908 
71.261330 64.448059 108.612000 76.789902 106.264145 
64.448059 66.350655 88.888786 79.893555 113.675308 
66.350655 58.477760 60.999374 71.487305 68.345451 
58.477760 57.560215 79.354271 78.829910 76.808090 
57.560215 57.077271 66.357910 59.261204 87.982101 
57.077271 55.532127 79.029305 61.869843 90.210167 
55.532127 50.125671 68.246689 89.499519 62.621567 
50.125671 76.241348 76.945030 87.279999 63.215164 
76.241348 88.001823 77.398285 91.230949 53.671410 
93.962616 92.491928 51.529305 79.420074 94.527878 
92.491928 68.323029 77.928162 68.570572 90.042496 
68.323029 66.499878 86.959679 51.392883 61.779755 
66.499878 67.792725 60.215027 61.818848 78.589661 
62.266327 67.792725 105.067299 57.770149 102.415756 
72.584549 76.208954 83.841751 74.218460 62.273239 
71.383156 66.969376 72.471458 63.580471 53.911652 
79.638824 72.446075 76.566681 68.496117 80.821060 
81.801926 62.186722 89.572662 67.332016 54.818916 
76.789902 88.888779 60.999374 79.354271 63.047279 
71.209023 91.568802 52.281830 87.817665 79.943535 
73.700706 85.072258 57.471527 69.898056 88.110657 
73.135010 86.363976 55.378952 58.420570 68.825691 
84.682739 79.638832 55.222069 102.829147 70.066872 
61.618824 82.309044 72.446075 84.081062 66.461479 
84.189819 81.801926 88.168526 64.728790 59.876717 
77.928162 71.209023 60.451180 68.461914 65.478439 
78.990326 71.178818 73.700706 75.030228 65.004921 
82.363289 74.573212 73.135010 75.030228 61.592793 
88.001831 68.570572 60.451180 63.151749 74.059952 
70.778481 65.006073 86.363968 61.592793 68.531464 
76.162361 69.883881 62.975422 60.736076 86.585831 
86.658371 66.357910 62.186722 67.156960 71.306290 
61.045258 92.573158 98.154099 52.440292 77.840469 
83.499954 74.914963 83.889236 52.734444 72.416946 
89.863220 77.398277 63.151749 83.577095 83.018341 
88.579865 78.924942 60.839897 79.936569 63.557739 
87.656593 63.580471 57.471527 65.004921 62.304276 
62.531662 74.295975 82.758377 55.222069 84.081062 
68.246689 76.945030 61.045258 75.525536 78.581963 
51.392887 60.215027 57.770149 91.568810 68.461914 
89.572662 55.378956 64.728790 96.494385 68.531464 
79.064163 72.009155 53.911652 74.914963 62.304272 
52.281826 65.478439 74.059952 83.577095 76.656860 
92.573158 83.018341 76.656860 64.672852 97.807953 
67.332016 63.047279 59.876717 67.156960 104.011742 
72.584549 69.898056 83.889236 61.441845 56.842010 
76.208961 76.162361 52.734444 61.441841 61.813950 
87.817657 64.672852 68.787498 84.882820 57.806347 
65.061569 67.932533 69.883881 72.416946 61.813950 
59.621090 86.457924 62.975426 60.839897 83.547180 
79.029305 71.306290 75.525536 71.464386 52.295292 
83.841751 88.110657 58.420570 56.842010 65.784760 
76.566681 79.936569 93.346939 59.860825 92.189445 
96.967247 94.999718 70.066879 63.557739 93.346939 
78.001091 59.488670 68.039047 84.995316 85.624283 
54.818916 97.635635 71.464386 78.001091 58.533173 
91.391182 59.488670 81.355621 57.883495 80.340500 
74.218460 68.825691 65.784760 68.039047 95.047249 
62.273239 60.736076 81.355629 52.614975 81.666672 
68.496117 68.787491 93.942757 59.826855 60.070992 
52.440292 78.581955 52.295292 84.995316 58.533173 
86.585831 59.860825 52.614971 99.076927 56.527260 
77.840469 84.882820 85.624290 57.883492 75.333481 
80.340500 81.666672 59.826859 56.527260 75.333481 
80.821053 79.943535 66.461487 57.806351 60.070992 
51.529305 58.130436 98.968727 76.742783 85.666634 
58.130436 70.901611 99.897247 91.884964 88.472099 
98.968719 70.901611 50.825348 72.008331 103.905075 
50.825348 68.554489 99.471642 85.102173 108.171768 
119.379837 68.554489 75.234085 131.405899 74.454605 
135.066452 99.897247 75.234085 93.772903 99.450493 
79.420074 70.488754 93.512634 100.589363 75.973297 
70.488754 70.704727 71.960060 90.483078 100.401733 
70.704727 55.031700 84.584869 71.308067 80.226242 
55.031700 60.581459 70.648880 102.544952 76.437744 
61.818840 102.415749 105.786957 60.581459 67.557861 
90.042496 76.742775 91.884964 72.008331 56.697865 
68.568359 57.512493 58.755211 92.163406 56.466049 
85.666634 88.472092 93.772903 93.512634 92.955879 
71.960060 84.584869 68.568359 92.955887 93.666061 
61.779755 83.510101 57.512493 84.176208 62.120346 
85.102173 74.454605 99.450493 58.755211 71.511322 
78.589653 71.308060 70.648880 67.557861 84.176208 
100.512253 56.697865 56.466049 62.120346 71.511322 
79.893555 71.487305 121.520409 73.764610 73.043289 
73.764610 74.780830 87.375565 110.922768 70.286926 
74.780830 72.942810 110.428795 59.254387 72.610840 
72.942810 72.149551 119.256851 72.061295 81.303131 
72.149551 73.502853 76.992104 90.270599 106.217644 
73.502853 53.653740 122.332603 63.556282 94.605499 
101.146294 81.665764 53.653740 105.927711 56.828880 
74.427322 61.275314 60.324299 84.314888 77.585251 
61.275314 69.817154 104.702026 69.200668 68.196854 
69.817154 66.569000 73.845757 79.923752 52.890823 
66.569000 53.886864 80.922699 56.997765 74.914772 
102.544960 53.886864 54.342751 110.949387 71.196770 
68.345451 78.829918 73.043289 87.375565 62.673580 
93.171600 97.037216 69.401810 57.160858 66.334488 
72.602783 56.356647 83.608429 71.902473 76.803345 
51.174408 74.585144 79.725502 85.510002 60.075035 
76.992104 63.556278 72.602776 98.978714 61.027489 
59.254387 72.061295 51.174408 81.493813 57.295067 
81.303131 74.585144 81.493813 64.591499 65.871506 
84.937492 80.749748 52.371544 70.752762 63.901379 
66.705757 65.642357 93.679077 53.938381 57.819302 
80.922699 54.342754 66.705757 69.962593 54.048615 
61.686684 64.279419 83.655823 90.562286 61.013607 
91.167526 86.274384 57.030678 57.916672 62.749825 
71.812294 57.340275 56.356644 76.106865 53.351746 
58.429123 92.471039 58.703613 60.304314 57.493122 
93.171600 52.746250 93.198586 62.457024 69.754349 
79.725502 64.591499 52.746250 71.438034 89.032761 
90.483078 84.937485 68.635277 57.031151 68.701233 
87.279999 80.749748 57.869659 57.338467 63.271339 
80.226250 76.437744 65.642349 69.962593 54.751266 
107.011124 93.679077 83.430115 64.841080 66.983765 
73.845764 56.997761 71.196770 54.048615 83.430115 
86.437576 63.795540 61.686680 86.272255 76.759514 
95.485703 60.324299 64.279419 86.272255 78.960846 
63.659508 55.596085 73.820992 70.242012 57.781567 
59.946598 59.340469 58.429123 78.944504 82.624435 
56.376465 78.364090 56.828880 83.608437 76.106865 
70.286926 72.610840 85.509995 57.295067 73.951836 
87.191765 63.659508 73.951828 54.976395 55.745514 
96.769394 53.671413 91.236588 57.869656 73.212410 
59.261204 61.869843 86.274384 55.596085 93.516403 
90.466881 61.027485 65.871498 71.438034 60.370789 
69.401810 60.075035 73.820992 54.976395 86.327553 
71.902466 62.457027 89.032753 60.370789 68.936874 
76.808090 87.982094 62.673576 70.242012 55.745514 
58.703613 60.988937 56.687004 71.314636 55.201801 
60.304314 69.754341 68.936874 60.988937 70.342422 
53.938377 68.635269 54.751266 59.709084 86.153969 
71.811150 76.803345 53.351746 57.493118 82.633041 
83.655823 76.759521 82.624420 56.687004 61.411911 
57.819302 59.709084 88.531021 87.490639 87.122223 
64.521461 80.273735 83.432045 59.300922 55.131493 
71.314636 70.342422 64.521461 94.131424 56.615566 
90.562286 80.273735 60.998241 58.427498 60.858597 
89.107430 87.057327 65.224518 64.111351 72.329315 
61.013603 64.841080 78.960846 91.447296 64.410255 
55.201805 61.411911 83.432045 56.615562 60.998238 
66.983765 92.964478 58.427498 64.410255 72.723892 
88.531013 59.300919 65.224518 68.441177 75.928345 
57.160858 88.731400 99.557373 64.111351 93.075073 
87.490639 55.131493 60.858597 72.723892 68.441177 
52.371540 57.031151 86.153961 75.928345 84.908066 
70.752762 57.030682 57.338467 72.329315 80.153778 
66.334488 57.916672 57.781567 86.327553 93.075081 
75.973297 63.901375 68.701233 73.212402 84.908058 
62.621567 63.215164 62.749825 63.271339 80.153778 
82.198242 57.427330 110.200424 75.633606 75.156998 
121.858810 57.427330 93.265038 67.332855 76.663757 
93.265045 69.216248 103.157768 85.538994 56.957863 
69.216248 73.192543 94.155151 73.384674 98.995850 
110.200424 73.192543 90.032730 62.099148 109.338776 
67.724251 82.610909 79.923759 74.914772 82.059067 
84.314880 75.633606 90.032730 61.910728 67.327621 
72.741379 96.568146 75.156998 67.332848 62.422462 
84.908890 58.941563 72.266891 86.404915 59.989491 
77.585251 69.200668 61.910732 56.797531 69.789917 
81.873772 61.406906 102.957718 58.941563 102.479927 
68.196854 52.890823 82.059067 72.266899 56.797531 
62.099144 67.327621 86.404907 69.789925 71.905258 
85.538994 73.384666 59.989487 71.905258 67.857674 
76.663757 56.957867 62.422462 88.271004 67.857681 
71.897133 61.160336 64.339912 102.148140 103.635857 
71.897133 94.052696 82.804939 103.502167 85.697227 
89.964645 71.940147 91.186836 98.333549 62.682297 
89.964645 75.963593 98.985916 84.621269 71.874260 
90.075165 70.179535 88.153442 79.871506 93.495262 
101.235329 70.964691 53.928223 112.459503 58.345432 
115.483192 68.465523 64.853043 84.481583 65.339478 
115.483200 69.498123 50.630150 75.994560 118.310051 
69.498123 64.638985 120.128273 76.240211 107.008286 
64.638985 74.193878 116.680115 126.716209 79.158890 
74.193878 59.372269 70.883865 103.800804 65.153221 
59.372269 80.235298 79.414268 81.732826 77.086334 
72.126091 102.222366 66.278435 97.605782 67.566727 
72.126091 71.115288 54.649246 86.394379 63.908970 
71.115288 96.150841 63.124901 54.666714 76.531296 
106.225998 81.243317 79.191475 108.643791 88.727791 
61.160336 58.116875 79.790802 87.843033 69.375389 
58.116875 106.152542 92.192032 68.173347 93.263184 
96.150841 53.630951 93.646393 60.391739 98.608322 
64.339905 79.790802 92.192039 108.475395 58.203156 
87.843033 68.173347 53.630951 58.203156 99.844940 
89.876907 84.736504 81.825813 105.386017 53.981403 
102.148132 81.243317 109.655823 91.827209 80.258667 
71.940147 75.963593 119.676643 89.876907 97.394028 
90.075165 66.267792 96.158936 86.115334 88.378799 
82.804932 91.186836 69.375389 99.119522 67.006042 
80.235298 84.255081 70.344032 98.947533 61.715786 
54.649246 63.124901 93.646393 79.660118 93.870026 
54.666714 79.191475 60.391735 94.796097 90.475899 
70.964699 68.465523 95.387405 79.983566 91.925415 
64.853043 50.630150 120.128281 95.387413 114.559875 
98.985916 70.179535 84.736504 66.267792 93.963539 
103.485168 53.928223 96.158936 79.983566 92.795334 
75.994568 76.240219 114.559883 108.176743 72.388443 
93.263199 98.608322 115.252197 81.825813 75.219849 
105.386024 79.660118 75.219849 74.195045 108.242279 
107.008286 79.158890 70.883865 99.660385 65.849457 
118.310051 119.231705 92.795334 72.388443 62.443565 
66.278435 101.447693 93.870026 74.195045 59.078896 
105.550781 84.255081 59.078896 96.827927 113.222054 
108.891518 79.414268 70.344032 65.849457 96.827927 
53.981403 86.115334 93.963539 119.237572 108.242279 
88.378799 105.866127 117.451942 62.443565 113.222046 
91.827209 77.580719 56.580215 93.309387 59.629623 
77.580727 56.674923 107.657166 78.288971 55.690094 
56.674923 89.967598 113.551437 83.334404 71.562492 
89.967598 101.973320 80.643784 51.430305 85.506248 
64.061218 88.918930 50.543015 61.288612 100.512115 
64.061218 65.699417 84.221054 77.292450 112.174500 
65.699417 99.918854 70.903564 84.101173 95.783356 
75.696266 59.090073 81.758789 67.476158 65.456779 
75.696266 92.397064 67.312393 86.754372 63.231483 
92.397064 65.837540 120.160828 99.639763 85.833817 
145.754288 120.184143 107.646591 87.080521 148.907867 
103.800804 144.582001 79.371933 65.147987 104.328087 
80.643776 54.578690 90.148125 55.665581 89.126640 
88.918930 54.578690 74.655548 65.558151 91.094551 
88.727798 56.580215 78.288971 68.917633 53.755615 
97.190552 68.917633 89.507919 95.019310 79.548676 
85.099014 81.095299 57.917458 100.905289 105.004227 
79.371941 64.034592 64.553841 77.605713 72.236450 
86.394379 108.325867 72.343040 86.642433 69.694748 
55.690094 83.334404 55.665581 53.755615 89.507919 
65.153221 81.732826 65.147987 64.034592 103.213440 
51.430305 50.543015 89.126640 74.655540 81.410423 
120.184151 104.328087 64.553841 128.588425 71.110298 
97.605789 98.947540 70.586884 72.660355 67.027206 
95.542885 65.837540 107.646591 88.991280 54.323284 
76.531296 90.475891 95.019310 72.343033 110.765648 
61.288612 84.221054 65.558151 81.410423 80.901009 
77.086334 106.484169 61.715786 70.586884 98.984299 
77.292450 70.903564 80.901009 53.951050 84.127151 
84.101181 81.095299 53.951050 67.279678 110.748985 
95.783363 59.090073 103.434647 67.279678 94.772141 
81.758797 67.312393 88.991280 94.772141 65.246635 
93.456268 57.917458 88.315155 84.127144 80.111137 
91.094551 79.548683 86.642433 110.765648 80.111137 
110.748993 109.326416 100.495911 106.343544 100.581673 
77.605705 103.213440 100.710434 98.984291 95.306320 
67.566727 63.908970 69.694756 72.660355 67.939850 
108.636955 87.080513 54.323284 65.246628 106.343536 
100.905281 109.169724 67.027199 67.939842 77.472488 
105.004227 113.771187 100.581673 111.826866 77.472488 
72.236450 71.110298 114.396797 95.306328 114.736053 
71.046722 71.777771 69.617096 109.126205 74.333794 
71.046722 76.835175 68.763458 58.548584 55.450081 
76.835175 74.407021 77.017166 70.207321 56.369514 
84.481583 84.217850 76.070602 82.764099 116.638504 
84.217842 83.444000 116.797630 58.540356 116.793358 
83.444000 78.588844 81.683853 94.194954 136.271271 
78.588837 114.542702 130.738861 136.315704 59.954079 
114.542694 60.714722 96.909592 88.222290 82.124779 
60.714722 61.356178 112.187988 106.260147 84.551682 
96.909584 61.356178 81.647514 74.612465 79.857658 
60.649887 83.695343 66.110565 85.073059 80.030304 
84.925545 75.464714 61.970284 85.249054 71.622940 
71.777779 101.166550 70.281036 110.219719 76.872177 
68.763458 74.407021 70.518356 61.421936 75.730255 
70.518356 110.139244 64.696503 109.582169 63.389908 
69.617096 58.548584 61.421936 72.475098 86.636078 
81.504715 110.139244 72.475098 99.452713 103.335014 
84.925545 101.166550 86.636078 71.824203 82.828705 
98.333549 67.006042 77.017166 75.730255 64.696503 
112.082375 102.306000 63.291092 95.930534 60.451191 
82.043449 68.325508 66.376999 84.042526 88.523132 
112.459503 65.339485 91.925415 76.070602 65.331955 
101.911377 74.220764 95.111359 61.288521 82.723686 
62.682297 84.621277 97.394035 82.043449 60.643272 
99.452713 71.824203 92.472130 94.811630 69.344421 
57.665943 77.454712 80.193344 57.435421 55.906654 
60.649887 75.464714 92.472122 108.996979 78.333282 
81.647514 57.665943 87.536331 101.606323 77.793976 
63.389908 118.147499 68.325508 60.643272 81.706459 
83.695343 74.220764 58.382832 70.352104 85.066460 
73.495193 85.357460 70.465469 56.705147 72.983368 
79.871513 58.345432 73.495193 73.924706 86.156433 
95.111366 94.811630 108.996986 58.382835 57.199234 
82.764099 65.331963 94.181572 65.152977 61.552948 
58.540356 81.683861 94.181572 65.706390 58.954994 
94.194954 65.706390 81.077438 64.748451 106.439102 
65.152977 58.954998 81.077438 67.180031 86.200073 
71.874260 93.495262 99.135422 85.357468 55.075569 
88.222298 74.612465 77.454712 87.536331 73.795074 
80.193344 101.606323 73.795074 91.301872 54.836739 
108.279953 66.376999 70.465469 55.075569 51.445118 
61.288521 57.435421 70.352104 75.453049 63.017937 
73.924706 61.552948 67.180038 51.058960 91.200409 
103.335014 69.344421 115.582069 57.199238 89.307961 
119.196304 84.042526 81.706451 89.307961 73.430710 
114.770737 64.748444 88.490173 61.762146 59.479046 
56.705143 86.156425 51.058960 61.074215 89.305099 
86.200073 91.200409 61.762146 61.074211 78.646889 
63.291088 117.061157 117.475220 59.479046 78.646889 
72.983376 51.445122 89.305099 95.021683 80.740189 
136.271271 59.954075 82.124779 94.838242 91.301880 
82.723694 55.906654 99.221611 54.836739 75.453049 
60.451195 88.523132 112.637619 73.430710 80.740189 
70.281036 64.383041 84.029358 53.100494 65.740913 
64.383041 55.401299 75.709663 56.788933 74.230179 
99.639763 68.348991 83.443756 63.953350 110.744781 
68.348984 69.771454 60.921867 112.102303 76.673965 
106.260147 69.771454 67.712532 123.189957 76.286232 
61.970284 82.828705 101.065132 79.174835 115.625122 
55.401299 73.325974 71.746613 85.734970 59.035862 
102.284996 104.960495 73.325966 67.355850 52.852188 
84.029358 85.155319 71.746620 55.816833 59.344139 
118.011131 79.174835 55.816833 107.526489 66.064095 
85.734978 67.355843 59.344139 70.183746 103.766647 
85.833817 83.443756 76.178215 77.902458 79.788239 
100.512115 68.549995 93.129326 58.403324 107.024651 
108.892006 52.852188 70.183746 68.549995 81.988495 
61.214813 89.057213 50.466438 61.287464 86.797607 
77.414093 59.646297 71.216431 72.343597 94.945381 
85.249054 115.625122 66.064095 104.611938 73.288834 
71.562492 85.506248 75.709663 59.035862 61.699219 
66.110565 71.622940 78.333282 77.414093 73.288834 
85.073059 59.646297 85.495476 58.814972 62.287941 
103.766640 93.129318 81.988487 82.836014 53.069897 
77.793976 87.445610 61.437325 74.032234 55.256210 
84.551674 79.857658 67.712524 90.414963 92.681259 
80.030304 85.066460 63.017937 85.495476 61.437325 
67.476158 61.214813 74.653770 110.878654 80.281303 
63.953350 60.921871 76.178215 51.180435 75.537994 
101.817795 74.032234 90.414963 72.508705 64.868439 
77.902458 89.057213 51.180435 65.766556 101.281990 
72.508705 60.219944 70.948189 78.565742 105.832199 
58.814972 55.256210 64.868439 60.219944 65.443871 
71.216431 62.287945 70.948189 65.443863 60.677109 
72.343590 60.677113 73.379173 89.992828 52.827938 
58.403320 82.836006 97.537735 53.744232 60.167549 
65.456779 63.231483 79.788239 50.466438 74.653770 
61.287460 109.448601 73.379173 60.911877 104.310776 
86.797600 80.281296 53.744240 60.911880 78.201889 
85.767258 65.766556 78.565742 104.310776 63.009022 
94.945381 53.069901 52.827942 60.167553 78.201889 
76.673965 76.286240 92.681252 75.537994 63.009026 
109.410721 55.450081 70.207321 103.767876 80.166298 
85.697220 119.978485 111.724396 56.369514 80.166306 
53.100494 56.788933 111.435181 75.360245 69.588394 
120.138008 74.230179 91.580711 61.699219 75.360245 
128.754044 80.258667 59.629623 116.039932 108.032822 
74.333794 76.872177 65.740913 126.377327 69.588394 
