2 35 45 59 61 
1 3 4 45 59 
2 4 59 116 178 
2 3 5 59 183 
4 6 44 59 183 
5 7 8 75 180 
6 8 113 140 173 
6 7 9 57 139 
8 10 57 71 139 
9 11 70 71 142 
10 12 70 142 155 
11 13 63 130 155 
12 14 37 63 130 
13 15 37 130 143 
14 16 37 112 143 
14 15 17 37 58 
16 18 37 48 58 
17 19 20 48 49 
18 20 21 49 51 
19 21 46 49 51 
19 20 22 46 51 
21 23 24 40 46 
22 24 40 106 118 
23 25 40 106 118 
24 26 40 118 151 
25 27 53 147 151 
26 28 72 147 172 
27 29 60 72 172 
28 30 60 135 172 
29 50 56 135 146 
30 32 87 93 98 
31 33 47 50 98 
32 34 47 61 102 
33 35 61 97 104 
1 34 41 61 97 
67 68 73 79 80 
13 14 16 58 63 
44 45 74 81 86 
46 53 62 66 77 
22 23 24 25 66 
47 61 64 69 86 
48 55 58 67 73 
49 51 62 73 79 
5 38 59 74 75 
1 2 38 59 86 
21 39 51 62 66 
32 41 50 61 64 
17 18 42 49 58 
18 19 43 48 51 
30 32 47 56 64 
19 20 43 49 62 
68 70 71 80 83 
25 26 39 66 72 
60 65 72 82 84 
12 63 67 68 70 
29 30 50 64 65 
8 9 71 74 75 
17 37 42 48 63 
2 4 5 44 45 
28 29 54 72 82 
33 34 35 41 47 
39 43 46 49 51 
12 13 37 55 58 
41 47 50 56 65 
54 56 64 69 84 
39 40 46 53 62 
36 42 55 68 73 
36 52 55 67 70 
41 65 81 84 86 
10 11 52 55 68 
9 10 52 57 70 
27 53 60 77 82 
36 42 43 67 79 
38 57 75 83 85 
6 8 44 57 74 
77 78 79 82 84 
39 53 72 76 82 
36 76 80 84 85 
36 43 73 76 78 
36 52 78 83 85 
38 69 74 85 86 
54 60 72 76 77 
52 74 80 81 85 
54 69 76 78 85 
78 80 81 83 84 
38 41 45 69 81 
31 88 89 98 100 
87 89 92 98 100 
87 88 90 98 105 
89 91 98 103 105 
89 90 92 99 103 
87 88 91 100 103 
31 94 100 146 171 
93 95 101 134 171 
94 96 101 104 136 
95 97 104 117 136 
34 35 95 96 104 
32 87 88 89 105 
101 102 103 104 105 
87 88 92 93 101 
94 95 99 100 104 
33 34 99 104 105 
90 91 92 99 105 
34 95 96 97 102 
33 98 99 102 103 
23 24 25 107 118 
106 108 118 123 144 
107 109 121 123 144 
108 110 121 123 124 
109 111 122 124 148 
110 112 120 122 143 
14 15 111 122 143 
7 114 140 179 182 
113 115 162 182 184 
114 116 138 178 184 
115 117 127 138 178 
96 116 127 136 138 
24 25 106 107 151 
132 141 149 166 170 
122 130 143 150 155 
123 124 133 144 149 
110 111 120 124 148 
108 109 121 124 144 
109 121 123 133 148 
134 135 168 169 171 
127 136 137 154 157 
116 117 126 136 138 
139 140 156 160 162 
135 147 169 170 172 
12 13 120 143 155 
142 150 152 153 155 
119 133 148 150 153 
121 124 132 148 150 
94 125 154 168 171 
29 125 146 169 172 
95 96 126 127 154 
114 126 138 162 164 
115 116 117 127 137 
8 9 128 140 156 
7 113 128 139 162 
145 147 149 151 170 
10 11 131 152 156 
14 15 112 120 130 
107 108 121 123 145 
121 141 144 149 151 
29 30 125 135 171 
26 27 129 141 170 
120 122 124 133 150 
119 121 141 145 170 
120 132 133 148 153 
25 26 118 141 145 
131 153 156 159 163 
131 132 150 152 159 
126 134 136 157 168 
12 120 130 131 142 
128 139 142 152 163 
126 154 165 167 168 
159 160 163 165 167 
152 153 158 160 163 
128 158 163 164 167 
125 158 165 166 169 
128 137 140 160 164 
152 156 158 159 160 
137 157 160 162 167 
157 158 161 167 168 
119 158 159 161 170 
157 158 160 164 165 
125 134 154 165 171 
125 129 135 161 172 
119 129 141 149 166 
93 125 134 146 168 
28 29 129 135 169 
7 174 177 179 180 
7 173 175 180 187 
174 176 180 186 187 
175 177 185 186 187 
173 176 179 185 186 
3 4 115 116 184 
113 173 177 182 185 
6 7 173 174 187 
182 183 184 185 186 
113 114 179 184 185 
4 5 178 181 187 
114 115 178 181 182 
177 179 181 182 186 
175 176 181 185 187 
174 175 180 181 186 
189 204 207 210 213 
188 204 213 274 365 
191 211 213 290 295 
190 211 219 295 309 
212 219 302 303 309 
192 217 220 293 303 
195 217 218 275 293 
194 196 218 221 225 
195 197 218 221 224 
196 198 199 221 224 
197 199 224 242 251 
198 214 228 251 258 
201 214 226 254 267 
200 202 215 249 267 
201 206 215 216 256 
206 210 216 231 245 
188 205 207 208 213 
204 206 207 208 222 
202 208 215 216 222 
188 204 205 206 208 
204 205 206 207 216 
211 219 222 223 229 
188 203 207 231 368 
190 191 205 209 295 
192 219 220 229 230 
189 190 204 274 290 
199 227 228 254 258 
201 202 206 223 226 
202 203 206 215 256 
193 194 218 220 293 
194 195 196 217 221 
191 192 209 212 229 
192 193 212 217 225 
195 196 218 224 225 
205 206 208 209 223 
209 215 222 226 229 
196 197 198 199 228 
195 217 220 221 230 
200 201 215 223 227 
200 214 226 228 230 
198 199 214 224 227 
209 212 219 222 223 
212 220 221 225 227 
210 232 245 250 368 
231 233 243 245 250 
232 234 243 250 342 
233 235 243 252 342 
236 244 252 257 337 
235 237 257 259 337 
236 238 259 260 261 
239 261 262 349 358 
238 240 262 336 358 
239 255 268 327 336 
240 253 255 268 271 
198 199 248 251 253 
234 244 245 250 252 
235 243 252 257 264 
203 231 232 246 250 
243 245 250 256 264 
259 260 263 269 270 
242 251 253 266 271 
201 202 256 264 267 
232 233 243 245 246 
198 199 242 248 266 
234 235 243 244 257 
241 242 248 251 271 
200 214 258 267 269 
239 240 241 262 268 
202 216 246 249 264 
235 236 244 252 259 
199 200 214 254 266 
236 237 257 260 263 
237 247 259 261 265 
237 238 259 260 262 
238 239 255 261 268 
244 247 257 259 264 
244 246 249 256 263 
260 261 262 268 270 
248 251 254 258 271 
200 201 249 254 269 
239 241 255 262 265 
247 249 254 267 270 
247 254 265 266 269 
248 253 265 266 270 
273 284 287 325 369 
272 274 285 287 364 
273 285 290 364 365 
194 276 293 305 306 
275 277 305 306 308 
276 278 306 307 322 
277 279 307 311 322 
278 280 281 310 322 
279 281 310 329 347 
279 280 299 310 347 
298 301 343 344 348 
289 298 330 341 343 
272 289 325 333 369 
273 274 286 287 290 
285 288 290 295 300 
272 273 285 288 289 
285 286 287 296 315 
283 284 287 296 330 
190 213 274 285 286 
294 319 320 321 324 
295 300 312 316 324 
193 194 217 275 305 
297 301 304 313 323 
190 191 211 292 300 
288 289 298 304 315 
299 310 311 313 323 
282 283 296 304 343 
281 297 310 311 346 
286 290 292 295 316 
282 294 304 313 348 
303 309 312 318 321 
192 193 302 314 318 
294 296 298 301 315 
275 293 306 308 314 
276 277 305 307 308 
277 306 308 317 319 
305 306 307 314 319 
191 192 292 302 312 
279 281 297 299 311 
297 299 310 322 323 
191 292 302 309 321 
294 297 301 323 348 
303 305 308 318 319 
288 296 301 304 316 
288 292 300 315 324 
306 307 308 319 320 
302 303 314 319 321 
308 314 317 318 320 
291 294 307 317 319 
302 312 318 319 324 
277 278 279 310 311 
294 297 310 311 313 
291 292 312 316 321 
284 326 333 366 369 
325 331 342 366 367 
240 328 336 350 352 
327 329 350 352 363 
280 328 347 350 363 
283 289 333 334 341 
326 332 333 335 342 
234 252 331 335 338 
325 326 331 334 335 
283 330 333 335 341 
331 332 333 338 345 
240 327 350 352 358 
235 338 345 357 362 
235 332 335 337 345 
349 352 358 359 360 
343 344 355 356 362 
283 330 334 340 343 
233 234 326 331 367 
282 283 298 340 341 
282 340 348 354 355 
335 337 338 357 362 
299 344 348 351 354 
280 281 329 351 363 
282 301 313 344 346 
238 339 358 359 360 
327 328 336 352 363 
299 346 347 353 354 
336 339 350 361 363 
351 354 355 361 363 
344 346 351 353 355 
340 344 353 354 356 
340 355 359 360 362 
337 345 356 360 362 
238 239 336 339 349 
339 355 356 360 361 
339 349 357 359 362 
350 352 353 359 363 
340 345 356 357 360 
328 329 347 350 361 
272 273 274 285 365 
189 213 273 274 364 
325 326 331 367 369 
233 326 331 342 366 
203 210 231 232 245 
272 284 325 326 366 
