-0.007102 0.211682 0.061033
-0.058485 0.221718 0.046603
-0.081170 0.252540 0.005680
-0.133468 0.237246 0.033263
-0.176684 0.207244 0.047758
-0.209021 0.150819 0.036016
-0.239102 0.107043 -0.003229
-0.191395 0.079352 -0.005959
-0.162326 0.013868 0.006014
-0.154567 -0.056984 0.004364
-0.157922 -0.111559 0.002293
-0.169290 -0.166948 -0.000785
-0.177004 -0.223032 -0.004794
-0.186126 -0.277869 -0.010142
-0.191556 -0.332472 -0.016294
-0.185078 -0.335927 0.050317
-0.147952 -0.333489 0.104083
-0.079091 -0.335387 0.125639
-0.027579 -0.336291 0.137657
0.024840 -0.336960 0.146385
0.074935 -0.336279 0.134368
0.141513 -0.336961 0.109544
0.183102 -0.340039 0.061543
0.184842 -0.281465 0.038427
0.176857 -0.223609 0.035585
0.167359 -0.166887 0.035490
0.158042 -0.110858 0.039325
0.149690 -0.056324 0.045213
0.140445 -0.007118 0.044861
0.176336 0.057683 0.033601
0.222646 0.129250 0.005675
0.191142 0.165698 0.046801
0.147579 0.217063 0.046076
0.102019 0.251419 0.015227
0.050534 0.226027 0.048118
-0.068158 -0.095064 0.137661
-0.180871 -0.267600 0.044330
-0.070564 0.125592 0.118613
0.095609 -0.179469 0.127749
0.160055 -0.268052 0.085957
0.063071 0.148853 0.104032
-0.114439 -0.209865 0.111588
-0.010719 -0.201352 0.155759
-0.132102 0.149378 0.074611
-0.024016 0.166602 0.089628
0.079590 -0.256424 0.129686
0.123102 0.155813 0.078992
-0.103641 -0.270368 0.115294
-0.036670 -0.267304 0.142931
0.155205 0.112543 0.069178
0.012290 -0.280438 0.150903
-0.133418 -0.031081 0.098166
0.141920 -0.173331 0.088521
0.088230 -0.027921 0.134160
-0.148328 -0.146736 0.072507
0.140099 0.060465 0.095715
-0.151588 0.057247 0.064088
-0.148137 -0.250857 0.091374
-0.098832 0.189162 0.063800
0.133759 -0.033449 0.101574
0.097927 0.208418 0.053814
0.039177 -0.218960 0.150913
-0.170259 -0.215867 0.054211
0.102292 0.119255 0.115615
0.088912 0.061458 0.142213
0.124179 -0.231599 0.107175
-0.097605 -0.145480 0.121261
-0.127455 -0.106518 0.097483
0.033471 0.080717 0.140317
-0.153614 -0.078705 0.059068
-0.146091 0.003842 0.058767
0.125118 -0.104873 0.097311
-0.059179 -0.176379 0.146231
-0.111899 0.068671 0.127738
-0.159170 0.107778 0.061735
0.022357 -0.086212 0.148064
0.076607 -0.129299 0.134014
-0.011202 -0.042049 0.146095
-0.014541 -0.134840 0.154680
-0.085538 -0.035693 0.132274
-0.028222 0.082893 0.138204
0.093211 -0.077132 0.126503
-0.092267 0.014303 0.141449
0.025302 -0.001167 0.139566
-0.039314 0.028017 0.142865
0.003253 0.119152 0.123822
0.270719 0.144305 0.003323
0.327167 0.154546 -0.005142
0.329772 0.215323 0.019234
0.328471 0.253667 -0.013800
0.313210 0.260789 -0.062629
0.332840 0.207806 -0.065802
0.198165 0.110265 -0.057766
0.168447 0.161589 -0.094003
0.124027 0.215185 -0.088953
0.080848 0.247762 -0.080893
0.081963 0.275152 -0.031671
0.266513 0.194502 0.030489
0.215519 0.255168 -0.028560
0.265267 0.153062 -0.058190
0.198402 0.210174 -0.065611
0.179451 0.250757 0.010748
0.266366 0.244801 -0.034775
0.135751 0.260413 -0.043729
0.237148 0.235548 0.013077
0.195637 -0.334137 -0.002195
0.166700 -0.332488 -0.069407
0.104400 -0.334630 -0.100304
0.036210 -0.336114 -0.117783
-0.035440 -0.337005 -0.110981
-0.107946 -0.334412 -0.106530
-0.152815 -0.329500 -0.079087
-0.203399 0.135189 -0.061776
-0.166365 0.163574 -0.087812
-0.126596 0.220032 -0.086422
-0.071209 0.253623 -0.075207
-0.018694 0.258209 -0.079529
0.178224 -0.268248 -0.017816
0.068353 -0.133950 -0.093529
-0.122613 -0.229459 -0.089593
0.074779 -0.237720 -0.113425
-0.080673 -0.277710 -0.114309
0.084567 -0.287678 -0.113655
0.010168 -0.263707 -0.117288
0.130684 0.034856 -0.094790
0.004475 0.153067 -0.107410
-0.007947 0.211084 -0.096992
-0.143547 0.049676 -0.092457
0.136689 -0.070581 -0.050626
-0.157295 -0.216598 -0.050332
-0.118360 -0.123100 -0.078711
-0.017932 -0.155113 -0.104210
0.005155 -0.201686 -0.107799
0.115214 0.111806 -0.112514
0.148402 0.009541 -0.030879
0.057051 0.190216 -0.105798
-0.084455 0.138272 -0.116749
-0.059994 0.209298 -0.101023
-0.144112 0.027754 -0.045173
-0.177056 0.088625 -0.058929
0.144090 -0.159853 -0.049656
-0.146167 -0.085806 -0.043405
-0.162460 -0.284406 -0.056006
0.132906 -0.284716 -0.092730
0.139122 -0.218434 -0.073192
0.165709 0.055165 -0.017263
0.157562 -0.128526 -0.007474
-0.045717 -0.238091 -0.116876
0.097050 -0.191403 -0.094976
-0.068353 -0.188732 -0.103147
0.168075 -0.214794 -0.028015
-0.103782 -0.073951 -0.096494
-0.066328 -0.121663 -0.101757
0.054665 0.139381 -0.112968
-0.142477 -0.166223 -0.055869
-0.129305 -0.031196 -0.083443
0.019660 0.098606 -0.112242
-0.002777 -0.012816 -0.111193
-0.041485 -0.058481 -0.107345
-0.068846 0.026699 -0.109132
0.073345 -0.025695 -0.101226
-0.128357 0.092012 -0.115525
-0.082680 -0.025103 -0.107763
-0.066757 0.079536 -0.112547
0.037367 0.020503 -0.103882
0.046859 -0.082098 -0.095946
-0.016800 0.036070 -0.114126
0.091706 0.068999 -0.101774
0.131108 -0.023782 -0.072512
0.119031 -0.117995 -0.064799
0.147908 0.083799 -0.073033
0.147488 -0.040956 -0.006045
-0.300245 0.143475 -0.019223
-0.329372 0.172909 0.012532
-0.342076 0.238176 -0.007501
-0.344903 0.241723 -0.064747
-0.322067 0.174406 -0.066358
-0.127762 0.266483 -0.031701
-0.267071 0.162227 -0.066667
-0.270040 0.182448 0.026329
-0.224306 0.248710 -0.042398
-0.219046 0.194609 -0.081467
-0.200902 0.241766 0.009132
-0.175847 0.221547 -0.076008
-0.282084 0.208129 -0.089600
-0.283303 0.250912 -0.046480
-0.292899 0.231093 0.004134
-0.007618 -0.087558 0.157287
0.054824 -0.078272 0.137279
0.075951 -0.238434 0.138377
0.060370 -0.326892 0.141875
0.036154 -0.461435 0.133852
0.029517 -0.560944 0.120652
0.026971 -0.680736 0.119948
-0.041098 -0.694450 0.203579
-0.045261 -0.696977 0.150384
-0.067936 -0.680626 0.096624
-0.114357 -0.637524 0.084977
-0.122418 -0.579414 0.092436
-0.131465 -0.415943 0.109010
-0.129222 -0.346694 0.115602
-0.120024 -0.276302 0.111395
-0.104668 -0.160176 0.116241
0.009566 -0.144999 0.164544
-0.004523 -0.200632 0.169650
-0.054234 -0.234090 0.148711
-0.049114 -0.129699 0.160191
-0.053129 -0.187320 0.166962
-0.011747 -0.346211 0.192170
-0.073563 -0.088166 0.132136
0.028621 -0.278842 0.156377
-0.000124 -0.457995 0.191208
0.065662 -0.148618 0.142727
-0.110845 -0.501293 0.106466
-0.087560 -0.315545 0.127181
-0.101365 -0.225792 0.120829
0.019608 -0.620355 0.144723
0.002765 -0.688737 0.178944
0.015958 -0.411061 0.158333
0.011476 -0.546662 0.166246
-0.037416 -0.636100 0.179491
-0.023669 -0.288279 0.157030
-0.057146 -0.350566 0.170123
-0.066421 -0.608656 0.109472
-0.048590 -0.581176 0.189952
-0.073382 -0.407290 0.133657
-0.064191 -0.460192 0.144814
-0.080302 -0.544855 0.111770
-0.029530 -0.396485 0.186662
-0.042931 -0.522731 0.176820
-0.134169 -0.080447 0.073201
-0.154804 -0.081824 0.019280
-0.140017 -0.096385 -0.030864
-0.151839 -0.177423 -0.062006
-0.150060 -0.276673 -0.070029
-0.149927 -0.340545 -0.074947
-0.141356 -0.405331 -0.080918
-0.130610 -0.504063 -0.091694
-0.128226 -0.579643 -0.094936
-0.114741 -0.669388 -0.098462
-0.179416 -0.691397 0.012945
-0.196453 -0.679430 0.061894
-0.177617 -0.183168 0.007062
-0.181127 -0.234220 -0.001736
-0.150678 -0.131437 0.063790
-0.170699 -0.195265 0.055083
-0.214027 -0.374515 0.013843
-0.190851 -0.612670 0.033369
-0.181645 -0.316481 0.072207
-0.173188 -0.130756 0.017159
-0.173926 -0.626856 0.078342
-0.160188 -0.228101 -0.060396
-0.143654 -0.636716 0.024065
-0.178841 -0.450286 0.074003
-0.150712 -0.648903 -0.055445
-0.158769 -0.251696 0.081428
-0.179462 -0.294038 -0.028510
-0.154524 -0.510987 0.080375
-0.175857 -0.370597 -0.039036
-0.177681 -0.420052 -0.020935
-0.159765 -0.470829 -0.056076
-0.159837 -0.560949 -0.055517
-0.207954 -0.318554 0.008832
-0.184120 -0.269437 0.034058
-0.194935 -0.519317 0.006257
-0.203554 -0.542723 0.053165
-0.167007 -0.379101 0.078019
-0.178111 -0.613816 -0.025551
-0.205940 -0.409521 0.052387
-0.177671 -0.460804 0.013732
-0.159598 -0.571719 0.014011
0.126005 -0.101733 -0.040401
0.146649 -0.094754 0.021276
0.118161 -0.097485 0.089315
0.085280 -0.686671 0.093775
0.161969 -0.690483 0.084624
0.132100 -0.672388 0.037295
0.186394 -0.685078 0.034183
0.184170 -0.679078 -0.033108
0.130680 -0.675567 -0.061610
0.128656 -0.619302 -0.065043
0.134760 -0.369741 -0.084019
0.118069 -0.254821 -0.096290
0.091897 -0.137329 -0.073292
0.153981 -0.146056 0.058721
0.152267 -0.210290 0.083748
0.160546 -0.141298 -0.001344
0.179621 -0.207765 0.014799
0.154327 -0.207828 -0.052607
0.120105 -0.166990 0.116003
0.175786 -0.429069 0.043730
0.150595 -0.337626 0.106204
0.054554 -0.639287 0.087167
0.217830 -0.440397 0.012348
0.105174 -0.279299 0.122281
0.177520 -0.261677 -0.018363
0.186879 -0.514139 -0.034962
0.145384 -0.310439 -0.077036
0.154854 -0.546550 -0.065373
0.153722 -0.272769 0.094283
0.185896 -0.394846 -0.030249
0.103215 -0.463352 0.118714
0.066068 -0.525292 0.106873
0.202766 -0.349357 -0.002138
0.101903 -0.610876 0.116682
0.173887 -0.636270 0.083207
0.156606 -0.593118 0.043005
0.155964 -0.588613 0.109283
0.080414 -0.384353 0.123771
0.185669 -0.591283 -0.028251
0.220362 -0.568491 0.001949
0.129347 -0.398441 0.121055
0.190211 -0.460889 -0.032097
0.112877 -0.556810 0.128204
0.210589 -0.299524 0.016345
0.178140 -0.308151 0.063513
0.167779 -0.539759 0.047800
0.127669 -0.508403 0.130689
0.172667 -0.509947 0.096041
0.165534 -0.485469 0.032394
0.165170 -0.433937 0.115001
0.222862 -0.653200 0.012801
0.218899 -0.516228 0.009063
0.177885 -0.378105 0.068255
0.032469 -0.105902 -0.078345
-0.031779 -0.107982 -0.075958
-0.039144 -0.689417 -0.123584
0.012670 -0.677230 -0.111146
0.065670 -0.679137 -0.137466
0.093151 -0.201601 -0.099815
-0.055572 -0.150182 -0.089574
-0.079870 -0.214582 -0.107376
0.003407 -0.174830 -0.106401
0.025810 -0.217638 -0.131992
-0.028529 -0.218766 -0.112739
-0.070356 -0.613457 -0.127102
-0.086012 -0.327014 -0.113515
-0.066815 -0.263089 -0.121475
-0.053012 -0.503866 -0.130067
0.055836 -0.372795 -0.135536
0.048481 -0.275963 -0.132014
-0.101671 -0.121174 -0.075170
0.097975 -0.320007 -0.106263
0.077499 -0.417847 -0.106962
-0.011232 -0.311362 -0.114070
0.127161 -0.484150 -0.091364
0.080438 -0.629217 -0.097914
0.148844 -0.441209 -0.073506
-0.090295 -0.465157 -0.113286
-0.017052 -0.632156 -0.112240
0.087515 -0.539101 -0.099211
-0.028273 -0.583423 -0.121016
0.053768 -0.511120 -0.141875
0.078601 -0.475232 -0.105867
0.047737 -0.440874 -0.141805
0.019952 -0.407064 -0.114377
-0.052482 -0.370245 -0.128005
-0.085473 -0.538459 -0.113832
-0.009954 -0.470085 -0.116097
-0.040926 -0.420378 -0.127864
0.022661 -0.564456 -0.115791
-0.001082 -0.361354 -0.112602
0.041762 -0.614194 -0.135937
0.133638 -0.050755 0.046527
0.098361 -0.047313 0.098424
-0.001866 -0.069899 -0.060315
-0.075247 -0.069252 -0.068156
-0.104130 -0.042961 0.097214
0.066864 -0.070072 -0.066108
