1 2 35 45 59 
1 2 35 45 59 
1 2 3 45 59 
1 2 3 4 59 
1 2 3 4 59 
2 3 4 59 178 
2 3 4 116 178 
2 3 4 59 178 
2 3 4 5 178 
2 3 4 5 178 
2 3 4 5 59 
3 4 5 59 183 
4 5 44 59 183 
4 5 6 59 183 
4 5 6 44 183 
5 6 44 180 183 
5 6 7 8 180 
6 7 8 173 180 
6 7 8 113 173 
6 7 8 113 140 
7 8 9 57 139 
8 9 57 71 139 
8 9 57 71 139 
8 9 10 71 139 
9 10 57 71 139 
9 10 70 71 142 
9 10 11 70 142 
10 11 12 70 142 
10 11 12 70 142 
11 12 55 142 155 
11 12 13 130 155 
12 13 63 130 155 
12 13 14 37 130 
13 14 37 130 143 
13 14 15 37 143 
14 15 16 37 143 
14 15 16 112 143 
14 15 16 37 143 
14 15 16 17 37 
14 15 16 17 37 
15 16 17 37 58 
16 17 18 37 58 
16 17 18 48 58 
16 17 18 48 58 
17 18 19 48 49 
17 18 19 48 49 
18 19 20 48 49 
18 19 20 49 51 
19 20 21 49 51 
19 20 21 49 51 
19 20 21 22 51 
20 21 22 46 51 
20 21 22 40 46 
21 22 23 40 46 
21 22 23 40 46 
21 22 23 24 40 
22 23 24 40 106 
22 23 24 40 106 
22 23 24 40 106 
23 24 40 106 118 
23 24 25 40 118 
24 25 40 118 151 
24 25 26 118 151 
25 26 53 147 151 
25 26 27 53 147 
26 27 28 53 147 
26 27 28 72 147 
27 28 72 147 172 
27 28 29 60 172 
27 28 29 60 172 
28 29 30 60 172 
28 29 30 135 146 
29 30 56 135 146 
29 30 50 56 146 
30 31 50 56 146 
30 31 50 93 146 
30 31 32 87 93 
31 32 50 87 98 
31 32 50 87 98 
32 33 47 50 98 
32 33 47 50 102 
32 33 47 61 102 
32 33 34 61 102 
32 33 34 61 102 
33 34 35 61 102 
33 34 35 61 102 
33 34 35 61 97 
34 35 61 97 104 
34 35 61 97 104 
33 34 35 61 97 
1 34 35 61 97 
1 34 35 61 97 
1 34 35 45 61 
1 2 35 45 61 
14 15 16 37 143 
36 67 68 79 80 
13 14 37 58 63 
38 44 45 74 81 
2 4 44 45 59 
2 3 4 5 59 
39 46 53 66 77 
22 24 25 40 66 
22 23 24 40 106 
41 47 64 69 86 
33 34 35 47 61 
33 34 35 61 97 
42 48 55 58 67 
43 49 62 73 79 
14 15 16 37 58 
13 14 15 16 37 
16 17 37 58 63 
5 38 44 59 75 
1 2 38 45 86 
1 2 3 45 59 
2 3 4 5 59 
2 3 4 59 178 
2 3 4 59 178 
1 2 3 4 59 
21 39 46 62 66 
22 23 24 40 66 
22 23 24 40 106 
21 22 40 46 66 
41 47 50 61 64 
33 34 35 47 61 
1 34 35 41 61 
33 34 35 61 97 
33 34 35 61 97 
33 34 35 61 97 
33 34 35 47 61 
33 34 35 61 97 
1 33 34 35 61 
33 34 35 61 102 
18 42 48 49 58 
19 43 48 49 51 
14 15 16 17 37 
14 16 17 37 58 
16 17 37 48 58 
5 6 44 59 75 
1 2 35 45 59 
1 2 3 45 59 
1 2 3 45 59 
1 2 3 45 59 
2 3 4 5 59 
2 4 5 44 59 
2 3 4 5 59 
2 3 4 59 178 
1 2 3 4 59 
20 21 22 46 51 
22 23 24 40 66 
22 23 24 40 66 
32 33 47 50 61 
32 47 50 56 64 
33 34 35 61 102 
33 34 35 47 61 
1 34 35 41 61 
1 34 35 47 61 
1 35 41 45 61 
1 35 41 45 61 
33 34 35 61 102 
17 18 48 49 58 
18 19 20 49 51 
19 20 49 51 62 
16 17 37 48 58 
4 5 6 44 75 
6 8 44 57 75 
1 2 35 45 59 
4 5 44 59 183 
2 3 4 5 59 
1 2 4 45 59 
1 2 38 45 59 
1 2 44 45 59 
20 21 22 46 51 
21 22 40 46 66 
20 21 22 46 51 
32 33 47 50 61 
32 33 47 50 61 
31 32 33 47 50 
1 35 41 45 61 
17 18 19 48 58 
17 18 19 48 49 
16 17 18 48 58 
18 19 20 49 51 
18 19 20 49 51 
5 6 7 44 75 
1 2 35 45 59 
1 2 35 41 45 
1 2 35 41 45 
4 5 6 44 59 
2 4 5 44 59 
2 3 4 44 59 
2 4 5 44 59 
5 6 44 59 75 
5 6 7 75 180 
5 6 7 8 75 
1 2 35 41 45 
2 4 5 44 59 
4 5 6 44 59 
2 4 5 44 59 
5 6 44 59 75 
4 5 44 59 75 
5 6 44 59 75 
6 44 57 59 75 
5 6 44 59 75 
5 6 44 59 75 
2 38 44 45 59 
5 6 44 57 75 
2 5 38 44 59 
6 7 8 44 75 
6 7 8 57 75 
5 6 44 57 75 
38 44 45 59 75 
2 38 44 45 59 
6 7 8 113 180 
38 44 45 59 74 
2 4 5 44 59 
2 38 44 45 59 
38 44 45 59 75 
52 68 70 71 80 
12 13 14 37 63 
26 39 53 66 72 
54 60 65 82 84 
23 24 25 40 66 
12 55 63 68 70 
14 15 16 37 63 
13 14 37 58 63 
13 14 15 16 37 
13 14 37 63 130 
12 13 14 37 63 
13 14 15 37 63 
23 24 25 40 106 
23 24 25 40 118 
22 23 24 25 40 
16 17 37 58 63 
16 17 37 58 63 
16 17 37 48 58 
22 23 24 40 66 
21 22 40 46 66 
21 22 40 46 66 
21 22 23 40 46 
30 50 56 64 65 
30 31 47 50 56 
33 34 35 47 61 
9 57 71 74 75 
1 2 38 45 59 
1 2 3 45 59 
21 22 40 46 66 
20 21 46 51 62 
32 33 47 61 102 
32 33 47 50 61 
32 33 34 47 61 
32 47 50 61 64 
17 18 19 48 49 
18 19 48 49 51 
17 18 19 48 49 
17 18 19 48 49 
18 19 48 49 51 
17 18 42 48 58 
17 42 48 58 63 
17 18 42 48 58 
42 48 49 58 73 
17 37 42 48 58 
17 18 42 48 58 
37 42 48 58 63 
16 17 37 48 58 
37 42 48 58 63 
19 20 43 49 51 
19 20 49 51 62 
19 20 21 49 51 
19 20 21 49 51 
19 20 21 46 51 
20 21 46 51 62 
6 7 8 57 75 
6 7 8 57 75 
6 8 44 57 75 
6 7 8 57 75 
2 4 5 44 59 
2 4 44 45 59 
2 38 44 45 59 
9 10 52 70 71 
25 26 27 53 66 
26 27 53 72 82 
28 29 54 60 72 
24 25 26 40 66 
11 12 55 63 70 
13 14 15 37 143 
22 23 24 40 66 
29 30 50 56 146 
30 31 50 56 146 
30 31 32 50 87 
29 30 50 56 146 
33 34 35 47 61 
33 34 35 47 61 
33 34 35 47 61 
8 9 57 71 75 
7 8 9 57 75 
7 8 9 57 75 
1 2 38 45 59 
1 2 38 45 59 
1 2 35 45 59 
21 46 51 62 66 
21 22 40 46 66 
39 40 46 53 66 
20 21 46 51 62 
39 43 46 51 62 
32 33 47 50 61 
32 33 47 50 61 
32 33 47 50 64 
41 47 50 56 64 
32 47 50 56 64 
30 31 32 47 50 
30 31 32 47 50 
42 48 55 58 63 
13 37 42 58 63 
14 16 37 58 63 
16 17 37 58 63 
19 20 21 46 51 
20 21 46 51 62 
9 10 52 70 71 
10 11 52 70 71 
25 26 27 53 147 
25 26 27 53 72 
26 27 28 60 72 
27 28 29 60 72 
28 29 30 56 60 
23 24 25 40 118 
24 25 26 40 118 
24 25 26 40 53 
24 25 40 53 66 
11 12 13 55 63 
11 12 13 55 63 
12 13 14 37 63 
10 11 12 55 70 
11 12 13 55 63 
13 37 55 58 63 
13 14 37 58 63 
12 13 37 63 130 
11 12 13 55 63 
10 11 12 55 70 
12 13 14 37 63 
12 13 37 55 63 
11 12 13 55 63 
12 42 55 63 68 
12 55 63 68 70 
13 14 37 58 63 
12 37 55 58 63 
42 55 58 63 67 
12 42 55 58 63 
37 42 55 58 63 
42 55 63 67 68 
10 11 55 68 70 
13 37 42 58 63 
11 12 55 68 70 
29 30 50 56 146 
29 30 56 60 146 
30 47 50 56 64 
30 31 50 56 146 
8 9 57 71 139 
8 9 10 57 71 
8 9 57 71 75 
8 9 57 71 75 
1 2 45 59 86 
38 44 45 59 86 
2 38 44 45 59 
2 38 44 45 59 
1 2 38 45 59 
39 40 46 62 66 
21 22 40 46 66 
39 46 62 66 77 
39 40 46 62 66 
39 46 51 62 66 
43 46 49 51 62 
32 41 47 50 64 
32 47 50 56 64 
47 50 56 64 65 
32 47 50 56 64 
47 50 56 64 65 
41 47 50 56 64 
30 47 50 56 64 
41 47 64 65 69 
30 50 56 64 65 
30 47 50 56 64 
41 47 50 64 65 
30 50 56 64 65 
29 30 50 56 64 
54 56 64 65 69 
29 30 50 56 64 
50 56 64 65 69 
47 50 56 64 65 
41 50 56 64 65 
50 56 60 64 65 
41 50 56 64 65 
41 56 64 65 69 
30 50 56 64 65 
30 31 32 50 56 
42 48 58 63 67 
9 10 70 71 142 
9 10 11 70 71 
25 26 27 53 147 
26 27 28 53 72 
26 27 39 53 72 
26 27 28 72 147 
27 28 29 60 72 
27 28 29 60 172 
28 29 56 60 172 
25 26 40 53 66 
23 24 25 40 66 
39 40 46 53 66 
39 40 46 53 66 
22 24 40 46 66 
39 40 46 53 66 
39 40 46 53 66 
39 40 46 53 66 
10 11 12 70 142 
10 11 55 68 70 
10 11 70 71 142 
42 55 58 63 67 
42 48 55 58 63 
36 42 67 68 73 
42 55 63 67 68 
42 55 67 68 73 
36 42 55 67 68 
42 55 58 67 73 
42 55 67 68 70 
42 55 67 68 73 
42 55 67 68 70 
36 52 68 70 80 
11 55 67 68 70 
52 55 67 68 70 
52 55 67 68 70 
36 52 67 68 80 
36 55 67 68 70 
36 55 67 68 73 
42 55 67 68 73 
36 52 67 68 80 
36 52 68 80 83 
36 52 68 70 80 
52 68 70 71 80 
10 52 68 70 71 
52 55 68 70 80 
52 68 70 71 80 
37 42 48 58 63 
42 55 63 67 68 
11 12 55 68 70 
28 29 30 56 146 
29 30 50 56 60 
28 29 30 56 60 
8 9 57 71 139 
9 10 57 71 139 
8 9 57 71 75 
8 9 57 71 75 
39 46 51 62 66 
20 21 46 51 62 
30 32 47 50 56 
41 47 50 61 64 
41 47 50 61 64 
41 47 50 64 65 
54 56 64 65 69 
50 56 64 65 69 
65 69 81 84 86 
9 10 52 70 71 
10 11 52 70 71 
10 52 68 70 71 
52 57 70 71 80 
10 52 68 70 71 
26 27 28 53 72 
26 27 28 53 72 
25 26 39 53 72 
25 26 27 53 72 
39 53 72 77 82 
27 28 29 60 172 
27 28 29 60 72 
28 29 30 60 172 
28 29 54 56 60 
25 26 40 53 66 
25 26 40 53 66 
25 26 40 53 66 
26 39 40 53 66 
39 40 46 53 66 
24 25 40 53 66 
22 24 40 46 66 
10 11 55 68 70 
10 11 52 68 70 
10 52 55 68 70 
10 52 68 70 71 
10 11 55 68 70 
42 43 48 67 73 
11 12 55 68 70 
52 55 67 68 70 
29 30 50 56 60 
29 50 56 60 65 
28 29 30 56 60 
28 29 30 56 60 
9 10 52 57 71 
9 52 57 71 74 
9 52 57 70 71 
9 52 57 70 71 
9 10 52 57 71 
8 9 57 71 75 
50 56 64 65 69 
54 60 65 69 84 
41 64 65 69 86 
26 27 39 53 72 
26 27 39 53 72 
39 53 66 72 77 
27 28 29 60 72 
28 29 54 60 72 
54 60 72 77 82 
27 28 29 60 72 
27 28 60 72 82 
27 28 60 72 82 
53 60 72 77 82 
28 29 56 60 72 
29 54 56 60 82 
36 42 67 68 73 
42 48 58 67 73 
36 43 67 73 79 
42 48 58 67 73 
36 67 68 73 79 
36 42 67 68 73 
36 42 67 73 79 
43 49 67 73 79 
36 43 67 73 79 
36 43 67 73 79 
42 43 49 67 73 
42 48 49 67 73 
42 48 49 58 73 
18 19 42 48 49 
18 43 48 49 51 
43 49 51 62 73 
42 43 48 49 73 
43 48 49 51 73 
29 30 56 60 65 
29 54 56 60 65 
29 54 56 60 65 
54 56 60 64 65 
29 30 50 56 60 
9 52 57 71 74 
38 57 74 83 85 
57 71 74 75 83 
52 57 71 74 75 
52 57 71 74 83 
52 57 71 74 83 
52 57 71 74 83 
52 57 71 74 83 
52 71 74 80 83 
52 57 71 74 83 
57 71 74 75 83 
38 44 57 74 75 
38 44 57 74 75 
44 57 71 74 75 
52 57 71 80 83 
38 44 59 74 75 
38 44 59 74 75 
38 44 59 74 75 
38 44 57 74 75 
38 44 74 75 81 
44 57 71 74 75 
8 44 57 71 75 
38 44 59 74 75 
44 57 71 74 75 
8 57 71 74 75 
8 44 57 74 75 
44 57 71 74 75 
8 44 57 74 75 
6 8 44 57 75 
9 10 52 57 71 
54 56 65 69 84 
41 56 64 65 69 
26 39 53 66 72 
39 53 72 77 82 
39 53 66 72 77 
39 53 66 72 77 
39 46 53 66 77 
39 53 72 77 82 
39 53 72 77 82 
39 46 62 66 77 
76 77 78 79 82 
39 76 77 79 82 
39 72 76 77 82 
28 54 60 72 82 
28 54 60 72 82 
28 54 60 72 82 
28 54 60 72 82 
28 54 60 72 82 
28 54 56 60 82 
27 53 72 77 82 
36 67 68 73 79 
36 73 76 78 79 
36 67 73 76 79 
36 43 67 73 79 
36 73 78 79 80 
36 73 76 78 79 
76 78 80 84 85 
36 76 78 79 80 
36 76 78 80 83 
36 76 78 79 80 
36 67 68 73 80 
36 67 68 73 79 
18 42 48 49 58 
42 43 48 49 73 
43 49 62 73 79 
42 43 48 49 73 
42 43 48 49 73 
42 43 48 49 73 
52 70 71 80 83 
52 68 71 80 83 
38 44 57 74 75 
38 57 74 75 83 
38 74 81 83 85 
38 44 57 74 75 
38 57 74 81 83 
38 44 45 59 74 
38 44 57 74 75 
54 65 69 84 85 
54 64 65 69 84 
54 64 65 69 84 
54 56 60 65 84 
54 56 60 65 82 
54 60 65 82 84 
54 56 60 65 82 
39 53 72 77 82 
54 72 76 77 82 
39 43 62 77 79 
39 46 62 66 77 
39 53 62 66 77 
36 43 62 73 79 
43 49 62 73 79 
36 43 67 73 79 
36 43 67 73 79 
36 43 73 76 79 
36 43 73 76 79 
43 62 73 77 79 
36 76 77 78 79 
43 62 73 76 79 
43 49 62 73 79 
43 73 76 77 79 
36 73 76 78 79 
43 62 76 77 79 
43 62 76 77 79 
76 78 79 80 84 
36 67 78 79 80 
36 52 78 80 83 
36 52 67 68 80 
36 52 68 80 83 
36 52 78 80 83 
36 67 68 78 80 
36 67 68 73 80 
36 52 78 80 83 
36 76 78 79 80 
36 76 78 80 84 
36 55 67 68 73 
52 70 71 80 83 
52 68 71 80 83 
52 71 74 80 83 
38 44 45 74 81 
38 44 74 75 81 
38 69 81 85 86 
38 74 81 85 86 
38 45 74 81 86 
38 74 81 85 86 
38 44 59 74 75 
38 44 57 74 75 
54 56 60 64 65 
54 56 60 65 84 
54 60 65 82 84 
54 60 65 82 84 
54 60 65 82 84 
39 53 72 77 82 
39 53 72 77 82 
54 60 72 77 82 
54 72 76 77 82 
39 72 76 77 82 
54 60 72 77 82 
54 76 77 78 82 
39 72 76 77 82 
54 72 76 77 82 
54 72 76 77 82 
76 77 78 79 82 
54 60 76 77 82 
54 60 72 77 82 
54 60 72 77 82 
76 77 78 79 82 
54 60 72 77 82 
43 76 77 78 79 
39 76 77 79 82 
39 76 77 79 82 
39 43 62 77 82 
39 76 77 79 82 
39 43 46 62 77 
39 43 62 77 79 
43 51 62 73 79 
39 43 46 51 62 
39 46 62 66 77 
39 43 46 51 62 
43 49 67 73 79 
36 76 78 79 84 
36 76 77 78 79 
76 78 79 80 84 
36 52 68 80 83 
36 52 68 80 83 
52 74 80 83 85 
52 74 80 83 85 
36 78 80 83 85 
36 52 80 83 85 
36 52 80 83 85 
52 74 80 83 85 
74 80 81 83 85 
52 74 80 83 85 
52 74 80 83 85 
38 74 81 83 85 
36 78 80 83 85 
78 80 83 84 85 
78 80 83 84 85 
36 78 80 84 85 
76 78 80 84 85 
52 71 74 80 83 
74 80 81 83 85 
74 78 80 83 85 
78 80 83 84 85 
78 80 83 84 85 
54 69 78 84 85 
74 80 81 83 85 
74 80 81 83 85 
74 81 83 84 85 
74 80 81 83 85 
69 78 81 84 85 
78 80 81 83 85 
78 81 83 84 85 
38 74 81 83 85 
78 80 83 84 85 
54 76 78 84 85 
78 81 83 84 85 
69 81 84 85 86 
38 74 81 83 85 
76 78 80 84 85 
76 78 79 84 85 
69 81 83 84 85 
54 76 78 82 84 
54 76 78 84 85 
69 78 81 84 85 
38 69 81 85 86 
76 77 78 82 84 
54 76 78 82 84 
54 76 78 82 84 
65 69 81 84 85 
69 81 84 85 86 
38 74 81 83 85 
54 76 78 82 84 
69 81 84 85 86 
69 81 84 85 86 
69 81 84 85 86 
38 74 81 85 86 
69 78 81 84 85 
69 78 81 84 85 
65 69 78 84 85 
38 74 81 83 85 
69 78 81 84 85 
54 65 69 84 85 
65 69 81 84 86 
54 65 69 78 84 
54 60 65 69 84 
64 65 69 84 86 
54 65 69 78 84 
54 65 69 78 84 
54 65 69 82 84 
54 65 78 82 84 
36 52 67 68 80 
52 71 74 80 83 
54 60 65 82 84 
54 60 72 77 82 
39 62 76 77 79 
43 62 73 77 79 
43 49 51 62 73 
43 49 51 62 73 
19 43 49 51 62 
38 74 81 83 85 
38 57 74 83 85 
74 80 81 83 85 
52 78 80 83 85 
78 80 83 84 85 
54 76 77 82 84 
54 60 76 82 84 
54 76 78 82 84 
54 76 78 82 84 
54 76 78 82 84 
65 69 81 85 86 
65 69 81 84 86 
43 49 51 62 73 
43 46 49 51 62 
43 49 51 62 73 
43 46 49 51 62 
33 34 35 47 61 
1 35 41 47 61 
1 35 41 45 61 
1 35 41 47 61 
35 41 47 61 64 
1 34 35 41 61 
33 35 41 47 61 
33 41 47 61 64 
35 41 47 61 64 
33 34 35 47 61 
33 35 41 47 61 
41 47 61 64 86 
35 41 47 61 64 
35 41 47 61 64 
41 47 61 64 86 
41 47 50 61 64 
41 47 50 61 64 
41 47 64 69 86 
41 47 50 61 64 
33 41 47 61 64 
41 64 69 81 86 
41 65 69 81 86 
41 47 64 65 69 
41 64 65 69 86 
41 47 64 69 86 
41 47 64 69 86 
41 64 69 81 86 
1 38 41 45 86 
41 45 64 69 86 
41 45 64 69 86 
38 45 69 81 86 
38 45 69 81 86 
38 45 74 81 86 
41 45 64 69 86 
1 35 41 45 86 
1 35 41 45 61 
1 35 41 45 86 
1 35 41 45 86 
1 35 41 45 86 
1 2 35 45 86 
1 38 41 45 86 
1 35 41 45 86 
41 45 64 69 86 
38 41 45 81 86 
35 41 45 64 86 
1 35 41 45 61 
1 35 41 45 61 
1 2 35 41 45 
1 2 45 59 86 
1 38 45 81 86 
1 38 45 59 86 
1 38 41 45 86 
38 41 45 81 86 
41 45 69 81 86 
1 35 41 45 61 
1 38 41 45 86 
41 45 69 81 86 
38 45 69 81 86 
38 45 69 81 86 
38 69 81 85 86 
41 45 69 81 86 
38 45 69 81 86 
38 44 45 59 86 
38 45 59 81 86 
38 45 59 81 86 
39 43 46 51 62 
41 64 65 69 86 
41 56 64 65 69 
41 64 65 69 86 
41 64 69 81 86 
41 64 69 81 86 
41 65 69 81 86 
41 64 65 69 86 
52 57 71 74 83 
39 40 46 53 66 
28 29 54 56 60 
38 41 45 81 86 
38 41 45 81 86 
38 41 45 81 86 
38 45 69 81 86 
38 69 81 85 86 
38 69 81 85 86 
31 87 93 98 100 
31 87 88 98 100 
31 87 88 98 100 
87 88 89 98 100 
87 88 89 90 98 
87 88 89 90 98 
87 88 89 90 98 
88 89 90 91 98 
89 90 91 98 103 
89 90 91 103 105 
89 90 91 92 103 
89 90 91 92 103 
90 91 92 99 103 
90 91 92 100 103 
88 91 92 100 103 
87 88 91 92 100 
87 88 89 92 100 
87 88 89 92 100 
31 87 93 100 146 
31 93 94 100 171 
93 94 101 134 171 
93 94 95 101 134 
94 95 101 104 134 
94 95 96 101 104 
94 95 96 104 136 
95 96 97 104 136 
95 96 97 104 136 
95 96 97 104 136 
95 96 97 104 136 
96 97 117 127 136 
95 96 97 104 117 
34 95 96 97 104 
34 35 96 97 104 
34 35 96 97 104 
34 96 97 102 104 
34 95 96 97 104 
34 95 96 97 104 
34 95 96 97 104 
34 95 96 97 104 
87 88 89 98 100 
32 87 89 98 105 
99 101 102 103 105 
87 88 93 100 101 
33 34 97 102 104 
95 96 97 101 104 
34 95 96 97 104 
95 96 97 104 136 
31 32 87 98 105 
32 98 99 102 105 
94 95 99 100 101 
33 34 99 102 105 
31 87 93 94 100 
34 61 97 102 104 
34 96 97 102 104 
33 34 61 97 102 
33 34 61 102 104 
94 95 96 101 104 
95 96 97 104 136 
31 32 50 87 98 
31 87 88 89 98 
31 32 87 88 98 
31 87 88 89 98 
31 32 87 98 105 
32 33 98 102 105 
93 94 95 101 104 
33 34 61 102 105 
31 87 93 94 100 
31 93 94 100 101 
34 35 61 97 104 
34 35 61 97 104 
33 34 61 97 102 
33 34 61 102 104 
94 95 96 104 136 
31 32 87 88 98 
32 33 61 102 105 
32 33 98 102 105 
32 33 61 102 105 
93 94 95 101 104 
94 95 96 101 104 
32 33 34 61 102 
31 93 94 100 101 
93 94 95 100 101 
33 34 99 102 104 
32 33 34 61 102 
94 95 96 101 104 
33 34 61 102 104 
33 34 99 102 104 
87 88 89 98 100 
87 88 89 98 105 
89 90 98 103 105 
90 91 99 103 105 
88 92 100 101 103 
34 95 96 97 104 
34 95 96 97 104 
34 96 97 102 104 
34 95 96 97 104 
34 96 97 102 104 
34 95 96 97 104 
95 96 97 101 104 
95 96 97 104 136 
31 87 88 93 100 
31 87 88 98 100 
87 88 89 90 98 
31 32 87 98 105 
89 90 98 99 105 
32 33 98 102 105 
32 89 98 99 105 
32 33 98 102 105 
87 93 94 100 101 
92 99 100 101 103 
92 93 94 100 101 
87 88 92 100 101 
32 33 50 98 105 
32 33 99 102 105 
94 95 96 101 104 
94 95 99 101 104 
93 94 99 100 101 
93 94 99 100 101 
31 93 94 100 101 
33 34 97 102 104 
33 34 97 102 104 
34 97 99 102 104 
87 88 89 90 98 
88 89 90 98 105 
87 88 89 98 105 
87 88 89 98 105 
89 90 98 103 105 
89 90 91 103 105 
89 90 98 103 105 
88 89 90 98 105 
89 90 98 103 105 
90 91 92 99 103 
88 91 92 100 103 
87 88 92 100 101 
91 92 99 100 103 
92 99 100 101 103 
95 96 97 101 104 
95 96 97 101 104 
31 87 88 93 100 
31 87 88 93 100 
31 87 88 92 100 
31 87 88 92 100 
87 88 92 100 101 
31 87 88 92 100 
90 98 99 103 105 
89 90 98 103 105 
89 90 98 103 105 
98 99 102 103 105 
90 91 99 103 105 
90 91 99 103 105 
32 33 99 102 105 
32 33 99 102 105 
94 95 96 101 104 
95 99 101 102 104 
94 95 99 101 104 
95 96 99 101 104 
95 99 101 102 104 
94 95 99 101 104 
34 95 99 102 104 
94 95 99 101 104 
94 95 99 101 104 
93 94 95 100 101 
94 99 100 101 103 
93 94 95 100 101 
33 34 97 102 104 
89 90 91 103 105 
89 90 91 103 105 
89 90 91 92 103 
89 90 98 103 105 
90 91 92 99 103 
87 88 91 92 100 
88 91 92 100 103 
91 92 99 100 103 
91 92 100 101 103 
90 91 99 103 105 
98 99 102 103 105 
94 99 100 101 103 
93 94 99 100 101 
99 101 102 103 105 
95 99 101 102 104 
90 91 92 99 103 
90 91 92 99 103 
91 99 101 103 105 
92 99 100 101 103 
91 99 101 103 105 
91 92 99 101 103 
99 101 102 103 105 
90 91 92 99 103 
90 91 99 103 105 
90 91 99 103 105 
90 98 99 103 105 
98 99 102 103 105 
98 99 102 103 105 
90 98 99 103 105 
98 99 102 103 105 
99 101 102 103 105 
94 99 100 101 103 
95 99 101 102 104 
99 100 101 102 103 
95 99 101 102 104 
92 99 100 101 103 
92 99 100 101 103 
91 92 99 100 103 
99 101 102 103 105 
99 101 102 103 105 
99 101 102 104 105 
99 101 102 103 105 
99 101 102 104 105 
99 101 102 104 105 
33 99 102 103 105 
99 101 102 104 105 
99 101 102 104 105 
33 99 102 104 105 
99 101 102 103 105 
33 99 102 104 105 
99 101 102 103 105 
33 99 102 104 105 
34 99 101 102 104 
33 99 102 104 105 
31 87 89 98 105 
32 33 99 102 105 
32 33 98 102 105 
95 99 101 102 104 
34 97 99 102 104 
23 24 106 107 118 
23 24 106 107 118 
23 24 106 107 118 
106 107 108 118 144 
106 107 108 118 144 
106 107 108 123 144 
107 108 109 123 144 
107 108 109 123 144 
107 108 109 123 144 
108 109 110 123 124 
108 109 110 123 124 
108 109 110 123 124 
109 110 111 122 124 
109 110 111 122 124 
109 110 111 122 148 
110 111 112 122 148 
110 111 112 122 143 
110 111 112 122 143 
14 15 111 112 143 
14 15 111 112 143 
14 15 16 112 143 
7 8 113 140 179 
7 113 114 140 182 
113 114 140 182 184 
113 114 115 182 184 
113 114 115 182 184 
114 115 116 138 184 
114 115 116 138 184 
115 116 138 178 184 
115 116 138 178 184 
115 116 117 138 178 
115 116 117 138 178 
115 116 117 127 138 
115 116 117 127 138 
96 116 117 127 138 
96 116 117 127 138 
96 116 117 127 136 
96 97 117 127 136 
23 24 40 106 118 
24 25 106 118 151 
119 132 149 166 170 
120 122 130 150 155 
13 14 15 112 143 
14 15 16 112 143 
13 14 15 112 143 
13 14 15 112 143 
23 24 106 107 118 
23 24 106 107 118 
107 118 144 145 151 
121 123 124 133 149 
110 111 120 122 148 
14 15 111 112 143 
23 24 106 107 118 
24 106 107 118 144 
107 108 118 123 144 
108 109 121 123 144 
109 121 124 133 148 
109 110 122 124 148 
110 111 112 122 148 
111 112 120 122 143 
111 112 120 122 143 
14 15 111 112 143 
107 108 118 123 144 
107 108 121 123 144 
108 109 121 123 144 
108 109 121 123 124 
109 110 122 124 148 
110 111 112 122 148 
110 111 112 122 143 
108 109 110 123 124 
109 110 123 124 148 
108 109 121 123 124 
108 109 110 123 124 
108 109 110 123 124 
109 110 122 124 148 
108 109 123 124 144 
109 110 122 124 148 
125 135 168 169 171 
126 127 136 154 157 
117 126 127 136 138 
116 117 127 136 138 
96 116 117 127 138 
96 117 127 136 138 
115 116 117 127 138 
96 116 117 127 138 
96 117 127 136 138 
96 97 117 127 136 
128 139 140 156 162 
24 25 26 118 151 
129 147 169 170 172 
12 13 120 130 155 
131 142 152 153 155 
13 14 15 130 143 
24 25 106 118 151 
24 25 106 118 151 
23 24 25 106 118 
24 25 40 118 151 
24 25 26 118 151 
24 25 106 118 151 
23 24 25 106 118 
106 107 118 144 151 
106 107 118 144 151 
106 107 108 118 144 
14 112 120 130 143 
121 123 144 145 149 
107 108 121 123 144 
107 108 109 123 144 
110 111 122 124 148 
110 111 122 124 148 
111 112 120 122 143 
111 112 120 122 143 
111 112 120 122 143 
111 112 120 122 148 
108 109 121 123 124 
108 109 121 123 144 
109 110 122 124 148 
110 122 124 133 148 
109 110 123 124 148 
109 110 122 124 148 
109 121 123 124 133 
121 123 124 133 149 
108 109 121 123 124 
109 121 123 124 133 
121 123 124 133 148 
119 132 133 150 153 
121 124 132 133 148 
121 124 132 133 148 
121 123 124 133 149 
108 121 123 144 149 
125 134 154 168 171 
93 125 135 146 171 
125 135 146 169 172 
96 126 127 136 154 
126 137 138 162 164 
115 116 117 127 138 
116 117 126 127 138 
115 116 117 127 138 
115 116 117 127 138 
115 116 117 127 138 
116 117 126 127 138 
115 116 117 127 138 
115 116 117 127 138 
96 97 117 127 136 
95 96 97 127 136 
9 128 139 140 156 
113 128 139 140 162 
141 145 147 151 170 
27 28 29 129 172 
12 13 14 130 155 
11 12 130 131 155 
10 11 131 142 152 
13 14 15 130 143 
13 14 15 130 143 
24 25 40 106 118 
107 108 118 144 145 
14 111 112 120 143 
14 15 112 130 143 
13 14 15 130 143 
13 14 120 130 143 
14 112 120 130 143 
120 122 130 143 155 
13 14 120 130 143 
13 120 130 143 155 
120 130 143 150 155 
13 120 130 143 155 
13 120 130 143 155 
12 13 120 130 155 
107 108 123 144 145 
107 118 123 144 145 
107 121 123 144 145 
141 144 145 149 151 
121 123 144 145 149 
107 118 144 145 151 
107 118 144 145 151 
107 118 144 145 151 
107 118 144 145 151 
108 109 121 123 144 
110 111 122 124 148 
110 111 120 122 148 
110 111 122 124 148 
109 110 122 124 148 
109 110 111 122 124 
112 120 122 130 143 
124 132 133 148 150 
121 124 132 133 148 
110 122 124 133 148 
119 121 132 133 149 
108 121 123 124 144 
121 123 144 145 149 
108 121 123 144 145 
121 123 144 145 149 
108 121 123 144 145 
93 94 95 134 171 
31 93 94 146 171 
30 125 135 146 171 
29 30 135 146 172 
95 96 127 136 154 
114 115 137 138 162 
115 116 127 137 138 
116 117 126 127 138 
116 117 126 127 138 
126 127 136 138 154 
117 126 127 136 138 
115 116 117 127 138 
115 116 117 127 138 
8 9 10 139 156 
8 9 128 139 140 
7 8 113 114 140 
26 27 129 141 147 
27 28 29 135 172 
12 13 14 130 155 
11 12 13 130 155 
13 14 37 130 143 
11 12 131 142 155 
10 11 70 131 142 
9 10 139 142 156 
107 108 123 144 145 
118 123 144 145 151 
118 144 145 149 151 
118 141 145 147 151 
118 141 144 145 151 
118 141 145 149 151 
25 118 141 145 151 
141 145 147 149 151 
118 141 145 149 151 
141 145 147 149 151 
110 122 124 133 148 
122 124 133 148 150 
122 124 133 148 150 
122 124 133 148 150 
122 124 133 148 150 
132 133 148 150 153 
124 132 133 148 150 
110 111 122 124 148 
111 112 120 122 143 
111 120 122 148 150 
120 122 133 148 150 
121 124 132 133 148 
124 132 133 148 150 
132 133 148 150 153 
121 124 132 133 149 
121 123 144 145 149 
119 121 141 145 149 
121 123 144 145 149 
121 123 144 145 149 
93 94 95 134 171 
93 94 134 146 171 
94 95 134 136 171 
93 94 101 134 171 
93 94 95 134 171 
31 93 94 146 171 
31 93 94 146 171 
30 31 93 146 171 
30 31 135 146 171 
29 30 135 146 172 
28 29 30 135 172 
29 30 135 146 172 
95 96 97 104 136 
94 95 96 136 154 
95 96 97 127 136 
114 115 137 138 184 
113 114 137 140 162 
114 115 116 138 184 
115 116 138 178 184 
114 115 137 138 184 
115 116 117 127 138 
115 116 117 127 138 
114 115 116 138 184 
115 116 127 137 138 
115 116 127 137 138 
115 126 127 137 138 
117 126 127 137 138 
117 126 127 136 138 
126 127 137 138 157 
115 116 127 137 138 
116 126 127 137 138 
116 117 126 127 138 
115 116 127 137 138 
115 116 127 137 138 
114 115 116 137 138 
116 126 127 137 138 
8 9 10 71 139 
8 9 128 139 140 
9 10 71 139 156 
7 8 9 139 140 
7 8 9 139 140 
7 8 113 114 140 
26 27 28 141 147 
27 28 29 60 172 
27 28 29 147 172 
11 12 13 130 155 
13 14 120 130 143 
13 14 120 130 143 
10 11 12 142 155 
9 10 11 70 142 
9 10 11 142 156 
10 11 131 142 155 
10 11 12 142 155 
10 11 12 131 142 
25 26 141 147 151 
24 25 26 118 151 
122 124 133 148 150 
124 132 133 148 150 
120 122 133 148 150 
120 122 148 150 155 
120 122 132 148 150 
120 122 130 148 150 
120 132 148 150 153 
120 122 130 148 150 
120 132 133 148 150 
120 122 132 148 150 
111 112 120 122 148 
111 120 122 148 150 
111 120 122 148 150 
124 132 133 148 150 
132 133 148 150 153 
132 133 148 150 153 
131 132 150 153 155 
131 132 148 150 153 
120 148 150 153 155 
131 132 150 153 159 
120 130 131 150 155 
131 132 133 150 153 
131 132 150 152 153 
120 130 131 150 155 
131 132 133 150 153 
131 132 133 150 153 
120 130 131 150 155 
120 122 130 148 150 
131 150 152 153 155 
132 133 148 150 153 
120 130 131 150 155 
120 130 131 150 155 
120 122 148 150 155 
120 131 150 153 155 
119 132 133 148 150 
121 124 132 133 148 
121 123 124 133 149 
121 123 124 133 149 
121 124 133 148 149 
119 141 145 149 170 
121 123 144 145 149 
119 121 133 145 149 
141 144 145 149 151 
121 144 145 149 151 
121 123 144 145 149 
94 95 101 134 136 
94 95 134 136 154 
94 95 96 134 136 
94 95 134 136 154 
94 95 96 136 154 
94 95 134 136 154 
94 95 134 136 154 
95 96 126 136 154 
95 96 127 136 154 
95 96 127 136 154 
94 95 134 136 154 
30 31 50 93 146 
30 31 87 93 146 
30 93 135 146 171 
30 93 135 146 171 
28 29 30 135 172 
28 29 60 135 172 
28 29 129 135 172 
28 29 135 146 172 
28 29 129 135 172 
30 125 135 146 172 
29 30 135 146 171 
29 30 56 135 146 
94 95 96 104 136 
96 117 126 127 136 
96 126 127 136 154 
95 96 127 136 154 
95 96 117 127 136 
96 117 126 127 136 
95 96 117 127 136 
117 126 127 136 138 
96 126 127 136 154 
117 126 127 136 138 
117 126 127 136 138 
96 117 126 127 136 
117 126 127 136 138 
126 127 136 154 157 
95 96 97 104 136 
114 115 138 182 184 
113 114 115 137 184 
114 115 137 162 184 
114 115 137 162 184 
113 114 115 140 162 
113 114 128 140 162 
113 114 140 162 182 
7 113 114 140 162 
113 114 137 140 162 
114 115 137 138 184 
114 115 137 138 184 
117 126 127 137 138 
126 127 136 154 157 
126 137 138 157 164 
114 115 116 137 138 
8 9 57 71 139 
8 9 128 139 140 
8 9 128 139 156 
8 9 10 71 139 
9 10 139 142 156 
9 10 128 139 156 
7 8 9 139 140 
6 7 8 113 140 
8 9 128 139 140 
8 9 128 139 140 
8 9 128 139 140 
9 128 139 140 162 
26 27 28 53 147 
25 26 27 141 147 
27 28 129 147 172 
27 28 129 147 172 
27 28 129 147 172 
26 27 28 147 172 
12 13 120 130 155 
11 12 13 130 155 
13 14 120 130 143 
9 10 139 142 156 
10 11 131 142 156 
9 10 139 142 156 
10 131 142 152 156 
10 131 142 152 156 
11 131 142 152 155 
25 26 27 147 151 
24 25 26 147 151 
24 25 118 145 151 
24 25 118 145 151 
25 118 141 145 151 
26 141 145 147 151 
24 25 118 145 151 
26 141 145 147 151 
26 141 145 147 151 
25 26 118 141 151 
25 26 141 147 151 
26 27 141 147 151 
141 145 147 151 170 
120 130 143 150 155 
131 142 152 153 155 
131 142 152 153 155 
12 130 131 142 155 
131 150 152 153 155 
131 152 153 156 163 
131 150 152 153 159 
131 142 152 153 156 
131 132 150 152 153 
131 132 150 152 153 
131 142 152 153 155 
131 142 152 153 159 
131 152 153 159 163 
12 120 130 131 155 
119 121 124 132 133 
119 132 133 149 166 
119 121 132 133 149 
132 133 148 150 153 
119 121 124 133 149 
119 121 123 133 149 
119 121 145 149 170 
141 145 149 151 170 
141 145 149 151 170 
141 145 149 151 170 
121 123 124 133 149 
119 121 123 145 149 
126 134 136 154 157 
30 31 87 93 146 
125 135 146 169 171 
30 93 135 146 171 
30 31 93 146 171 
28 29 135 146 172 
129 135 146 169 172 
29 30 135 146 172 
29 129 135 169 172 
29 135 146 169 172 
29 30 135 146 172 
116 117 127 136 138 
117 126 127 136 154 
96 126 127 136 154 
126 134 136 154 157 
126 127 136 154 157 
126 127 137 138 157 
126 127 137 154 157 
8 9 10 139 156 
128 139 156 160 163 
9 128 139 140 156 
7 8 113 114 140 
7 8 113 139 140 
7 8 113 139 140 
113 128 139 140 162 
26 27 28 141 147 
11 12 130 131 155 
11 12 131 142 155 
9 10 139 142 156 
10 11 131 142 155 
26 27 141 147 151 
120 130 131 150 155 
120 130 131 150 155 
12 120 130 131 155 
139 142 152 156 163 
30 125 135 146 171 
30 125 135 146 171 
125 134 146 168 171 
125 134 135 146 171 
94 125 134 168 171 
125 134 146 168 171 
30 31 93 146 171 
126 127 136 154 157 
126 127 136 154 157 
95 126 134 136 154 
95 134 136 154 168 
126 134 136 154 157 
126 127 137 138 157 
126 137 138 162 164 
126 127 137 138 157 
126 154 157 167 168 
158 159 160 165 167 
152 153 158 159 163 
131 152 153 159 163 
131 152 153 159 163 
131 132 152 153 159 
126 127 137 157 164 
126 137 154 157 164 
126 137 154 157 164 
126 127 136 154 157 
126 127 136 154 157 
126 136 154 157 164 
126 134 136 154 157 
126 134 136 154 157 
126 134 154 157 168 
126 136 154 157 168 
126 136 154 157 168 
134 136 154 157 168 
126 134 154 157 168 
134 136 154 157 168 
134 136 154 168 171 
126 136 154 157 168 
94 134 154 168 171 
9 128 139 140 156 
128 139 152 156 163 
128 139 140 156 162 
128 139 140 156 162 
158 160 163 164 167 
128 156 160 163 164 
128 139 156 160 163 
128 139 160 162 164 
128 152 156 160 163 
128 139 156 160 162 
128 139 156 160 163 
11 12 131 142 155 
11 12 131 142 155 
30 125 135 146 171 
125 135 146 169 171 
125 135 146 169 172 
125 135 146 169 172 
125 129 135 169 172 
125 135 146 169 171 
125 135 146 169 171 
129 135 161 169 172 
125 135 168 169 171 
125 135 146 169 171 
125 129 135 169 172 
158 161 165 166 169 
125 161 165 168 169 
125 161 165 168 169 
125 129 135 161 169 
125 161 165 168 169 
125 135 161 168 169 
125 161 165 166 169 
126 127 136 154 157 
94 95 134 136 154 
126 137 138 157 164 
126 137 138 162 164 
126 127 137 138 164 
132 152 153 159 163 
119 132 153 159 166 
132 133 150 153 159 
132 133 150 153 159 
128 139 142 152 156 
128 160 162 163 164 
128 137 140 162 164 
113 128 139 140 162 
113 128 139 140 162 
113 114 128 140 162 
114 128 137 140 162 
113 114 128 140 162 
114 137 140 162 164 
114 128 137 140 162 
114 115 137 140 162 
113 114 137 140 162 
114 137 138 162 164 
114 115 137 138 162 
115 137 138 162 164 
128 139 152 156 163 
152 156 159 160 163 
142 152 156 159 163 
152 156 159 160 163 
158 159 160 163 167 
152 156 159 160 163 
131 152 156 159 163 
152 153 156 159 163 
131 142 152 156 163 
152 156 159 160 163 
152 156 159 160 163 
152 158 159 160 163 
152 153 158 159 163 
131 152 153 159 163 
152 158 159 160 163 
152 156 159 160 163 
132 152 153 159 166 
132 153 158 159 166 
119 132 133 153 166 
119 132 133 150 153 
119 132 133 153 166 
10 139 142 152 156 
10 139 142 152 156 
10 139 142 152 156 
131 142 152 156 163 
131 142 152 155 156 
11 131 142 152 155 
131 142 152 153 155 
10 131 142 152 156 
131 142 152 153 156 
131 142 152 153 156 
131 142 152 153 156 
9 10 139 142 156 
128 160 162 163 164 
137 160 162 164 167 
128 137 160 162 164 
128 140 160 162 164 
113 128 139 140 162 
128 137 140 162 164 
114 128 137 162 164 
126 137 160 162 164 
128 137 160 162 164 
126 137 138 162 164 
128 137 160 162 164 
128 137 160 162 164 
137 160 162 164 167 
128 137 160 162 164 
128 160 162 164 167 
114 115 137 138 162 
128 152 156 160 163 
128 160 163 164 167 
158 159 160 163 167 
158 160 164 165 167 
158 159 160 163 167 
158 160 163 164 167 
158 159 160 163 167 
158 159 160 163 167 
158 160 163 164 167 
158 159 160 163 167 
158 159 160 165 167 
158 159 160 163 167 
158 159 160 163 167 
153 158 159 163 166 
158 160 163 164 167 
157 160 164 165 167 
157 158 160 164 167 
158 161 165 167 168 
158 159 160 163 167 
153 158 159 163 166 
158 159 163 166 167 
158 159 161 165 166 
158 159 163 165 166 
158 159 165 166 167 
158 159 161 165 166 
158 161 165 166 167 
119 158 161 166 170 
158 159 161 165 167 
119 158 159 161 166 
158 160 161 165 167 
158 159 161 165 166 
132 153 158 159 166 
158 159 160 165 167 
158 160 164 165 167 
158 159 161 165 166 
158 161 165 166 167 
119 158 159 161 166 
158 159 161 165 166 
158 161 165 166 169 
119 158 161 165 166 
158 161 165 166 169 
119 158 161 166 170 
158 161 165 166 167 
119 129 161 166 170 
158 161 165 166 167 
119 129 161 166 170 
119 132 153 159 166 
158 160 164 165 167 
157 158 161 165 167 
158 161 165 166 169 
125 161 165 168 169 
119 132 153 159 166 
132 150 153 159 166 
132 150 152 153 159 
11 131 142 152 156 
131 142 152 156 163 
128 160 162 163 164 
128 139 140 160 162 
128 137 160 162 164 
126 137 157 162 164 
126 137 157 164 167 
137 157 160 164 167 
126 137 157 164 167 
126 137 154 157 164 
126 154 157 164 167 
126 154 157 164 167 
160 162 163 164 167 
128 137 160 162 164 
137 160 162 164 167 
137 157 160 164 167 
126 157 160 164 167 
157 158 160 164 167 
129 161 166 169 170 
158 161 165 167 168 
119 149 161 166 170 
157 158 161 165 167 
154 157 165 167 168 
125 134 161 165 168 
125 134 154 168 171 
125 134 146 168 171 
125 134 154 168 171 
125 134 165 168 169 
125 134 154 157 168 
125 134 154 168 171 
94 125 134 168 171 
93 94 134 168 171 
125 161 165 168 169 
125 134 165 168 171 
125 134 165 168 171 
125 134 168 169 171 
125 154 157 165 168 
125 134 154 168 171 
125 161 165 168 169 
125 158 161 165 168 
125 134 168 169 171 
119 132 153 159 166 
119 132 159 161 166 
119 132 161 166 170 
128 160 162 163 164 
125 129 161 166 169 
125 129 135 161 169 
129 161 166 169 170 
125 129 135 161 169 
125 129 135 161 169 
129 161 169 170 172 
129 161 166 169 170 
158 161 165 166 169 
129 161 166 169 170 
119 129 161 166 170 
129 161 169 170 172 
119 129 161 166 169 
129 135 169 170 172 
119 129 141 149 170 
119 129 141 169 170 
119 129 161 166 170 
157 158 165 167 168 
94 134 154 168 171 
94 95 134 154 171 
93 94 134 168 171 
93 125 134 146 171 
125 157 161 165 168 
134 154 157 165 168 
125 161 165 168 169 
158 161 165 167 168 
158 161 165 167 168 
119 132 161 166 170 
119 132 149 166 170 
119 132 133 149 166 
125 129 135 161 169 
119 141 149 166 170 
129 141 147 170 172 
27 28 129 147 172 
119 129 141 166 170 
119 129 161 169 170 
119 129 161 166 170 
157 158 161 165 167 
157 158 165 167 168 
93 94 134 146 171 
93 125 134 146 171 
93 125 134 168 171 
125 134 157 165 168 
125 161 165 168 169 
157 161 165 167 168 
134 154 157 165 168 
134 154 157 165 168 
126 134 154 157 168 
119 132 133 149 166 
119 121 132 133 149 
119 132 133 149 166 
119 132 133 149 166 
119 132 133 153 166 
119 132 133 153 166 
119 141 149 166 170 
119 129 149 166 170 
129 147 169 170 172 
129 147 169 170 172 
119 129 141 147 170 
129 141 147 170 172 
119 129 141 147 170 
129 141 147 151 170 
119 141 147 149 170 
129 141 147 170 172 
119 129 141 147 170 
141 145 147 149 170 
27 129 141 147 170 
27 129 141 147 170 
26 27 141 147 170 
26 27 141 147 151 
141 145 147 151 170 
119 129 141 166 170 
119 129 141 166 170 
119 129 141 149 170 
157 158 165 167 168 
157 158 160 165 167 
126 157 164 165 167 
126 154 157 164 167 
154 157 165 167 168 
126 154 157 164 167 
126 134 154 157 168 
119 132 133 166 170 
129 135 169 170 172 
28 129 135 169 172 
28 29 129 135 172 
28 129 147 170 172 
119 141 145 149 170 
119 141 145 149 170 
119 141 145 149 170 
119 141 149 166 170 
119 141 145 149 170 
119 121 149 166 170 
119 132 149 166 170 
129 135 169 170 172 
119 141 149 166 170 
119 141 145 149 170 
112 120 122 130 143 
111 112 120 122 143 
120 122 130 143 155 
154 157 165 167 168 
6 7 113 173 180 
7 173 174 179 180 
7 173 174 179 180 
173 174 177 179 180 
173 174 179 180 187 
173 174 175 180 187 
173 174 175 180 187 
174 175 176 180 187 
174 175 176 186 187 
175 176 177 186 187 
175 176 177 186 187 
175 176 177 185 186 
175 176 177 185 186 
176 177 179 185 186 
176 177 179 185 186 
173 176 177 179 185 
173 174 177 179 185 
173 174 177 179 185 
3 116 117 138 178 
3 115 116 117 178 
2 3 4 116 178 
2 3 4 116 178 
3 115 116 178 184 
3 4 115 116 178 
3 115 116 117 178 
3 115 116 117 178 
113 173 179 182 185 
7 173 174 179 180 
6 173 174 180 187 
181 182 183 184 186 
3 4 5 178 183 
3 115 116 178 184 
115 116 117 138 178 
115 116 138 178 184 
7 113 173 179 182 
114 179 182 184 185 
6 7 173 174 180 
6 7 173 174 180 
5 6 180 183 187 
4 5 181 183 187 
2 3 4 5 178 
2 3 4 116 178 
3 4 5 178 183 
2 3 4 116 178 
115 116 138 178 184 
115 116 138 178 184 
115 116 117 138 178 
7 113 140 179 182 
113 114 140 179 182 
114 115 181 182 184 
6 7 173 174 180 
6 7 173 174 180 
6 7 173 180 187 
5 6 7 180 183 
4 5 6 180 183 
5 6 7 173 180 
4 5 6 181 183 
2 3 4 5 178 
3 4 5 178 183 
3 4 5 178 183 
2 3 4 116 178 
115 116 138 178 184 
114 115 116 178 184 
113 114 140 179 182 
113 114 179 182 184 
4 5 6 180 183 
4 5 6 180 183 
4 5 6 59 183 
4 178 181 183 184 
114 115 178 181 184 
4 5 178 181 183 
114 115 116 178 184 
114 115 178 182 184 
3 4 5 178 183 
114 115 178 182 184 
173 174 177 179 180 
173 177 179 182 185 
173 174 177 179 185 
177 179 182 185 186 
173 174 175 180 187 
176 181 185 186 187 
3 115 116 178 184 
3 4 115 116 178 
3 4 115 116 178 
3 4 116 178 183 
4 115 178 183 184 
3 4 5 178 183 
3 4 115 178 184 
3 115 116 178 184 
2 3 4 116 178 
4 178 181 183 184 
3 4 5 178 183 
115 116 178 181 184 
115 178 181 183 184 
115 178 181 183 184 
115 178 181 183 184 
115 178 181 182 184 
181 182 184 185 186 
115 178 181 183 184 
114 115 181 182 184 
114 115 181 182 184 
178 181 182 183 184 
114 115 181 182 184 
115 178 181 182 184 
181 182 183 184 186 
178 181 183 184 186 
181 182 184 185 186 
178 181 182 183 184 
181 182 183 184 186 
181 182 184 185 186 
181 182 184 185 186 
181 182 185 186 187 
181 182 184 185 186 
179 181 182 185 186 
181 182 183 185 186 
181 182 184 185 186 
179 181 182 184 185 
180 181 183 186 187 
114 181 182 184 185 
181 183 184 186 187 
181 183 184 186 187 
175 181 183 186 187 
4 5 181 183 184 
180 181 183 186 187 
180 181 183 186 187 
180 181 183 186 187 
181 183 185 186 187 
5 181 183 186 187 
4 5 178 181 183 
4 5 178 181 183 
4 5 178 181 183 
5 180 181 183 187 
4 178 181 183 184 
4 5 178 181 183 
4 5 59 178 183 
5 180 181 183 187 
4 5 6 181 183 
5 6 180 183 187 
5 6 180 183 187 
4 5 178 181 183 
4 178 181 183 184 
7 113 173 174 179 
6 173 174 180 187 
173 174 175 180 187 
113 114 179 182 185 
177 179 182 184 185 
113 114 179 182 184 
113 173 179 182 185 
113 179 182 184 185 
113 114 179 182 184 
179 181 182 184 185 
6 173 174 180 187 
6 7 174 180 187 
6 174 180 183 187 
113 114 115 182 184 
173 174 177 179 185 
173 177 179 182 185 
173 174 177 179 185 
173 177 179 182 185 
7 113 173 179 182 
7 113 173 174 179 
176 177 179 185 186 
173 174 175 180 187 
173 174 175 180 187 
174 175 180 186 187 
175 176 185 186 187 
3 115 116 117 178 
4 5 6 181 183 
5 6 180 183 187 
180 181 183 186 187 
5 180 181 183 187 
180 181 183 186 187 
180 181 183 186 187 
7 113 173 179 180 
7 113 173 174 179 
6 7 173 174 180 
173 174 175 180 187 
173 174 175 180 187 
5 6 180 183 187 
113 114 115 182 184 
114 115 181 182 184 
114 115 178 182 184 
113 114 115 182 184 
114 179 181 182 184 
173 177 179 182 185 
173 177 179 182 185 
177 179 182 185 186 
176 177 179 185 186 
177 179 182 185 186 
176 177 179 185 186 
7 113 173 179 182 
7 173 174 179 180 
7 173 174 177 179 
176 177 181 185 186 
174 175 176 180 187 
175 176 180 186 187 
175 176 177 186 187 
175 176 181 186 187 
175 176 177 185 186 
176 177 179 185 186 
176 181 185 186 187 
176 181 185 186 187 
175 180 181 186 187 
175 176 181 186 187 
174 175 180 186 187 
174 175 180 186 187 
175 176 181 186 187 
175 176 181 186 187 
175 176 180 186 187 
176 177 181 185 186 
175 176 177 185 186 
174 175 180 186 187 
177 181 182 185 186 
176 177 182 185 186 
177 181 182 185 186 
175 176 181 186 187 
188 189 204 207 210 
188 189 204 207 213 
188 189 204 207 213 
188 189 204 207 213 
188 189 204 213 365 
190 191 211 213 295 
190 191 211 295 309 
191 192 219 309 312 
192 212 219 302 303 
192 193 212 220 303 
192 193 217 220 303 
194 217 218 275 293 
194 195 217 218 293 
194 195 217 218 293 
194 195 196 218 221 
195 196 218 221 225 
195 196 218 221 225 
195 196 197 218 221 
195 196 197 218 221 
195 196 197 218 221 
195 196 197 218 221 
195 196 197 218 221 
195 196 197 221 224 
195 196 197 221 224 
195 196 197 221 224 
196 197 198 199 224 
197 198 199 224 251 
198 199 214 228 258 
200 201 226 254 267 
200 201 226 254 267 
200 201 202 215 267 
201 202 215 216 256 
203 206 210 216 245 
188 189 204 207 213 
188 189 204 207 213 
188 204 205 207 213 
188 204 205 211 213 
204 205 207 208 222 
204 205 206 208 222 
188 204 207 208 210 
188 204 207 208 210 
188 204 207 208 210 
204 205 206 207 208 
204 205 206 207 208 
204 205 206 207 208 
202 206 208 215 216 
188 204 207 208 210 
188 204 205 207 208 
204 205 206 207 208 
204 205 206 207 208 
188 189 204 207 213 
188 189 204 205 213 
188 189 204 205 213 
188 189 204 205 213 
188 204 205 208 213 
204 205 208 211 222 
188 203 204 207 210 
188 204 207 208 210 
188 204 207 208 210 
188 204 205 207 208 
204 205 206 207 208 
188 204 205 208 213 
188 189 204 205 213 
188 189 204 207 213 
188 203 204 207 210 
188 204 207 208 210 
188 204 205 207 208 
188 204 207 208 210 
188 204 207 208 210 
188 204 205 207 208 
188 204 205 207 208 
188 204 205 207 208 
188 204 207 208 210 
188 204 207 208 210 
188 204 205 207 208 
204 205 206 208 222 
204 205 208 211 222 
188 189 204 205 213 
188 204 205 207 213 
188 189 204 207 213 
188 189 204 205 213 
188 204 205 208 213 
188 189 204 207 213 
190 204 205 211 213 
204 205 208 211 213 
190 204 205 211 213 
190 204 205 211 213 
204 205 206 208 222 
190 204 205 211 213 
188 190 204 205 213 
204 205 206 207 208 
204 205 206 207 208 
204 205 206 207 208 
205 206 208 216 222 
209 211 219 222 229 
188 189 204 205 213 
204 205 206 207 208 
188 189 204 207 210 
188 204 205 207 208 
188 204 207 208 210 
188 204 207 208 210 
188 204 205 207 208 
204 205 206 207 208 
204 205 206 207 208 
204 205 207 208 222 
188 204 205 208 213 
204 205 206 208 222 
188 204 205 207 213 
188 204 205 207 213 
188 189 204 205 213 
188 189 204 205 213 
188 203 210 231 368 
204 205 206 207 208 
188 204 205 207 208 
188 189 204 207 213 
188 189 204 207 213 
188 189 204 205 213 
204 205 208 211 222 
190 191 209 211 295 
188 189 204 205 213 
192 212 219 229 230 
197 198 199 224 251 
197 198 199 224 251 
196 197 198 221 224 
204 206 207 208 216 
204 205 206 207 208 
204 205 206 207 208 
204 205 206 207 208 
205 206 208 216 222 
195 196 218 221 225 
193 194 217 218 293 
188 189 204 213 274 
204 205 207 208 222 
204 205 208 211 222 
204 205 208 211 222 
189 190 204 213 290 
190 211 213 290 295 
203 210 231 245 368 
204 205 206 207 208 
188 204 205 207 213 
200 201 223 226 227 
202 206 208 215 216 
201 202 206 215 216 
197 198 199 224 228 
196 197 198 199 224 
195 196 197 221 224 
202 203 206 208 216 
202 203 206 208 216 
203 206 208 210 216 
205 206 207 208 216 
205 206 207 208 216 
205 206 207 208 216 
205 206 207 208 222 
205 206 208 216 222 
205 206 207 208 222 
205 206 208 216 222 
204 205 206 208 222 
204 205 206 207 208 
205 206 208 216 222 
195 196 218 221 225 
195 196 218 221 225 
194 217 218 275 293 
188 189 204 207 213 
189 213 274 364 365 
188 203 207 210 368 
190 211 213 290 295 
202 203 206 208 216 
197 198 199 224 251 
197 198 199 224 251 
196 197 198 221 224 
196 197 198 199 224 
195 196 197 221 224 
195 196 197 221 224 
203 206 207 208 216 
202 203 206 208 216 
205 206 207 208 216 
190 191 211 295 300 
192 212 219 220 303 
192 193 212 220 303 
199 214 227 228 258 
201 202 206 215 223 
205 206 207 208 216 
202 206 208 215 216 
202 206 208 215 216 
202 206 208 215 216 
201 202 206 215 216 
202 206 215 216 223 
202 203 206 216 256 
198 199 214 224 228 
198 199 224 228 251 
197 198 199 224 228 
195 196 197 218 221 
202 203 206 208 216 
195 196 218 221 225 
191 192 211 219 309 
195 196 218 221 225 
195 196 218 221 225 
193 194 217 220 293 
193 194 217 220 293 
188 189 204 205 213 
190 191 211 219 309 
192 193 212 220 303 
200 201 202 215 226 
200 201 202 215 267 
202 206 215 216 223 
202 206 215 216 223 
198 199 214 224 228 
197 198 199 224 228 
195 196 197 218 221 
193 217 220 293 303 
192 193 217 220 303 
194 195 217 218 221 
194 195 217 218 221 
195 217 218 221 225 
188 189 204 213 290 
190 191 209 211 295 
190 191 211 213 295 
191 192 212 219 309 
192 209 212 219 229 
192 193 212 220 303 
200 201 215 226 267 
200 201 214 226 227 
200 214 226 227 258 
199 214 224 228 258 
198 199 214 228 258 
201 202 215 223 226 
201 202 215 223 226 
201 202 206 215 223 
198 199 214 224 228 
195 196 197 218 221 
195 196 218 221 225 
195 196 218 221 225 
195 196 218 221 225 
193 217 220 225 303 
191 192 212 219 309 
191 192 212 219 309 
195 196 218 221 225 
195 196 218 221 225 
190 191 205 209 211 
190 204 205 211 222 
192 212 219 220 229 
193 212 217 220 225 
200 214 226 227 228 
195 196 197 221 224 
195 196 197 221 224 
195 196 197 221 224 
195 196 197 221 224 
195 196 197 221 224 
196 197 198 221 224 
196 197 198 199 224 
195 196 197 221 225 
195 196 218 221 225 
191 209 212 219 229 
195 196 218 221 225 
194 195 217 218 293 
190 191 209 211 295 
195 196 197 221 224 
196 197 198 199 224 
195 196 218 221 225 
195 196 221 224 225 
193 217 220 225 303 
195 196 218 221 225 
194 195 217 218 225 
194 217 218 220 225 
191 209 211 219 309 
191 209 211 219 309 
196 197 198 199 224 
195 196 221 224 225 
195 196 218 221 225 
195 196 218 221 225 
195 196 218 221 225 
195 196 218 221 225 
196 197 198 221 224 
195 196 221 224 225 
195 196 218 221 225 
195 217 218 221 225 
190 191 209 211 219 
195 196 221 224 225 
195 196 221 224 225 
195 196 218 221 225 
195 218 221 225 230 
195 218 221 225 230 
195 196 218 221 225 
193 217 218 220 225 
193 212 217 220 225 
193 217 218 220 225 
195 217 218 220 225 
195 217 218 221 225 
195 217 218 221 225 
204 205 208 211 222 
204 205 208 211 222 
205 206 209 222 223 
205 206 208 222 223 
190 191 205 211 295 
190 204 205 213 290 
190 204 205 211 213 
205 206 208 216 222 
206 208 215 216 222 
205 206 208 216 222 
205 206 208 222 223 
206 209 215 222 223 
206 208 215 216 222 
206 208 215 216 222 
202 206 215 216 222 
206 208 215 222 223 
206 208 215 222 223 
206 208 215 222 223 
206 208 215 222 223 
201 202 206 215 223 
202 206 215 222 223 
206 215 222 223 226 
209 215 222 223 226 
202 206 215 222 223 
206 215 222 223 226 
206 215 222 223 226 
206 215 222 223 226 
206 215 222 223 226 
206 215 222 223 226 
206 209 215 222 223 
206 215 222 223 226 
215 222 223 226 227 
205 206 209 222 223 
190 205 209 211 222 
190 191 209 211 222 
190 191 209 211 222 
190 205 209 211 222 
190 204 205 211 222 
209 211 219 222 229 
204 205 209 211 222 
190 204 205 211 222 
209 211 219 222 229 
204 205 208 211 222 
205 208 209 211 222 
204 205 208 211 222 
204 205 208 211 222 
205 206 208 209 222 
205 208 209 222 223 
205 206 208 209 222 
205 209 222 223 229 
205 209 211 222 223 
209 211 222 223 229 
209 211 222 223 229 
192 212 219 220 229 
192 193 212 219 220 
192 193 212 220 225 
192 193 217 220 303 
195 196 197 221 224 
195 196 197 221 224 
195 196 197 221 224 
195 196 197 221 224 
195 196 218 221 225 
195 196 221 224 225 
195 196 197 221 224 
193 194 217 218 220 
190 204 205 211 213 
209 211 212 219 229 
192 209 212 219 229 
191 209 211 219 229 
209 211 219 222 229 
209 211 219 222 229 
209 219 222 223 229 
209 211 219 222 229 
209 211 219 222 229 
209 219 222 223 229 
209 219 222 223 229 
209 211 219 222 229 
205 209 222 223 229 
205 209 211 222 223 
205 209 222 223 229 
205 206 209 222 223 
209 219 222 223 229 
209 219 222 223 229 
205 209 211 222 223 
205 206 209 222 223 
197 198 199 224 228 
197 198 221 224 228 
195 220 221 225 230 
195 220 221 225 230 
195 220 221 225 230 
217 220 221 225 230 
193 217 220 225 230 
212 220 221 225 230 
195 196 221 225 230 
212 220 221 225 230 
212 220 221 225 230 
212 220 221 225 230 
195 220 221 225 230 
195 220 221 225 230 
195 220 221 225 230 
195 220 221 225 230 
220 221 225 228 230 
193 212 217 220 225 
212 220 221 225 230 
206 208 215 216 222 
206 208 215 222 223 
201 215 222 223 226 
215 222 223 226 227 
215 222 223 226 227 
209 222 223 226 229 
209 215 222 223 229 
206 209 222 223 229 
215 222 223 226 229 
206 209 222 223 229 
209 215 222 223 226 
209 222 223 226 229 
215 222 223 226 227 
215 223 226 227 229 
209 222 223 226 229 
206 209 222 223 229 
205 209 222 223 229 
205 209 222 223 229 
209 219 222 223 229 
205 206 208 222 223 
205 206 208 222 223 
200 201 214 226 227 
200 201 226 227 267 
200 215 223 226 227 
200 215 223 226 227 
200 215 223 226 227 
200 201 215 223 226 
200 201 215 223 226 
200 201 215 223 226 
201 202 215 223 226 
200 214 226 227 228 
200 215 223 226 227 
200 223 226 227 229 
200 214 223 226 227 
199 214 227 228 258 
199 214 224 227 228 
199 214 224 227 228 
197 198 199 224 228 
221 224 227 228 230 
199 214 224 227 228 
192 209 212 219 229 
209 212 219 229 230 
209 212 219 223 229 
209 211 212 219 229 
209 219 222 223 229 
209 212 219 223 229 
192 209 212 219 229 
192 209 212 219 229 
192 212 219 220 229 
192 209 212 219 229 
192 193 212 219 220 
192 212 219 220 230 
192 212 219 220 229 
212 220 225 229 230 
212 220 225 229 230 
192 212 219 229 230 
212 220 225 229 230 
209 211 219 222 229 
205 209 211 222 223 
197 198 199 224 228 
195 196 221 225 230 
195 196 221 225 230 
195 196 221 224 225 
195 196 221 224 225 
195 196 221 224 225 
195 196 221 224 225 
196 221 224 225 228 
195 196 221 224 225 
196 221 224 225 230 
195 196 221 224 225 
196 221 224 225 228 
196 197 221 224 225 
195 196 197 221 224 
196 197 198 221 224 
196 221 224 225 230 
196 221 224 225 228 
195 196 197 221 224 
212 220 225 227 230 
200 201 215 223 226 
215 222 223 226 227 
215 223 226 227 229 
215 223 226 227 229 
215 222 223 226 227 
200 223 226 227 229 
215 223 226 227 229 
200 223 226 227 229 
206 209 222 223 229 
209 219 222 223 229 
209 222 223 226 229 
209 223 226 227 229 
209 223 226 227 229 
209 223 226 227 229 
209 223 226 227 229 
209 223 226 227 229 
209 215 222 223 229 
209 222 223 226 229 
209 219 222 223 229 
204 205 206 208 222 
204 205 206 208 222 
204 205 206 208 222 
200 214 226 227 258 
200 214 223 226 227 
200 214 226 227 228 
200 214 226 227 258 
200 214 226 227 228 
200 214 226 227 228 
200 214 226 227 228 
214 226 227 228 258 
214 226 227 228 230 
214 226 227 228 230 
214 226 227 228 230 
214 226 227 228 230 
221 224 227 228 230 
214 224 227 228 230 
214 224 227 228 230 
214 225 227 228 230 
214 224 227 228 230 
221 224 227 228 230 
224 225 227 228 230 
224 225 227 228 230 
199 214 224 227 228 
214 224 227 228 230 
199 214 224 227 228 
221 224 227 228 230 
214 221 224 228 230 
214 224 227 228 230 
212 220 225 229 230 
212 220 225 229 230 
212 220 225 229 230 
212 220 225 227 230 
212 220 225 227 230 
212 220 225 227 230 
212 225 227 229 230 
212 225 227 229 230 
209 212 219 229 230 
209 212 219 229 230 
209 212 219 229 230 
209 212 219 229 230 
196 197 198 221 224 
196 197 221 224 228 
196 197 221 224 228 
196 221 224 225 230 
221 224 225 228 230 
196 221 224 225 230 
221 224 225 228 230 
195 221 224 225 230 
196 221 224 225 230 
196 221 224 225 230 
221 224 225 228 230 
221 224 225 228 230 
221 224 225 228 230 
221 224 225 228 230 
221 224 225 228 230 
221 224 227 228 230 
193 212 220 225 230 
220 221 225 228 230 
195 220 221 225 230 
221 225 227 228 230 
212 221 225 227 230 
221 225 227 228 230 
221 225 227 228 230 
212 225 227 228 230 
212 225 227 228 230 
212 225 227 228 230 
221 225 227 228 230 
221 224 225 228 230 
221 225 227 228 230 
195 220 221 225 230 
195 220 221 225 230 
195 220 221 225 230 
200 223 226 227 229 
200 223 226 227 229 
200 214 223 226 227 
214 226 227 228 230 
214 226 227 229 230 
214 223 226 227 228 
214 226 227 228 230 
223 226 227 229 230 
223 226 227 229 230 
214 226 227 228 230 
214 223 226 227 229 
209 223 226 227 229 
214 226 227 228 230 
214 226 227 228 230 
214 226 227 228 230 
214 226 227 228 230 
223 226 227 229 230 
225 226 227 228 230 
214 226 227 228 230 
212 225 227 229 230 
212 226 227 229 230 
212 226 227 229 230 
212 226 227 229 230 
212 225 227 229 230 
223 226 227 229 230 
212 225 227 229 230 
196 197 221 224 228 
221 224 225 228 230 
196 197 221 224 228 
192 212 219 220 230 
209 212 219 229 230 
209 212 219 229 230 
212 219 227 229 230 
209 212 223 229 230 
209 223 226 227 229 
209 212 219 223 229 
209 212 219 223 229 
209 212 223 227 229 
221 224 225 228 230 
192 212 220 225 230 
212 220 221 225 230 
212 220 221 225 230 
212 220 221 225 230 
212 220 221 225 230 
193 212 220 225 230 
221 224 225 228 230 
209 223 226 227 229 
209 223 226 227 229 
223 226 227 229 230 
223 226 227 229 230 
209 222 223 226 229 
212 225 227 229 230 
223 226 227 229 230 
212 219 227 229 230 
212 223 227 229 230 
210 231 232 245 368 
231 232 245 250 368 
231 232 233 245 250 
231 232 233 245 250 
232 233 234 250 342 
232 233 234 342 367 
232 233 234 342 367 
233 234 243 252 342 
234 235 243 244 252 
235 236 244 252 257 
235 236 237 257 259 
236 237 259 260 261 
237 238 260 261 349 
238 239 261 349 358 
238 239 261 262 358 
238 239 262 336 358 
239 240 255 327 336 
240 241 253 255 268 
241 253 255 268 271 
241 253 255 268 271 
241 248 253 268 271 
241 242 248 253 271 
242 248 251 253 271 
198 242 248 251 253 
198 242 248 251 253 
198 242 248 251 253 
231 232 233 245 250 
231 232 233 245 250 
232 233 243 245 250 
234 243 244 250 252 
243 244 246 250 252 
234 243 244 252 257 
235 243 244 252 257 
243 244 245 246 250 
243 244 246 250 264 
243 244 246 263 264 
231 232 245 246 250 
231 243 245 246 250 
231 243 245 246 250 
245 246 250 256 264 
244 245 246 256 264 
203 245 246 250 256 
210 231 232 245 368 
231 245 246 250 368 
231 245 246 250 256 
231 232 233 245 250 
232 233 243 245 250 
232 243 244 245 250 
243 244 245 246 250 
234 243 244 250 252 
243 244 246 250 264 
243 244 245 246 250 
232 243 245 246 250 
232 243 245 246 250 
232 233 243 245 250 
231 232 245 246 250 
231 232 245 250 368 
231 232 245 250 368 
231 232 245 250 368 
231 232 245 250 368 
234 243 244 246 250 
243 244 246 250 252 
243 244 246 257 264 
243 244 245 246 250 
232 233 243 245 250 
232 243 244 245 250 
231 232 245 246 250 
231 232 245 246 250 
231 232 245 250 368 
210 231 232 245 368 
231 232 245 250 368 
231 232 245 246 250 
231 232 245 246 250 
231 232 245 246 250 
243 244 246 263 264 
243 244 246 250 264 
243 244 245 246 250 
231 232 233 245 250 
203 231 245 246 250 
243 244 246 252 264 
243 244 252 257 264 
243 244 246 250 264 
231 232 245 250 368 
234 243 244 250 252 
234 243 244 245 250 
243 245 246 250 264 
239 240 255 327 336 
239 240 255 268 336 
239 240 255 268 336 
247 259 260 263 269 
232 233 243 245 250 
248 251 253 266 271 
197 198 199 224 251 
245 246 249 256 264 
201 249 256 264 267 
231 245 246 250 256 
231 245 246 250 256 
232 243 245 246 250 
232 233 243 245 250 
231 232 233 245 250 
232 233 243 245 250 
232 233 243 245 250 
231 232 233 245 250 
231 232 245 246 250 
210 231 232 245 368 
232 233 234 243 250 
232 243 244 245 250 
231 232 245 246 250 
231 232 245 250 368 
231 232 245 246 250 
243 244 246 250 264 
243 244 246 250 264 
203 231 245 246 250 
244 245 246 256 264 
198 199 242 248 251 
245 246 249 256 264 
245 246 250 256 264 
231 243 245 246 250 
231 245 246 250 256 
231 245 246 250 256 
231 245 246 250 256 
203 245 246 250 256 
233 234 243 244 252 
234 235 244 252 257 
232 243 245 246 250 
231 232 233 245 250 
203 210 216 231 245 
233 234 243 250 342 
231 232 245 246 250 
243 244 246 250 264 
203 245 246 250 256 
234 243 244 252 257 
234 235 243 244 252 
239 240 255 268 336 
239 240 241 255 268 
232 233 234 243 250 
232 233 234 250 342 
231 232 233 245 250 
232 233 245 250 342 
232 233 243 245 250 
232 233 243 245 250 
241 242 248 253 271 
198 199 251 258 266 
198 199 242 248 251 
197 198 199 242 251 
244 245 246 256 264 
245 246 249 256 264 
203 245 246 256 264 
201 202 249 256 267 
200 254 258 267 269 
202 203 206 216 256 
203 245 246 249 256 
245 246 250 256 264 
245 246 249 256 264 
245 246 250 256 264 
245 246 250 256 264 
202 203 216 245 256 
235 236 244 252 257 
239 240 255 262 268 
238 239 261 262 268 
238 239 255 262 268 
239 240 255 262 268 
240 241 255 262 268 
241 253 255 268 271 
236 237 257 259 260 
232 233 234 243 250 
198 199 224 228 251 
199 214 254 258 266 
198 242 248 251 253 
198 199 224 242 251 
201 202 215 216 256 
202 216 246 249 256 
203 216 245 246 256 
202 203 216 249 256 
235 243 244 252 257 
238 239 262 268 358 
239 240 255 262 336 
240 241 255 262 268 
240 241 255 262 268 
241 253 255 268 271 
241 253 255 268 271 
241 242 248 253 271 
199 200 214 254 258 
199 214 228 254 258 
237 238 259 260 261 
236 237 259 260 261 
235 244 252 257 259 
235 236 257 259 260 
236 237 257 259 260 
235 236 237 257 259 
198 199 228 251 258 
198 199 214 251 258 
199 214 228 251 258 
242 248 251 253 271 
198 199 242 248 251 
197 198 199 224 251 
200 201 215 249 267 
202 216 246 249 256 
202 216 246 249 256 
202 246 249 256 264 
202 246 249 256 264 
202 246 249 256 264 
239 240 255 262 268 
239 240 255 262 358 
238 239 255 262 268 
241 253 255 262 268 
241 253 255 268 271 
241 253 255 268 271 
199 200 214 254 258 
199 214 254 258 266 
237 238 261 349 358 
236 237 257 259 260 
242 248 251 253 271 
242 248 251 253 271 
242 248 251 253 271 
198 199 224 228 251 
199 214 228 258 266 
199 214 251 258 266 
242 248 251 253 271 
200 201 202 249 267 
200 214 254 258 267 
201 202 249 256 267 
235 236 244 252 257 
238 239 261 262 358 
236 237 257 259 260 
237 247 259 260 261 
236 237 259 260 261 
236 237 259 260 261 
247 259 260 261 263 
247 259 260 261 263 
237 238 259 260 261 
237 238 259 260 261 
198 199 214 251 258 
198 199 242 248 251 
198 199 242 248 251 
201 202 249 256 267 
201 202 249 256 267 
200 214 254 258 267 
200 214 254 258 267 
202 249 256 264 267 
201 202 249 256 267 
241 248 253 268 271 
240 241 255 262 268 
241 253 255 268 271 
241 242 248 253 271 
241 242 248 253 271 
237 238 260 261 262 
247 257 259 260 263 
237 238 260 261 262 
241 242 248 253 271 
198 199 242 248 251 
242 248 251 253 266 
199 214 254 258 266 
199 248 251 258 266 
198 199 251 258 266 
200 201 254 267 269 
200 214 254 258 266 
238 239 255 262 268 
239 240 255 262 268 
241 242 248 253 271 
241 242 248 253 271 
247 257 259 260 263 
236 247 257 259 263 
236 247 257 259 263 
247 257 259 260 263 
247 257 259 260 263 
238 239 261 262 358 
242 248 251 253 271 
199 242 248 251 266 
242 248 251 253 266 
247 257 259 260 263 
247 257 259 260 263 
242 248 251 253 266 
247 259 260 261 263 
247 259 260 261 265 
247 257 259 263 264 
247 257 259 260 263 
247 257 259 263 264 
247 259 260 263 270 
244 246 257 263 264 
243 244 257 263 264 
243 244 246 263 264 
243 244 246 257 264 
243 244 257 263 264 
243 244 257 263 264 
247 257 259 263 264 
247 249 259 263 264 
243 244 246 263 264 
243 244 246 263 264 
247 257 259 263 264 
244 247 257 263 264 
244 247 257 263 264 
244 247 257 259 263 
247 257 259 263 264 
247 259 260 263 264 
247 259 260 263 264 
243 244 246 256 264 
244 247 257 263 264 
244 247 257 263 264 
247 249 263 264 269 
247 249 263 264 269 
247 263 267 269 270 
247 249 263 264 269 
247 249 263 264 269 
247 249 263 264 269 
246 249 256 263 264 
243 244 257 263 264 
243 244 257 263 264 
243 244 257 263 264 
244 247 249 263 264 
244 247 257 263 264 
247 249 263 264 269 
249 254 264 267 269 
247 259 260 263 270 
244 246 249 256 264 
247 260 263 269 270 
247 259 260 263 269 
244 246 249 256 264 
244 247 249 263 264 
246 247 249 263 264 
247 249 263 264 269 
246 249 256 263 264 
244 246 249 263 264 
243 244 246 263 264 
244 246 249 263 264 
247 260 263 269 270 
247 259 260 263 270 
247 259 260 269 270 
247 260 263 269 270 
247 260 263 269 270 
247 260 265 269 270 
249 256 264 267 269 
243 244 246 263 264 
244 246 249 263 264 
231 232 233 245 250 
232 233 243 245 250 
203 210 231 245 368 
233 234 243 244 252 
238 239 261 262 265 
238 261 262 265 268 
238 260 261 262 265 
238 260 261 262 265 
238 260 261 262 265 
238 260 261 262 265 
238 239 261 262 265 
239 261 262 265 268 
261 262 265 268 270 
238 261 262 265 268 
239 255 262 265 268 
238 259 260 261 265 
260 261 262 265 270 
238 260 261 262 265 
247 259 260 261 265 
238 259 260 261 265 
242 248 251 253 271 
198 242 248 251 253 
198 199 242 248 251 
198 242 248 251 253 
242 248 251 253 271 
242 248 253 266 271 
242 248 251 253 271 
242 248 251 253 271 
242 248 251 253 271 
198 242 248 251 253 
198 242 248 251 266 
242 248 251 253 271 
242 248 251 253 271 
237 247 259 260 261 
200 254 258 267 269 
200 254 258 267 269 
199 214 254 258 266 
199 214 254 258 266 
200 214 254 258 266 
214 254 258 266 269 
214 254 258 266 269 
199 214 254 258 266 
199 248 254 258 266 
248 254 258 266 271 
248 254 258 266 270 
241 253 255 262 268 
199 248 251 258 266 
199 248 251 258 266 
242 248 251 266 271 
248 251 258 266 271 
199 248 251 258 266 
199 248 251 258 266 
199 248 254 258 266 
199 248 251 258 266 
248 251 258 266 271 
199 248 251 266 271 
248 251 253 266 271 
248 251 253 266 271 
248 251 253 266 271 
248 251 253 266 271 
248 251 253 266 271 
248 253 266 270 271 
248 253 266 270 271 
248 251 253 266 271 
198 242 248 251 253 
200 201 249 267 269 
239 240 255 262 268 
241 255 262 265 268 
239 255 262 265 268 
242 248 251 253 271 
235 244 257 263 264 
243 244 257 263 264 
243 244 257 263 264 
239 255 262 265 268 
201 249 264 267 269 
201 249 256 267 269 
201 202 249 256 267 
201 249 256 267 269 
245 246 249 256 264 
246 249 256 263 264 
245 246 249 256 264 
246 249 256 263 264 
202 246 249 256 264 
245 246 249 256 264 
202 246 249 256 264 
249 263 264 267 269 
246 247 249 263 264 
246 249 256 264 267 
262 265 268 270 271 
262 265 268 270 271 
262 265 268 270 271 
262 265 268 270 271 
253 262 265 268 271 
260 261 262 265 268 
260 261 262 265 270 
241 253 255 268 271 
241 253 255 268 271 
241 248 253 268 271 
241 253 255 268 271 
241 253 255 268 271 
241 253 255 268 271 
200 201 254 267 269 
200 249 254 267 269 
200 249 254 267 269 
200 254 258 267 269 
200 201 254 267 269 
247 249 254 267 269 
249 254 267 269 270 
247 254 267 269 270 
247 254 267 269 270 
247 254 267 269 270 
247 263 267 269 270 
247 254 267 269 270 
247 254 263 269 270 
247 263 267 269 270 
247 254 267 269 270 
247 254 267 269 270 
200 254 258 267 269 
247 254 267 269 270 
200 254 267 269 270 
247 254 267 269 270 
254 266 267 269 270 
254 258 266 269 270 
254 266 269 270 271 
247 265 266 269 270 
247 254 265 269 270 
247 254 265 269 270 
254 266 269 270 271 
247 254 265 269 270 
200 254 267 269 270 
200 249 254 267 269 
265 266 269 270 271 
265 266 269 270 271 
254 258 267 269 270 
254 266 269 270 271 
254 266 269 270 271 
265 266 269 270 271 
265 266 269 270 271 
248 265 266 270 271 
265 266 269 270 271 
248 265 266 270 271 
248 265 266 270 271 
248 253 266 270 271 
248 253 266 270 271 
248 253 265 270 271 
248 251 253 266 271 
200 201 249 267 269 
200 201 249 267 269 
241 253 265 268 271 
241 253 265 268 271 
241 248 253 268 271 
241 255 262 268 271 
241 253 265 268 271 
241 242 248 253 271 
241 248 253 266 271 
241 242 248 253 271 
241 248 253 265 271 
241 248 253 268 271 
242 248 253 266 271 
242 248 253 266 271 
248 251 253 266 271 
248 251 253 266 271 
242 248 253 266 271 
248 253 265 266 271 
241 253 265 268 271 
241 248 253 266 271 
248 253 265 266 271 
247 259 260 261 265 
247 260 261 265 270 
247 259 260 265 270 
247 260 265 269 270 
247 260 265 269 270 
247 260 265 269 270 
201 249 264 267 269 
249 256 263 264 267 
246 249 256 264 267 
246 249 256 263 264 
244 246 249 256 264 
246 249 256 263 264 
249 256 263 264 267 
246 249 256 264 267 
261 262 265 268 271 
260 265 268 270 271 
260 261 265 270 271 
247 260 261 265 270 
247 260 261 265 270 
247 260 261 265 270 
260 261 265 270 271 
247 260 265 270 271 
247 260 261 265 270 
247 260 261 265 270 
247 260 261 265 270 
255 262 265 268 271 
262 265 268 270 271 
253 262 265 268 271 
253 262 265 268 271 
241 255 262 265 268 
262 265 268 270 271 
241 253 265 268 271 
262 265 268 270 271 
248 253 265 268 271 
253 262 265 268 271 
253 262 265 268 271 
253 262 265 268 271 
253 262 265 268 271 
262 265 268 270 271 
260 265 266 270 271 
265 266 269 270 271 
260 265 268 270 271 
253 265 268 270 271 
253 265 266 270 271 
265 266 269 270 271 
241 248 253 268 271 
200 249 254 267 269 
200 249 254 267 269 
200 249 254 267 269 
247 249 254 267 269 
200 254 267 269 270 
254 258 266 269 270 
254 258 266 269 270 
214 254 258 266 269 
254 258 266 267 269 
254 258 266 269 270 
254 258 266 269 270 
254 258 266 269 270 
254 258 266 269 270 
254 258 266 269 270 
254 258 266 269 270 
200 254 258 267 269 
254 258 267 269 270 
254 258 266 269 270 
254 258 266 269 270 
254 258 266 269 270 
248 254 266 270 271 
248 254 258 266 270 
254 258 266 270 271 
248 254 258 266 270 
254 258 266 269 270 
254 258 266 269 270 
254 258 266 269 270 
254 258 267 269 270 
254 258 267 269 270 
248 251 266 270 271 
248 253 266 270 271 
248 251 253 266 271 
241 253 255 268 271 
241 253 265 268 271 
248 253 265 270 271 
248 253 265 266 271 
247 260 265 269 270 
247 254 265 269 270 
201 249 254 267 269 
200 201 249 267 269 
201 249 264 267 269 
202 249 256 264 267 
246 249 256 264 267 
201 249 256 264 267 
202 249 256 264 267 
202 249 256 264 267 
201 249 264 267 269 
249 263 264 267 269 
247 249 264 267 269 
247 249 254 267 269 
247 249 264 267 269 
241 262 265 268 271 
262 265 268 270 271 
272 273 284 287 369 
272 273 285 287 364 
272 273 285 287 364 
273 274 285 287 364 
273 274 285 287 364 
273 274 285 364 365 
194 275 276 293 305 
275 276 293 305 306 
275 276 277 306 308 
276 277 306 307 308 
276 277 278 306 307 
276 277 278 306 307 
276 277 278 306 307 
277 278 306 307 322 
277 278 279 307 322 
277 278 279 307 322 
277 278 279 311 322 
277 278 279 310 322 
279 280 281 310 322 
279 280 281 329 347 
280 281 299 310 347 
281 299 310 346 351 
282 298 301 343 348 
283 289 298 330 343 
272 284 289 325 369 
273 274 285 287 364 
273 274 285 287 364 
273 274 285 286 287 
285 286 287 288 290 
285 286 287 288 290 
285 286 290 295 300 
285 286 287 288 290 
285 286 287 288 300 
272 273 285 287 364 
272 273 285 287 288 
273 285 287 288 289 
285 287 288 296 315 
285 287 288 296 315 
285 287 288 289 296 
285 287 288 289 296 
287 288 289 296 315 
288 289 296 304 315 
272 273 284 287 369 
272 273 285 287 288 
272 273 287 288 289 
272 287 288 289 296 
287 288 289 296 315 
273 274 285 287 364 
273 274 285 287 364 
273 274 285 286 287 
273 285 286 288 290 
285 286 288 290 300 
285 286 288 290 300 
272 273 284 287 289 
285 286 287 288 290 
273 274 285 286 287 
285 286 287 288 315 
285 286 287 288 290 
273 274 285 287 364 
273 285 287 288 289 
273 285 287 288 289 
272 273 285 287 364 
287 288 289 296 315 
283 287 289 296 330 
285 286 288 315 316 
285 286 287 288 315 
273 285 287 288 289 
272 273 285 287 364 
273 274 285 287 364 
285 287 288 296 315 
273 285 287 288 289 
272 273 285 287 288 
272 273 285 287 364 
287 288 289 296 315 
285 287 288 289 296 
272 273 285 287 288 
285 287 288 289 296 
287 288 289 296 315 
272 273 285 287 288 
273 285 286 287 288 
287 288 289 296 315 
287 288 289 296 330 
285 286 290 295 300 
273 285 287 288 289 
273 274 285 287 288 
272 273 285 287 288 
283 288 289 296 315 
213 274 285 286 290 
213 274 285 286 290 
194 217 218 275 293 
291 319 320 321 324 
292 295 300 312 316 
189 213 274 364 365 
272 284 287 289 369 
272 284 287 325 369 
272 284 287 289 369 
285 286 288 290 300 
273 285 286 287 290 
285 286 288 290 300 
285 286 288 290 300 
273 285 286 287 290 
273 274 285 287 364 
273 274 285 287 364 
273 274 285 287 364 
273 274 285 287 364 
213 274 290 364 365 
273 285 286 288 290 
285 286 288 290 300 
273 274 285 287 364 
272 273 284 285 287 
287 288 289 296 315 
283 284 289 296 330 
272 273 287 288 289 
272 273 285 287 288 
272 273 285 287 288 
272 273 285 287 288 
272 273 284 285 287 
272 273 284 287 364 
287 288 289 296 315 
285 287 288 289 296 
285 287 288 289 296 
273 274 285 286 290 
194 217 275 293 305 
276 305 306 307 308 
294 301 304 313 323 
190 191 292 295 300 
273 285 286 287 290 
273 274 285 287 364 
289 296 298 304 315 
272 283 284 289 330 
272 273 284 287 289 
272 285 287 288 289 
273 274 285 364 365 
213 274 285 290 365 
189 213 274 290 365 
285 286 288 300 316 
285 286 288 300 316 
286 292 295 300 316 
272 287 288 289 296 
190 213 274 286 290 
194 217 275 293 305 
194 275 276 293 305 
277 278 306 307 317 
191 292 295 309 312 
191 219 292 309 312 
277 278 279 311 322 
297 299 310 313 323 
279 280 281 310 322 
278 279 310 311 322 
279 280 281 310 347 
282 298 301 304 348 
279 280 281 310 322 
272 284 287 289 330 
190 213 286 290 295 
273 274 285 364 365 
285 286 288 300 316 
283 289 296 298 330 
283 289 296 298 343 
213 274 285 286 290 
194 217 275 293 305 
192 193 302 303 314 
193 293 303 305 314 
191 192 219 302 309 
277 278 279 311 322 
280 281 297 299 310 
297 299 310 311 323 
282 283 296 298 343 
190 286 290 295 300 
213 274 285 290 365 
283 289 296 298 330 
213 274 285 286 290 
190 213 286 290 295 
193 194 217 293 305 
192 193 220 302 303 
275 276 277 306 308 
282 298 301 344 348 
192 219 302 309 312 
277 278 279 311 322 
281 297 299 310 346 
297 299 313 346 348 
282 296 298 301 304 
282 298 301 343 348 
282 283 289 296 298 
286 290 295 300 316 
286 292 295 300 316 
286 290 292 295 300 
190 286 290 295 300 
286 292 295 300 316 
286 292 295 300 316 
286 292 295 300 316 
286 292 295 300 316 
292 295 300 316 324 
190 191 211 295 300 
193 194 217 293 305 
275 276 293 305 306 
193 217 293 303 305 
276 277 306 307 308 
276 277 278 306 307 
276 277 278 306 307 
277 278 279 307 322 
190 191 211 295 309 
277 278 279 311 322 
277 278 279 311 322 
279 280 281 299 310 
278 279 280 310 322 
282 294 301 304 313 
285 286 288 300 316 
286 292 295 300 316 
286 292 295 300 316 
190 286 292 295 300 
193 217 220 303 314 
277 278 306 307 322 
277 278 306 307 322 
276 277 278 306 307 
277 278 307 311 322 
191 192 219 309 312 
297 299 313 323 346 
285 286 288 300 316 
190 191 292 295 309 
191 292 295 309 312 
191 292 295 300 312 
275 276 293 305 306 
275 276 293 305 306 
302 303 312 318 321 
192 193 302 303 314 
192 302 303 314 318 
277 278 279 307 322 
292 295 300 312 316 
292 295 300 312 316 
292 295 300 309 312 
275 276 293 305 306 
194 275 276 293 305 
192 302 303 314 318 
276 277 278 306 307 
294 296 301 304 315 
294 301 304 313 315 
282 298 301 304 315 
282 298 301 304 315 
282 294 301 304 315 
294 301 304 313 348 
294 301 304 313 348 
294 301 304 313 315 
294 301 304 313 315 
294 301 304 313 348 
291 294 313 320 323 
294 297 301 313 348 
291 294 301 304 313 
275 293 305 308 314 
275 276 293 305 306 
291 294 301 304 315 
291 294 304 320 324 
291 294 304 320 324 
291 294 301 304 313 
291 294 301 304 324 
194 217 275 293 305 
291 294 301 304 315 
291 304 315 316 324 
291 294 304 320 324 
193 217 293 303 305 
275 293 305 308 314 
293 303 305 308 314 
193 293 303 305 314 
276 305 306 308 314 
275 293 305 308 314 
275 293 305 308 314 
275 276 305 306 308 
276 305 306 308 314 
275 276 305 306 308 
275 293 305 306 308 
276 305 306 308 314 
293 305 306 308 314 
272 273 284 287 369 
272 273 285 287 364 
272 273 285 287 288 
289 296 298 304 315 
283 289 296 298 315 
283 289 296 298 315 
288 296 298 304 315 
282 296 298 304 315 
289 296 298 304 315 
288 289 296 304 315 
288 289 296 304 315 
288 289 296 304 315 
289 296 298 304 315 
296 298 301 304 315 
296 298 301 304 315 
288 296 298 304 315 
296 298 301 304 315 
296 298 301 304 315 
296 298 301 304 315 
296 298 301 304 315 
296 298 301 304 315 
288 289 296 304 315 
288 296 304 315 316 
294 301 304 313 315 
296 298 301 304 315 
296 298 301 304 315 
296 298 301 304 315 
294 301 304 315 324 
294 301 304 315 324 
291 294 301 304 315 
294 296 301 304 315 
294 301 304 315 324 
275 276 277 306 308 
275 276 277 305 306 
276 277 306 307 308 
276 277 306 307 308 
275 276 305 306 308 
276 277 306 307 317 
277 306 307 308 317 
276 277 306 307 308 
277 306 307 308 317 
276 305 306 307 308 
276 305 306 307 308 
305 306 307 308 314 
305 306 308 314 318 
305 306 307 308 314 
293 305 306 308 314 
305 306 307 308 314 
305 306 308 314 318 
192 302 303 309 312 
192 219 302 303 309 
191 292 295 309 312 
191 192 302 309 312 
281 297 299 310 311 
281 297 299 310 311 
297 310 311 322 323 
297 299 310 311 323 
297 299 310 311 323 
297 299 310 311 323 
292 295 300 316 324 
297 310 311 313 323 
297 299 311 313 323 
282 294 301 313 348 
292 302 309 312 321 
193 303 305 314 318 
302 303 305 314 318 
302 312 318 319 321 
192 302 303 312 318 
302 303 312 318 321 
292 302 309 312 321 
294 301 304 313 323 
294 297 301 313 348 
294 297 301 313 348 
294 297 301 313 323 
294 297 301 313 348 
291 294 320 321 324 
291 294 320 323 324 
193 302 303 314 318 
303 305 308 314 318 
293 303 305 308 314 
305 306 308 314 318 
305 308 314 318 319 
303 305 308 314 318 
305 308 314 318 319 
303 305 308 314 318 
287 288 289 296 315 
287 288 289 296 315 
288 289 296 304 315 
287 288 289 296 315 
288 296 304 315 316 
287 288 289 296 315 
286 288 300 315 316 
285 286 288 300 316 
286 288 292 300 316 
286 292 295 300 316 
286 292 295 300 316 
296 301 304 315 316 
288 296 304 315 316 
288 296 304 315 316 
288 296 304 315 316 
296 298 301 304 315 
296 301 304 315 324 
301 304 315 316 324 
286 288 300 315 316 
288 300 315 316 324 
296 301 304 315 324 
288 296 304 315 316 
292 300 315 316 324 
288 300 315 316 324 
288 296 304 315 316 
296 304 315 316 324 
288 296 304 315 316 
288 304 315 316 324 
288 296 300 315 316 
288 296 304 315 316 
288 304 315 316 324 
286 288 296 315 316 
286 288 300 315 316 
285 286 288 300 316 
277 306 307 308 317 
306 307 308 317 319 
276 305 306 307 308 
307 308 317 319 320 
308 314 317 318 319 
306 307 308 317 319 
277 306 307 308 317 
305 306 307 308 314 
307 308 317 319 320 
307 308 314 317 319 
277 278 306 307 317 
277 306 307 308 317 
305 308 314 318 319 
307 308 317 319 320 
307 308 317 319 320 
307 308 317 319 320 
307 317 319 320 323 
291 307 317 319 320 
303 308 314 318 319 
305 308 314 318 319 
302 308 314 318 319 
302 314 318 319 321 
302 303 314 318 319 
307 317 319 320 323 
302 303 314 318 319 
302 314 318 319 321 
307 308 317 319 320 
308 314 317 318 319 
314 317 318 319 321 
308 317 318 319 320 
308 314 317 318 319 
291 307 317 319 320 
291 317 318 319 320 
291 294 317 319 320 
291 307 317 319 320 
302 314 318 319 321 
302 312 318 319 321 
302 314 318 319 321 
302 312 318 321 324 
291 318 319 320 321 
291 317 319 320 321 
291 317 319 320 321 
291 317 318 319 320 
302 312 318 319 321 
291 318 319 320 321 
302 312 318 319 321 
302 312 318 319 321 
302 309 312 318 321 
302 312 318 321 324 
292 312 316 321 324 
292 302 309 312 321 
302 309 312 318 321 
192 302 309 312 321 
292 302 309 312 321 
292 302 309 312 321 
192 302 309 312 321 
292 302 309 312 321 
302 309 312 318 321 
192 219 302 309 312 
279 280 281 310 322 
279 280 281 299 310 
278 310 311 322 323 
297 310 311 313 323 
297 310 311 320 323 
278 279 310 311 322 
278 279 310 311 322 
278 279 310 311 322 
277 278 279 311 322 
278 307 310 311 322 
277 278 307 311 322 
279 310 311 322 323 
278 279 310 311 322 
278 310 311 322 323 
277 278 307 311 322 
294 297 299 313 323 
294 297 313 323 348 
294 297 311 313 323 
294 297 311 313 323 
294 297 311 313 323 
297 311 317 320 323 
297 310 311 313 323 
307 311 317 320 323 
307 311 317 320 323 
294 311 317 320 323 
294 297 311 313 323 
307 311 317 320 323 
291 294 313 320 323 
291 294 313 320 323 
307 311 317 320 323 
307 311 317 320 323 
307 311 317 320 323 
294 311 317 320 323 
297 311 317 320 323 
294 297 301 313 323 
294 297 311 313 323 
307 311 317 320 323 
294 297 311 313 323 
291 294 317 320 323 
294 297 311 320 323 
291 294 311 320 323 
294 311 317 320 323 
294 311 317 320 323 
307 311 317 320 323 
306 307 311 317 320 
306 307 308 317 319 
307 308 317 319 320 
306 307 317 319 320 
306 307 308 317 320 
307 311 317 322 323 
306 307 308 317 320 
277 306 307 308 317 
278 310 311 322 323 
278 307 311 322 323 
297 310 311 322 323 
307 311 317 322 323 
294 297 301 313 323 
291 304 315 316 324 
291 304 315 316 324 
291 292 316 321 324 
291 304 315 316 324 
291 304 315 316 324 
294 301 304 315 324 
291 294 301 304 324 
291 304 315 316 324 
291 304 315 316 324 
291 292 316 321 324 
301 304 315 316 324 
291 304 315 316 324 
291 304 315 316 324 
291 292 316 321 324 
291 292 316 321 324 
291 292 316 321 324 
291 292 300 316 324 
291 292 300 316 324 
292 295 300 316 324 
292 300 312 316 324 
292 300 312 316 324 
292 312 316 321 324 
292 312 316 321 324 
292 312 316 321 324 
292 302 312 321 324 
292 300 312 316 324 
292 302 312 321 324 
291 302 312 321 324 
292 295 300 316 324 
292 302 312 321 324 
291 292 312 321 324 
292 300 315 316 324 
292 295 300 316 324 
292 300 315 316 324 
286 292 300 316 324 
286 292 300 316 324 
291 312 320 321 324 
291 312 320 321 324 
291 316 320 321 324 
291 319 320 321 324 
291 312 316 321 324 
291 316 320 321 324 
291 294 320 321 324 
291 294 320 323 324 
291 312 319 321 324 
291 319 320 321 324 
291 317 319 320 321 
291 317 319 320 324 
291 319 320 321 324 
291 294 319 320 324 
275 276 305 306 308 
275 276 305 306 308 
275 276 305 306 308 
275 276 293 305 306 
275 276 305 306 308 
277 306 307 308 317 
191 292 309 312 321 
292 309 312 321 324 
279 280 310 311 322 
297 310 311 322 323 
297 310 311 322 323 
310 311 320 322 323 
278 307 310 311 322 
278 310 311 322 323 
278 307 311 317 322 
278 307 311 317 322 
278 307 311 317 322 
277 278 307 311 322 
277 306 307 317 320 
278 307 311 317 322 
277 278 306 307 317 
277 278 306 307 317 
277 278 307 317 322 
277 278 306 307 317 
276 277 278 306 307 
277 278 306 307 317 
277 278 306 307 322 
307 311 317 320 323 
291 294 320 323 324 
291 294 317 320 323 
291 294 317 320 323 
291 317 319 320 324 
292 309 312 321 324 
292 309 312 321 324 
292 309 312 321 324 
292 300 312 316 324 
277 278 307 311 322 
278 279 310 311 322 
291 307 317 319 320 
291 294 317 320 323 
291 317 319 320 323 
291 294 317 320 323 
291 294 317 320 324 
291 294 317 319 320 
276 277 278 306 307 
291 292 315 316 324 
272 284 325 366 369 
284 325 326 366 369 
325 326 333 366 369 
325 326 331 333 366 
325 326 331 333 366 
325 326 331 366 367 
326 331 342 366 367 
326 331 342 366 367 
326 331 342 366 367 
240 327 328 336 350 
327 328 336 350 352 
327 328 336 350 363 
327 328 329 350 363 
327 328 329 350 363 
327 328 329 350 363 
327 328 329 350 363 
328 329 347 350 363 
328 329 347 350 363 
280 328 329 347 363 
280 328 329 347 363 
279 280 281 329 347 
279 280 281 329 347 
283 289 330 333 334 
283 284 289 330 334 
272 284 325 366 369 
326 331 342 366 367 
326 331 333 342 367 
326 331 332 333 342 
326 331 332 333 335 
331 332 333 335 338 
234 331 332 335 338 
331 332 335 337 338 
331 332 333 335 338 
331 332 333 335 338 
325 326 331 333 366 
325 326 331 333 366 
325 331 333 334 335 
325 331 333 334 335 
330 333 334 335 341 
330 333 334 335 341 
283 330 333 334 341 
325 326 333 366 369 
325 326 331 333 334 
325 331 333 334 335 
330 333 334 335 341 
326 331 342 366 367 
326 331 342 366 367 
326 331 332 333 335 
331 332 333 335 338 
331 332 333 335 338 
325 326 331 333 334 
325 331 333 334 335 
325 331 333 334 335 
325 326 331 333 366 
325 326 331 333 366 
325 326 331 333 366 
331 332 333 335 338 
332 333 335 338 345 
326 331 332 333 342 
331 332 333 335 338 
326 331 332 333 342 
284 325 326 331 333 
284 325 333 366 369 
325 326 331 333 366 
330 333 334 335 341 
330 333 334 335 341 
330 333 334 335 341 
325 331 333 334 335 
325 326 331 333 366 
332 333 334 335 338 
331 332 333 335 338 
325 331 333 334 335 
326 331 333 334 335 
325 326 331 333 335 
326 331 333 334 335 
326 331 332 333 335 
326 331 333 335 342 
326 331 333 342 366 
233 326 331 342 367 
284 325 326 366 369 
283 330 333 334 341 
325 331 333 334 335 
284 330 333 334 341 
325 326 331 333 334 
333 334 335 341 345 
331 333 334 335 338 
325 331 333 334 335 
325 326 331 333 334 
331 332 333 335 338 
326 331 333 342 367 
272 284 325 333 369 
325 326 331 333 334 
325 326 331 333 366 
325 333 334 335 341 
333 334 335 338 345 
331 332 333 334 335 
331 333 334 335 338 
326 331 333 334 335 
326 331 342 366 367 
234 235 252 332 338 
326 331 332 342 367 
325 326 331 333 366 
327 336 350 352 358 
235 337 338 345 357 
232 233 234 342 367 
325 331 333 334 335 
325 333 334 335 341 
325 326 333 366 369 
326 331 332 333 335 
331 332 333 335 338 
331 332 333 335 338 
332 335 337 338 345 
331 332 333 335 338 
331 332 333 335 338 
326 331 332 333 335 
235 252 332 337 338 
326 331 332 333 335 
326 331 332 333 335 
326 331 342 366 367 
326 331 332 342 367 
326 331 333 342 367 
233 234 331 342 367 
325 326 331 333 366 
325 326 331 333 366 
325 326 331 333 334 
284 325 330 333 334 
333 334 335 341 345 
233 234 331 342 367 
279 280 281 329 347 
339 349 358 359 360 
340 343 344 355 356 
283 334 340 341 343 
283 298 334 341 343 
239 240 255 327 336 
326 331 332 333 335 
283 289 330 341 343 
330 333 334 335 341 
330 333 334 335 341 
284 325 330 333 369 
326 331 332 333 335 
233 326 331 342 367 
330 333 334 335 341 
283 330 333 334 341 
284 325 330 333 334 
233 234 331 342 367 
279 280 281 310 347 
282 283 340 341 343 
240 255 327 336 350 
284 325 330 333 334 
284 325 326 333 366 
331 332 333 335 338 
234 235 252 332 338 
234 252 331 332 342 
283 330 334 341 343 
280 328 329 347 363 
280 328 329 347 363 
328 329 347 350 363 
328 329 347 350 363 
282 340 344 354 355 
283 330 334 341 343 
283 289 296 298 343 
282 283 298 341 343 
327 328 336 350 352 
327 328 350 352 363 
239 240 255 327 336 
332 335 337 338 345 
337 338 345 357 362 
332 335 337 338 345 
332 333 335 338 345 
332 333 335 338 345 
233 234 331 342 367 
234 252 331 332 342 
280 328 329 347 363 
328 329 347 350 363 
281 299 346 347 351 
328 329 347 350 363 
327 328 336 350 352 
327 328 329 350 363 
235 236 237 259 260 
332 333 335 338 345 
332 333 335 338 345 
234 235 252 332 342 
234 326 331 332 342 
280 281 299 347 351 
299 346 348 351 354 
282 340 341 343 344 
236 237 238 259 349 
283 330 334 341 343 
283 298 334 341 343 
282 283 298 341 343 
283 298 340 341 343 
283 340 341 343 344 
327 328 336 350 352 
327 328 336 350 352 
240 327 328 336 350 
239 240 255 262 336 
239 240 255 336 358 
236 237 259 337 357 
235 236 237 259 260 
332 333 335 338 345 
332 335 337 338 345 
280 281 299 347 351 
280 281 329 347 351 
280 281 329 347 351 
299 344 346 348 354 
282 313 344 346 348 
282 301 313 346 348 
328 329 347 350 363 
238 239 261 349 358 
238 239 262 336 358 
282 298 343 344 348 
334 340 341 345 362 
240 327 328 336 350 
327 328 336 350 352 
327 328 336 350 352 
327 328 336 350 352 
327 328 336 350 352 
327 328 336 350 352 
235 236 237 259 337 
332 335 337 338 345 
344 346 348 354 355 
299 313 346 348 354 
238 339 349 358 360 
282 283 298 340 343 
334 340 341 343 345 
327 328 350 352 363 
328 350 352 361 363 
239 240 336 350 358 
235 236 252 257 337 
335 337 338 345 362 
335 337 338 345 362 
334 335 338 341 345 
335 337 338 345 357 
335 337 338 345 362 
333 334 335 341 345 
335 337 338 345 362 
335 337 338 345 362 
337 338 345 357 362 
332 335 337 338 345 
332 335 337 338 345 
333 334 335 341 345 
333 334 335 338 345 
333 334 335 338 345 
332 333 335 338 345 
332 335 337 338 345 
280 281 329 347 363 
299 346 351 353 354 
327 328 350 352 363 
327 328 329 350 363 
327 328 329 350 363 
328 329 347 350 363 
328 329 347 350 363 
328 329 350 361 363 
282 340 344 346 348 
282 340 341 343 344 
282 340 341 343 344 
330 333 334 341 345 
283 334 340 341 343 
332 335 337 338 345 
299 346 348 351 354 
346 347 351 353 354 
299 346 348 351 354 
297 299 346 351 354 
344 346 351 353 354 
344 346 348 354 355 
282 344 346 348 354 
282 340 343 344 348 
330 333 334 335 341 
333 334 335 341 345 
333 334 335 341 345 
283 334 341 343 345 
327 328 350 352 363 
327 328 336 350 352 
328 350 352 361 363 
327 336 350 352 358 
336 339 350 352 358 
327 328 336 350 352 
280 281 299 347 351 
281 299 346 347 351 
346 347 351 353 354 
333 334 335 341 345 
283 333 334 341 343 
283 333 334 341 343 
283 334 341 343 345 
334 340 341 343 345 
283 334 340 341 343 
334 340 341 343 345 
283 333 334 341 343 
333 334 335 341 345 
334 340 341 343 345 
327 328 336 350 352 
336 339 350 352 361 
336 350 352 361 363 
336 339 350 352 361 
346 347 351 353 354 
334 340 341 343 345 
334 340 341 343 345 
334 340 341 343 345 
333 334 335 341 345 
327 328 336 350 352 
339 350 352 359 361 
347 351 353 354 361 
281 347 351 353 363 
334 340 341 343 345 
335 338 341 345 362 
334 340 341 345 362 
334 335 340 341 345 
334 335 341 345 362 
333 334 335 338 345 
347 351 353 361 363 
339 350 352 361 363 
351 353 354 355 361 
346 351 353 354 355 
346 351 353 354 355 
346 351 353 354 361 
346 351 353 354 355 
351 353 354 355 361 
351 353 354 355 361 
346 351 353 354 355 
344 351 353 354 355 
344 353 354 355 356 
344 351 353 354 355 
344 353 354 355 356 
351 353 354 355 361 
344 346 351 353 354 
351 353 354 361 363 
344 346 353 354 355 
344 346 353 354 355 
344 353 354 355 356 
344 351 353 354 355 
340 344 354 355 356 
340 344 354 355 356 
344 353 354 355 356 
340 344 354 355 356 
344 351 353 354 355 
351 353 354 361 363 
351 353 354 361 363 
344 346 353 354 355 
344 353 354 355 356 
351 353 354 355 361 
340 344 353 354 355 
340 344 346 354 355 
340 344 354 355 356 
340 343 344 355 356 
344 353 354 355 356 
340 344 354 355 356 
340 344 346 354 355 
340 344 354 355 356 
340 343 344 354 355 
340 344 354 355 356 
340 344 355 356 362 
340 344 355 356 362 
340 344 355 356 362 
282 340 343 344 348 
340 355 356 359 362 
340 344 355 356 362 
340 344 354 355 356 
340 344 355 356 362 
340 344 355 356 362 
340 344 355 356 362 
340 343 344 355 356 
340 344 354 355 356 
340 344 355 356 362 
345 356 357 360 362 
340 345 355 356 362 
340 344 355 356 362 
340 343 344 355 356 
340 344 354 355 356 
340 344 355 356 362 
340 344 355 356 362 
340 344 355 356 362 
326 331 342 366 367 
325 326 331 333 366 
284 325 326 333 366 
331 332 333 335 338 
331 332 335 338 342 
331 332 335 337 338 
331 332 333 335 338 
328 329 347 350 363 
237 238 349 357 360 
237 238 261 349 358 
238 339 349 358 360 
235 252 332 337 338 
235 236 332 337 338 
235 236 252 337 338 
235 236 332 337 338 
235 332 337 338 357 
235 332 335 337 338 
332 335 337 338 345 
332 335 337 338 345 
332 335 337 338 345 
332 335 337 338 345 
332 335 337 338 345 
235 236 337 338 357 
332 335 337 338 345 
332 335 337 338 345 
332 335 337 338 345 
235 236 332 337 338 
332 337 338 345 357 
337 338 345 357 362 
235 236 237 337 357 
337 345 357 360 362 
337 338 345 357 362 
337 338 345 357 362 
337 338 345 357 362 
337 338 345 357 362 
337 338 345 357 362 
337 345 357 360 362 
337 338 345 357 362 
236 337 338 357 360 
234 235 252 332 338 
328 329 347 361 363 
328 329 347 350 363 
328 329 347 350 363 
328 329 347 361 363 
281 329 347 351 363 
333 334 335 341 345 
333 334 335 341 345 
333 334 335 341 345 
333 334 335 341 345 
337 338 345 357 362 
337 338 345 357 362 
340 341 345 356 362 
334 340 341 345 362 
334 340 341 345 362 
338 340 341 345 362 
335 338 341 345 362 
338 341 345 357 362 
337 338 345 357 362 
338 345 356 357 362 
239 240 336 339 358 
239 336 339 352 358 
238 239 339 349 358 
238 239 339 349 358 
238 239 339 349 358 
339 349 352 358 359 
238 339 349 352 358 
282 340 344 346 348 
327 336 350 352 361 
340 341 343 345 362 
340 341 343 344 362 
282 340 341 343 344 
340 343 344 355 356 
340 343 344 355 356 
335 338 341 345 362 
351 353 354 355 361 
351 353 354 355 361 
344 353 354 355 356 
344 353 354 355 356 
344 353 354 355 356 
351 353 354 355 361 
351 353 354 355 361 
353 354 355 361 363 
351 353 359 361 363 
353 354 355 359 361 
353 354 355 359 361 
353 354 355 359 361 
352 353 359 361 363 
339 356 359 360 361 
353 355 356 359 361 
344 353 354 355 356 
340 344 354 355 356 
340 353 355 356 359 
340 344 355 356 362 
355 356 359 360 362 
356 357 359 360 362 
353 354 355 356 359 
355 356 359 360 362 
353 355 356 359 360 
353 354 355 356 359 
353 355 356 359 361 
353 355 356 359 361 
339 356 359 360 361 
339 353 355 356 359 
349 357 359 360 362 
339 349 357 359 360 
356 357 359 360 362 
339 357 359 360 362 
339 356 357 359 360 
339 356 359 360 362 
340 344 354 355 356 
340 344 355 356 362 
234 252 331 332 342 
337 345 357 360 362 
337 338 345 357 362 
337 345 357 360 362 
237 337 349 357 360 
237 337 349 357 360 
337 345 357 360 362 
345 356 357 360 362 
337 345 357 360 362 
337 345 357 360 362 
334 340 341 345 362 
340 341 345 356 362 
340 341 345 356 362 
345 356 357 360 362 
345 356 357 360 362 
340 345 356 357 362 
339 349 358 359 360 
340 341 343 345 362 
340 341 343 345 362 
340 341 343 345 362 
340 341 343 356 362 
340 341 343 345 362 
340 341 343 345 362 
340 341 343 345 362 
340 341 343 345 362 
340 341 343 345 362 
340 341 345 356 362 
340 341 345 356 362 
340 345 355 356 362 
334 340 341 345 362 
340 341 345 356 362 
340 341 355 356 362 
340 345 355 356 362 
340 341 345 356 362 
336 339 350 352 361 
339 350 352 358 361 
336 339 352 358 359 
336 339 352 358 361 
336 339 350 352 361 
339 352 358 359 361 
339 349 352 358 359 
336 339 352 358 361 
350 352 353 361 363 
339 350 352 361 363 
339 350 352 359 361 
339 352 353 359 361 
339 350 352 361 363 
351 352 353 361 363 
352 353 359 361 363 
340 355 356 359 362 
355 356 357 360 362 
355 356 359 360 362 
339 349 357 359 360 
339 352 358 359 361 
339 352 358 359 361 
339 349 352 358 359 
339 349 356 359 360 
339 352 358 359 361 
339 356 358 359 360 
339 353 355 356 359 
339 349 357 359 360 
339 352 353 359 361 
339 349 358 359 360 
339 349 357 359 360 
339 349 358 359 360 
339 349 357 359 360 
339 349 358 359 360 
339 349 358 359 360 
339 349 358 359 360 
280 281 329 347 363 
237 339 349 357 360 
337 349 357 360 362 
337 356 357 360 362 
349 357 359 360 362 
345 356 357 360 362 
345 356 357 360 362 
356 357 359 360 362 
337 356 357 360 362 
356 357 359 360 362 
345 356 357 360 362 
337 345 356 357 362 
337 345 356 357 362 
340 345 356 357 362 
345 356 357 360 362 
356 357 359 360 362 
356 357 359 360 362 
356 357 359 360 362 
356 357 359 360 362 
340 341 343 345 362 
340 341 343 356 362 
340 344 355 356 362 
340 341 345 356 362 
350 352 353 361 363 
350 352 353 361 363 
328 329 350 361 363 
328 329 350 361 363 
328 329 350 361 363 
328 350 352 361 363 
328 329 350 361 363 
328 350 352 361 363 
328 350 352 361 363 
350 352 353 361 363 
328 350 352 361 363 
328 350 352 361 363 
328 329 347 361 363 
328 350 352 361 363 
328 329 347 361 363 
328 329 347 361 363 
350 352 353 361 363 
350 352 353 361 363 
350 352 353 361 363 
328 350 353 361 363 
350 352 353 361 363 
328 329 347 361 363 
328 329 347 361 363 
350 352 353 361 363 
350 351 353 361 363 
328 329 347 361 363 
347 351 353 361 363 
347 351 353 361 363 
328 329 347 361 363 
350 351 353 361 363 
347 351 353 361 363 
347 351 353 361 363 
281 347 351 353 363 
347 351 353 361 363 
347 351 353 361 363 
351 353 354 361 363 
347 351 353 361 363 
329 347 351 361 363 
347 351 353 361 363 
347 351 353 361 363 
351 353 354 361 363 
351 353 354 361 363 
351 353 354 361 363 
329 347 351 361 363 
329 347 351 361 363 
347 351 353 361 363 
347 351 353 361 363 
347 351 353 361 363 
328 350 352 361 363 
327 328 329 350 363 
328 329 347 351 363 
328 329 347 361 363 
351 352 353 361 363 
351 352 353 361 363 
351 352 353 361 363 
339 352 353 359 361 
272 284 325 366 369 
272 273 287 364 369 
272 273 274 287 364 
273 274 285 364 365 
273 274 285 364 365 
189 273 274 364 365 
189 273 274 364 365 
188 189 213 274 365 
188 189 204 213 365 
188 189 204 207 210 
188 189 204 207 210 
188 189 204 207 210 
203 210 231 245 368 
272 273 285 287 364 
272 273 284 287 369 
272 273 274 287 364 
272 284 287 325 369 
189 273 274 364 365 
273 274 285 364 365 
272 284 325 366 369 
272 284 287 325 369 
189 213 274 364 365 
272 273 287 364 369 
188 203 207 210 368 
188 204 207 210 368 
188 189 204 207 213 
273 274 285 364 365 
325 326 366 367 369 
325 326 331 366 367 
326 331 342 366 367 
326 331 342 366 367 
233 326 331 342 367 
232 233 326 342 367 
232 233 234 342 367 
232 233 250 342 367 
231 232 233 250 342 
231 232 233 245 250 
231 232 233 245 368 
231 232 245 250 368 
210 231 232 245 368 
203 210 231 245 368 
272 284 325 366 369 
232 233 234 342 367 
325 326 366 367 369 
284 325 326 366 369 
326 331 342 366 367 
231 232 233 250 342 
210 231 232 245 368 
272 284 325 366 369 
231 232 233 245 250 
231 232 233 250 368 
231 232 245 250 368 
231 232 233 245 250 
203 210 231 245 368 
232 233 234 250 342 
325 326 331 366 367 
233 326 331 342 367 
272 284 325 366 369 
