0
3
6
10
13
16
18
20
23
26
28
30
32
34
36
39
42
45
47
49
51
54
57
60
62
64
66
68
70
73
76
79
82
86
91
95
96
97
100
101
103
106
107
111
112
118
122
132
133
151
161
217
219
220
222
239
242
262
275
281
291
303
333
381
384
409
417
427
458
481
494
510
522
537
563
576
578
592
629
641
656
682
708
720
727
844
874
876
879
881
884
887
892
894
897
900
905
913
914
915
922
923
963
970
1065
1098
1101
1104
1107
1110
1113
1115
1119
1121
1124
1128
1131
1136
1137
1138
1146
1147
1152
1153
1174
1175
1176
1184
1186
1187
1188
1221
1222
1226
1228
1229
1230
1231
1241
1242
1243
1247
1253
1264
1267
1291
1305
1324
1339
1404
1527
1541
1544
1562
1595
1596
1612
1613
1614
1639
1659
1677
1695
1724
1756
1765
1786
1827
1841
1851
1877
1921
1939
1942
1945
1948
1951
1959
1963
1965
1966
1972
1976
1986
2015
2017
2141
2153
2157
2158
2159
2161
2163
2164
2167
2175
2178
2179
2180
2181
2183
2184
2185
2188
2190
2198
2200
2202
2247
2264
2271
2273
2288
2332
2333
2340
2350
2365
2371
2394
2412
2444
2464
2527
2531
2569
2576
2582
2588
2623
2771
2774
2775
2778
2780
2781
2782
2784
2786
2787
2788
2795
2800
2803
2807
2810
2860
2862
2865
2871
2885
2894
2912
2920
2929
2942
2957
2980
2995
2996
3019
3028
3056
3095
3117
3148
3170
3172
3213
3229
3271
3371
3373
3376
3377
3379
3382
3386
3389
3390
3391
3393
3394
3395
3398
3401
3405
3407
3434
3458
3461
3462
3493
3495
3496
3499
3517
3537
3549
3558
3576
3594
3595
3605
3630
3676
3680
3689
3694
3696
3697
3705
3713
3724
3739
3749
3775
3783
3790
3794
3799
3825
3839
3886
3974
3978
3982
3986
3991
3995
4000
4003
4009
4012
4043
4075
4076
4084
4102
4103
4104
4113
4119
4131
4139
4157
4176
4179
4195
4198
4233
4264
4284
4297
4317
4327
4374
4405
4431
4447
4497
4538
4549
4606
4609
4630
4633
4642
4660
