-0.164765 0.087708 0.029944
-0.162959 0.074910 0.042074
-0.161288 0.049576 0.043019
-0.149668 0.016437 0.045811
-0.145659 -0.009227 0.046652
-0.152962 -0.075466 0.053604
-0.158972 -0.097639 0.049177
-0.164243 -0.119071 0.050027
-0.171992 -0.135141 0.046011
-0.182534 -0.164149 0.037699
-0.189436 -0.187876 0.035740
-0.194313 -0.208803 0.033779
-0.194047 -0.230231 0.030837
-0.207430 -0.243889 0.031530
-0.209293 -0.262401 0.028804
-0.201823 -0.282551 0.030769
-0.215902 -0.320574 0.030837
-0.208443 -0.357740 0.033098
-0.209636 -0.376474 0.030601
-0.220104 -0.421847 0.039813
-0.229953 -0.452016 0.031632
-0.229290 -0.472017 0.034685
-0.231967 -0.510274 0.039515
-0.227616 -0.528434 0.042866
-0.220617 -0.543389 0.047255
-0.219648 -0.545786 0.046198
-0.218960 -0.548243 0.045037
-0.218463 -0.552965 0.064879
-0.218105 -0.553257 0.084585
-0.217480 -0.553039 0.103289
-0.216312 -0.552453 0.122047
-0.214246 -0.551747 0.140531
-0.211101 -0.550701 0.158925
-0.204659 -0.549641 0.176135
-0.195301 -0.548930 0.191812
-0.183282 -0.547946 0.205546
-0.169601 -0.546866 0.218223
-0.154222 -0.546076 0.229001
-0.136732 -0.546277 0.235199
-0.118720 -0.545859 0.240241
-0.100968 -0.544978 0.244456
-0.083180 -0.544230 0.248261
-0.065364 -0.543400 0.251943
-0.047549 -0.542749 0.255118
-0.029662 -0.542106 0.257799
-0.011873 -0.542003 0.259402
0.006494 -0.542426 0.259792
0.005704 -0.515557 0.227650
-0.001407 -0.485898 0.196165
0.004893 -0.472780 0.185016
0.002880 -0.453630 0.172526
-0.000189 -0.435674 0.162212
0.002102 -0.377812 0.139783
0.012493 -0.346691 0.144199
0.009032 -0.333533 0.162887
0.006306 -0.293713 0.149147
0.003903 -0.278840 0.164161
0.002081 -0.238444 0.170961
0.003883 -0.218532 0.178891
0.004998 -0.196589 0.177631
0.001537 -0.149853 0.176064
0.004938 -0.072258 0.169631
0.006542 -0.055172 0.167361
0.006906 -0.031237 0.164103
0.003744 -0.007806 0.158035
0.017055 0.004728 0.157536
0.013670 0.026048 0.158794
0.010048 0.047927 0.160655
0.018647 0.060185 0.162497
0.009583 0.088601 0.156056
0.006885 0.108953 0.152569
0.003930 0.132238 0.147483
0.007310 0.130717 0.128955
0.012991 0.167051 0.100768
-0.002628 0.171098 0.089412
-0.018872 0.183393 0.082642
-0.032967 0.198014 0.071755
-0.043559 0.217616 0.057145
-0.050990 0.238830 0.036308
-0.058504 0.259562 0.015214
-0.065244 0.273857 -0.012104
-0.066278 0.273209 -0.044862
-0.078712 0.270868 -0.030979
-0.098996 0.264892 -0.032588
-0.117750 0.261099 -0.029598
-0.126722 0.254893 -0.012120
-0.128761 0.248006 0.004905
-0.124334 0.238077 0.020877
-0.117754 0.224391 0.034245
-0.114309 0.211371 0.046342
-0.114776 0.194382 0.059247
-0.119481 0.175010 0.069693
-0.129419 0.156769 0.078793
-0.139471 0.137519 0.080647
-0.149555 0.118328 0.074190
-0.158594 0.100991 0.057791
-0.220890 -0.512570 0.087935
-0.092298 -0.450061 0.188577
-0.049510 -0.502446 0.208187
-0.023093 -0.521093 0.234269
0.007937 -0.530425 0.244569
-0.033156 0.148959 0.107404
-0.023376 0.168569 0.092047
-0.088283 0.264358 -0.013525
-0.219555 -0.538743 0.082171
-0.218785 -0.514740 0.125562
-0.184473 -0.454605 0.183231
-0.106590 0.260738 -0.016603
-0.054718 -0.530195 0.237973
-0.020492 -0.533475 0.249219
-0.073339 0.262924 -0.001500
-0.049681 0.203382 0.065317
-0.215222 -0.534730 0.131111
-0.070179 0.245230 0.021803
-0.145713 -0.500801 0.213759
-0.036609 -0.533318 0.245313
-0.213313 -0.534602 0.150190
-0.107253 0.243628 0.013095
-0.089845 -0.529063 0.228685
-0.125916 -0.533444 0.225864
-0.073138 -0.536795 0.241627
-0.199345 -0.534246 0.183704
-0.109584 0.233604 0.025210
-0.092330 0.238179 0.023521
-0.168616 -0.532291 0.216659
-0.186333 -0.525054 0.201193
-0.100841 0.221774 0.038522
-0.071551 -0.522991 0.225247
-0.149281 -0.528462 0.219706
-0.137377 -0.515925 0.219600
-0.109172 -0.130593 0.133250
-0.094896 0.001440 0.126314
-0.147722 0.066908 0.101794
-0.222951 -0.481427 0.068387
-0.228524 -0.517407 0.059682
-0.209290 -0.382885 0.121970
-0.015699 -0.494506 0.205757
-0.014111 -0.510614 0.222311
-0.007454 -0.526127 0.240065
-0.013693 0.131202 0.117462
-0.087725 0.131809 0.121798
-0.222949 -0.535437 0.062731
-0.039530 0.180471 0.082493
-0.039166 0.161656 0.095880
-0.055915 0.186486 0.075731
-0.085195 0.167897 0.086548
-0.053080 0.145390 0.108016
-0.058078 0.168685 0.089448
-0.076669 0.180797 0.077664
-0.218032 -0.522663 0.103340
-0.206621 -0.528458 0.165040
-0.052280 -0.514835 0.220232
-0.068487 -0.505770 0.207427
-0.086319 0.251962 0.006094
-0.110285 -0.531492 0.226450
-0.062824 -0.245459 0.165762
-0.161056 -0.206939 0.099301
-0.061562 -0.131007 0.161385
-0.046298 0.024558 0.154525
-0.151986 0.099853 0.075605
-0.158621 0.066169 0.068597
-0.215906 -0.440352 0.070625
-0.224177 -0.479530 0.050712
-0.225596 -0.498615 0.053907
-0.222730 -0.503110 0.070230
-0.223953 -0.520951 0.074406
-0.207125 -0.382376 0.082196
-0.021321 -0.430138 0.159413
-0.003862 -0.500806 0.211342
-0.046826 0.123772 0.142643
-0.011548 0.136112 0.140184
-0.100652 0.182304 0.071466
-0.095065 0.149811 0.097300
-0.215047 -0.515975 0.147446
-0.199224 -0.514201 0.184019
-0.208727 -0.503447 0.164814
-0.030609 -0.507266 0.218345
-0.034914 -0.497418 0.205642
-0.053547 -0.474543 0.183675
-0.062026 -0.490929 0.195249
-0.038778 -0.520650 0.230612
-0.093452 -0.483770 0.193125
-0.099178 -0.501932 0.202836
-0.080856 -0.493780 0.196570
-0.075548 -0.474371 0.185038
-0.205491 -0.251881 0.068131
-0.160561 -0.129366 0.073832
-0.160030 0.087268 0.054292
-0.161719 0.062785 0.052298
-0.155794 0.046361 0.067970
-0.223895 -0.459182 0.047940
-0.219358 -0.458496 0.064172
-0.223305 -0.439357 0.054990
-0.020517 -0.386329 0.144708
-0.023205 -0.349194 0.139720
-0.019844 -0.461974 0.176684
-0.014425 -0.448234 0.168364
-0.002792 0.156071 0.102470
-0.015829 0.144619 0.101391
-0.050161 0.141028 0.129717
-0.025007 0.100829 0.156272
-0.012343 0.117776 0.151154
-0.134647 0.130485 0.088335
-0.120339 0.146333 0.091250
-0.109822 0.163307 0.081633
-0.106992 0.137796 0.107011
-0.124412 0.108466 0.114049
-0.108837 0.121115 0.117543
-0.124038 0.126323 0.101368
-0.198439 -0.491140 0.182233
-0.185436 -0.502459 0.196659
-0.169632 -0.503996 0.202883
-0.026128 -0.481489 0.190900
-0.038755 -0.467529 0.178847
-0.032947 -0.448839 0.167961
-0.040118 -0.429054 0.164409
-0.021658 -0.405835 0.150797
-0.017459 -0.273535 0.162767
-0.001687 -0.260665 0.170008
-0.019862 -0.251763 0.171150
-0.038098 -0.271045 0.160636
-0.201034 -0.293130 0.053583
-0.011650 -0.131496 0.174179
-0.018897 -0.152692 0.174395
-0.150675 -0.093902 0.071541
-0.144975 -0.057105 0.065352
-0.169509 -0.142075 0.062942
-0.154716 -0.111090 0.069903
-0.176611 -0.155036 0.051706
-0.007642 0.016614 0.156174
-0.139747 0.002533 0.063159
-0.140342 -0.018384 0.063215
-0.154765 0.079261 0.079560
-0.156905 0.036703 0.051571
-0.152457 0.056215 0.087511
-0.219895 -0.423723 0.058797
-0.220329 -0.500137 0.108430
-0.210882 -0.393586 0.036167
-0.208587 -0.370077 0.047575
-0.002193 -0.393875 0.144271
-0.001176 -0.357576 0.137056
-0.008340 -0.319634 0.165441
-0.012407 -0.301643 0.152552
-0.034313 -0.288953 0.145219
-0.005264 -0.413645 0.151977
-0.039783 0.135900 0.118080
-0.028746 0.138518 0.134791
-0.068625 0.126649 0.134516
-0.084362 0.145977 0.112189
-0.065694 0.145319 0.120869
-0.025808 0.125761 0.144961
-0.007415 0.097737 0.156371
-0.039543 0.110210 0.149385
-0.215554 -0.500449 0.145621
-0.182960 -0.478763 0.190818
-0.059425 -0.424578 0.171146
-0.061107 -0.401209 0.165833
-0.042912 -0.393402 0.154860
-0.058807 -0.378762 0.155566
-0.076457 -0.434529 0.180200
-0.056804 -0.444317 0.172089
-0.014516 -0.227500 0.177950
-0.011577 -0.209359 0.175338
-0.019250 -0.192147 0.175493
-0.007536 -0.282892 0.150706
-0.021032 -0.281250 0.147679
-0.209379 -0.255178 0.045524
-0.208346 -0.298975 0.034223
-0.213001 -0.309769 0.048774
-0.000253 -0.109567 0.172034
-0.010332 -0.085943 0.170077
-0.043896 -0.113043 0.166347
-0.015828 -0.064557 0.167254
-0.150134 -0.053203 0.048200
-0.145401 -0.034306 0.052769
-0.149750 -0.121173 0.088278
-0.187738 -0.197108 0.055941
-0.006128 0.038761 0.159125
-0.009348 0.057692 0.163534
-0.029187 0.031660 0.157411
-0.030695 0.010634 0.153778
-0.130543 -0.010890 0.079506
-0.135768 -0.035684 0.074120
-0.148537 0.027025 0.067791
-0.147233 0.037137 0.086410
-0.216620 -0.473329 0.085194
-0.217506 -0.444155 0.106108
-0.213922 -0.452614 0.086948
-0.207056 -0.405332 0.079760
-0.216167 -0.419844 0.079942
-0.210024 -0.413053 0.105617
-0.218042 -0.432583 0.094735
-0.210087 -0.367194 0.064425
-0.215322 -0.334415 0.038068
-0.016993 -0.369514 0.139882
-0.049103 -0.348128 0.140486
-0.039181 -0.370577 0.143780
-0.033062 -0.341377 0.148215
-0.009359 -0.340918 0.155661
0.005065 -0.311457 0.163243
-0.042180 -0.318599 0.165193
-0.086764 0.097730 0.148120
-0.105571 0.105685 0.132543
-0.070165 0.153522 0.100532
-0.007793 0.077597 0.159534
-0.046617 0.096780 0.156860
-0.064633 0.107249 0.146441
-0.067996 0.087773 0.158995
-0.088298 0.114974 0.134273
-0.208665 -0.486880 0.164516
-0.196726 -0.472553 0.180076
-0.168178 -0.486105 0.195824
-0.140005 -0.431069 0.183881
-0.075528 -0.455107 0.180172
-0.039518 -0.189398 0.171831
-0.050415 -0.228095 0.171622
-0.052687 -0.210195 0.165967
-0.185524 -0.220724 0.052309
-0.199355 -0.236508 0.064416
-0.182933 -0.208243 0.073106
-0.172519 -0.218862 0.086031
-0.183801 -0.232201 0.071066
-0.194396 -0.241216 0.087037
-0.195511 -0.264912 0.082672
-0.213977 -0.325545 0.061911
-0.208941 -0.303524 0.070719
-0.198227 -0.286418 0.071435
-0.021873 -0.107977 0.170431
-0.028863 -0.085833 0.167735
-0.039515 -0.070846 0.163346
-0.051945 -0.085130 0.159844
-0.048519 -0.062134 0.158784
0.009325 -0.170337 0.176821
-0.009468 -0.042226 0.164693
-0.009224 -0.022337 0.160593
-0.042195 -0.038835 0.157128
-0.137045 -0.059441 0.081794
-0.027022 0.066105 0.163490
-0.024115 0.048054 0.162729
-0.063235 0.037679 0.159068
-0.060476 -0.003312 0.144248
-0.017780 -0.006415 0.156168
-0.125366 -0.030619 0.088252
-0.110554 0.002344 0.112504
-0.142347 0.045726 0.107481
-0.221998 -0.491014 0.088071
-0.213165 -0.463792 0.105043
-0.217771 -0.493002 0.128565
-0.214965 -0.481380 0.146123
-0.206813 -0.390725 0.058809
-0.211856 -0.409742 0.056248
-0.205534 -0.394587 0.102737
-0.214007 -0.347011 0.052903
-0.060268 -0.358705 0.148655
-0.026782 -0.303300 0.161554
-0.027902 0.085536 0.160170
-0.154563 -0.489782 0.205856
-0.129317 -0.461807 0.200441
-0.075896 -0.388196 0.165743
-0.027235 -0.168894 0.173570
-0.032037 -0.214455 0.171532
-0.100778 -0.212262 0.143651
-0.070902 -0.225495 0.166492
-0.176055 -0.234245 0.087406
-0.169640 -0.195644 0.088197
-0.179432 -0.261395 0.095026
-0.210545 -0.269376 0.066038
-0.208225 -0.276400 0.050464
-0.026398 -0.027533 0.159240
-0.027932 -0.050499 0.163192
-0.041979 0.048377 0.162898
-0.059540 0.053006 0.164051
-0.046644 0.004588 0.151076
-0.040950 -0.012257 0.151761
-0.057057 -0.049466 0.152473
-0.073610 -0.063444 0.145206
-0.066083 -0.077133 0.151856
-0.072335 -0.096588 0.150740
-0.060568 -0.111764 0.159914
-0.080390 -0.119007 0.150015
-0.092637 -0.141544 0.146125
-0.063415 -0.153298 0.162185
-0.084415 -0.080400 0.139177
-0.078835 -0.143049 0.154173
-0.081730 -0.163096 0.153687
-0.101643 -0.096356 0.129361
-0.068690 -0.175284 0.161211
-0.049483 -0.171036 0.168458
-0.093862 -0.193910 0.146440
-0.075254 -0.202936 0.156092
-0.061602 -0.189742 0.164945
-0.110471 -0.040454 0.106606
-0.102669 -0.060775 0.121014
-0.093791 -0.042900 0.123600
-0.116821 -0.013564 0.099388
-0.084061 -0.021059 0.130885
-0.075699 -0.007949 0.136740
-0.061895 -0.026182 0.146506
-0.122896 0.020179 0.113844
-0.115766 0.076107 0.143428
-0.135649 0.028196 0.102640
-0.213189 -0.474723 0.123846
-0.047670 0.073292 0.163665
-0.110611 -0.488683 0.202075
-0.120610 -0.502814 0.210180
-0.166112 -0.460936 0.185168
-0.149100 -0.472287 0.199612
-0.104315 -0.434640 0.190668
-0.042667 -0.249543 0.168738
-0.161384 -0.151261 0.082180
-0.192963 -0.303209 0.088571
-0.210564 -0.336758 0.098311
-0.210401 -0.353446 0.112084
-0.209852 -0.374798 0.106444
-0.200472 -0.316515 0.101996
-0.209888 -0.318644 0.086366
-0.213509 -0.340752 0.076236
-0.162892 -0.289718 0.142069
-0.203994 -0.281362 0.087060
-0.192654 -0.286057 0.106917
-0.181949 -0.269826 0.107559
-0.083774 -0.329819 0.148409
-0.179255 -0.340144 0.153118
-0.178192 -0.288295 0.126984
-0.069520 -0.335924 0.145159
-0.174092 -0.312168 0.130240
-0.192839 -0.323719 0.124462
-0.204042 -0.335964 0.113730
-0.162249 -0.310118 0.151453
-0.159858 -0.257138 0.106953
-0.182616 -0.307228 0.111275
-0.178329 -0.320922 0.142968
-0.052140 -0.334260 0.156647
-0.143164 -0.107281 0.089787
-0.129562 -0.100822 0.105102
-0.098394 -0.175037 0.145824
-0.100898 -0.076605 0.125371
-0.089970 -0.060775 0.131992
-0.063938 0.018234 0.148764
-0.098679 0.032098 0.146749
-0.081326 0.032070 0.153548
-0.082940 0.051661 0.161828
-0.082313 0.013198 0.140414
-0.099577 0.021180 0.137432
-0.075911 -0.044654 0.139272
-0.125607 0.008155 0.096901
-0.104081 0.090509 0.145056
-0.121800 0.093134 0.129041
-0.094845 0.073194 0.157660
-0.136759 0.091294 0.111443
-0.137092 0.054891 0.121450
-0.113610 0.046890 0.144954
-0.129933 0.077640 0.128409
-0.114863 0.031551 0.135313
-0.097264 0.045233 0.154414
-0.128578 0.039215 0.125642
-0.131067 -0.483243 0.207829
-0.155730 -0.447170 0.183533
-0.179435 -0.417024 0.173614
-0.172837 -0.440077 0.180751
-0.207508 -0.397229 0.126803
-0.090277 -0.430069 0.185070
-0.125898 -0.441457 0.186695
-0.079554 -0.411859 0.176449
-0.092252 -0.397983 0.174471
-0.099502 -0.416946 0.182530
-0.117683 -0.419872 0.186434
-0.031789 -0.234593 0.175272
-0.163238 -0.173801 0.089711
-0.152075 -0.159689 0.099253
-0.132194 -0.162559 0.120128
-0.144242 -0.167958 0.110644
-0.142207 -0.251817 0.117020
-0.081672 -0.350300 0.152583
-0.114880 -0.334426 0.149380
-0.209349 -0.364024 0.127793
-0.102479 -0.154175 0.139484
-0.118160 -0.091235 0.113697
-0.116376 -0.067429 0.109499
-0.109936 0.016419 0.124607
-0.072407 0.068089 0.163854
-0.084877 0.084345 0.157091
-0.138397 0.110963 0.094106
-0.146670 0.088712 0.095050
-0.140221 0.073197 0.115245
-0.106279 0.060850 0.152386
-0.216614 -0.428977 0.116598
-0.116450 -0.474691 0.198424
-0.145475 -0.456481 0.187827
-0.112755 -0.452716 0.196866
-0.106010 -0.384619 0.173994
-0.116983 -0.169966 0.132926
-0.114495 -0.192157 0.133309
-0.132972 -0.180941 0.120659
-0.146037 -0.192068 0.110889
-0.091800 -0.226470 0.158666
-0.085020 -0.211452 0.152932
-0.121065 -0.147466 0.124478
-0.148365 -0.138129 0.094295
-0.147401 -0.228759 0.114785
-0.161317 -0.238796 0.122913
-0.160807 -0.228634 0.100695
-0.043929 -0.298863 0.159127
-0.059188 -0.309443 0.164916
-0.076294 -0.297356 0.160255
-0.089652 -0.317650 0.164299
-0.091151 -0.297455 0.160686
-0.107668 -0.312555 0.164519
-0.145882 -0.295336 0.151707
-0.127431 -0.298217 0.157449
-0.072443 -0.320664 0.163918
-0.080607 -0.366594 0.159905
-0.101239 -0.353030 0.160077
-0.126411 -0.352108 0.158722
-0.135811 -0.332414 0.151286
-0.113370 -0.366867 0.168794
-0.097060 -0.332542 0.148278
-0.202597 -0.346589 0.128750
-0.172077 -0.360868 0.159955
-0.186278 -0.362880 0.145661
-0.163885 -0.349984 0.153546
-0.143431 -0.313334 0.160858
-0.160549 -0.425526 0.177718
-0.160052 -0.411113 0.173773
-0.141888 -0.396406 0.175939
-0.213179 -0.410706 0.131388
-0.214670 -0.461339 0.146008
-0.132565 -0.408100 0.181865
-0.112070 -0.399515 0.179635
-0.093513 -0.375104 0.167985
-0.175841 -0.187214 0.075198
-0.170888 -0.165576 0.071867
-0.180805 -0.177546 0.057459
-0.083708 -0.247042 0.160123
-0.101954 -0.245384 0.153252
-0.073860 -0.260525 0.154473
-0.058586 -0.264075 0.157400
-0.145131 -0.238676 0.134540
-0.116827 -0.218233 0.134983
-0.077094 -0.287081 0.145005
-0.127646 -0.129600 0.117419
-0.135766 -0.148103 0.111319
-0.148088 -0.211588 0.111570
-0.132427 -0.206291 0.122080
-0.177400 -0.239234 0.108374
-0.141068 -0.280348 0.142231
-0.128681 -0.268197 0.126783
-0.152189 -0.272080 0.125127
-0.109705 -0.289267 0.154059
-0.094304 -0.281813 0.139744
-0.087999 -0.259141 0.138860
-0.108456 -0.274534 0.134534
-0.110266 -0.253052 0.131744
-0.120302 -0.281121 0.145445
-0.135035 -0.367972 0.169688
-0.152866 -0.362086 0.165288
-0.123437 -0.382801 0.175846
-0.159908 -0.330632 0.158618
-0.207627 -0.379710 0.139758
-0.156564 -0.394337 0.173877
-0.173325 -0.398576 0.168490
-0.217674 -0.450241 0.126216
-0.209241 -0.472447 0.160527
-0.107362 -0.225850 0.151298
-0.124492 -0.236728 0.146929
-0.128178 -0.244893 0.128562
-0.057082 -0.288517 0.152232
-0.116443 -0.113382 0.122696
-0.133210 -0.225366 0.125537
-0.144473 -0.380991 0.174293
-0.147229 -0.351314 0.153771
-0.161159 -0.379607 0.161567
-0.207370 -0.399321 0.147630
-0.192856 -0.383960 0.147205
-0.178411 -0.384551 0.152948
-0.215118 -0.427858 0.132246
-0.209529 -0.442916 0.146423
-0.202016 -0.452180 0.167677
-0.198449 -0.427959 0.163836
-0.193141 -0.402560 0.161096
-0.206260 -0.420693 0.147395
-0.087344 -0.512501 0.211620
-0.061513 0.231756 0.040962
-0.079914 0.230200 0.035645
-0.065693 0.217990 0.051300
-0.088761 0.198029 0.061514
-0.071626 0.200488 0.062950
-0.084961 0.214861 0.048315
-0.100467 0.208971 0.050582
-0.035062 -0.130907 0.170378
-0.137915 -0.087435 0.091794
-0.142211 -0.075313 0.081090
-0.044184 -0.150789 0.168853
-0.126971 -0.319682 0.160925
0.167525 0.089010 0.021696
0.165465 0.053191 0.035678
0.159984 0.031987 0.042234
0.148855 -0.030502 0.038966
0.151368 -0.051087 0.037516
0.156820 -0.071146 0.037268
0.160170 -0.092084 0.036640
0.166483 -0.114709 0.039213
0.178905 -0.151299 0.038369
0.184600 -0.168927 0.030158
0.200610 -0.228717 0.027714
0.214356 -0.302351 0.024560
0.217539 -0.320237 0.024774
0.216059 -0.339775 0.026130
0.220851 -0.358895 0.026724
0.223488 -0.375444 0.028057
0.219597 -0.396881 0.021806
0.224410 -0.412386 0.032681
0.233679 -0.465523 0.036553
0.232106 -0.484637 0.028765
0.228062 -0.511212 0.035393
0.226110 -0.530790 0.038695
0.225639 -0.547138 0.043621
0.225434 -0.549966 0.042724
0.225506 -0.552793 0.041748
0.222472 -0.554144 0.060267
0.220206 -0.554094 0.079664
0.219428 -0.553845 0.098160
0.218292 -0.553271 0.116667
0.217112 -0.552612 0.135046
0.215218 -0.551553 0.153282
0.211404 -0.550211 0.171137
0.204156 -0.548688 0.187761
0.194400 -0.547113 0.202838
0.181009 -0.545776 0.215157
0.166447 -0.544343 0.226255
0.149814 -0.543388 0.234275
0.132497 -0.542762 0.240188
0.114794 -0.542450 0.244781
0.096693 -0.542212 0.248918
0.078687 -0.541926 0.252628
0.061375 -0.541370 0.255778
0.043351 -0.541288 0.258069
0.025065 -0.541786 0.259287
0.015278 0.175636 0.086035
0.030176 0.190681 0.078520
0.042698 0.206986 0.067110
0.050735 0.227473 0.051450
0.056329 0.246526 0.030746
0.062755 0.265382 0.009533
0.068133 0.277556 -0.018583
0.068735 0.273317 -0.050946
0.099511 0.269222 -0.035601
0.120860 0.265164 -0.034184
0.130243 0.259031 -0.017410
0.133098 0.254869 -0.000007
0.128990 0.246797 0.016135
0.124038 0.235233 0.028369
0.121055 0.220847 0.041771
0.122087 0.203805 0.054528
0.127894 0.183804 0.064342
0.136871 0.163240 0.070099
0.146815 0.143070 0.072583
0.157474 0.123336 0.065969
0.165560 0.103670 0.051580
0.043258 -0.515532 0.229251
0.014501 0.157132 0.090047
0.079172 0.171749 0.088881
0.081533 0.274268 -0.036491
0.225808 -0.467116 0.112755
0.088890 -0.516774 0.221205
0.071947 0.201035 0.066237
0.081689 0.232985 0.036129
0.091987 0.269148 -0.018247
0.073208 0.254544 0.014771
0.227843 -0.504287 0.122648
0.049233 -0.531139 0.245408
0.058188 0.214010 0.059749
0.063472 0.235187 0.041031
0.110734 0.263161 -0.013340
0.107875 0.251632 0.007444
0.076839 0.269299 -0.007503
0.150487 -0.514762 0.213788
0.219611 -0.506395 0.153230
0.222220 -0.543638 0.073124
0.093101 -0.531921 0.237820
0.120302 -0.530282 0.231735
0.155552 -0.529759 0.224274
0.220216 -0.536880 0.127794
0.207663 -0.531485 0.180794
0.065094 -0.525782 0.236306
0.185013 -0.526118 0.208756
0.169078 -0.517698 0.214873
0.139228 -0.531703 0.229205
0.169041 -0.531399 0.220500
0.147603 -0.259295 0.140680
0.105945 0.003933 0.134460
0.150746 0.077802 0.106983
0.035954 -0.499059 0.211341
0.043486 0.145151 0.111794
0.077005 -0.383560 0.167778
0.231350 -0.466948 0.076798
0.021745 -0.522210 0.235563
0.023126 -0.510028 0.222659
0.075914 0.243869 0.026531
0.074970 0.220028 0.050825
0.092296 0.203647 0.060135
0.097778 0.217792 0.046541
0.108619 0.207399 0.053931
0.111934 0.191925 0.064609
0.103890 0.229005 0.034916
0.099034 0.183989 0.073846
0.117905 0.168338 0.078481
0.065155 0.184903 0.079103
0.083218 0.187309 0.075250
0.103766 0.130974 0.120846
0.029838 0.169960 0.093199
0.100775 0.146146 0.104023
0.097810 0.165620 0.089011
0.224616 -0.536182 0.057840
0.232405 -0.523671 0.053495
0.228686 -0.525493 0.076257
0.229130 -0.496556 0.101946
0.231786 -0.510241 0.086677
0.227993 -0.515495 0.106610
0.229974 -0.491781 0.081497
0.234664 -0.501669 0.053532
0.222372 -0.536839 0.109858
0.224318 -0.532033 0.092799
0.226280 -0.484344 0.115893
0.226601 -0.481077 0.095425
0.223080 -0.517314 0.138633
0.218721 -0.530400 0.147730
0.214167 -0.529468 0.165333
0.088219 0.258888 0.001886
0.202806 -0.508870 0.189347
0.189114 -0.249288 0.092591
0.078095 -0.295203 0.153820
0.150540 -0.121812 0.090780
0.078816 -0.081203 0.149691
0.156465 0.098406 0.079804
0.014134 -0.497765 0.208932
0.133001 0.148951 0.083563
0.115516 0.148729 0.094447
0.118724 0.131588 0.109383
0.234844 -0.465422 0.055388
0.231402 -0.418498 0.062615
0.051504 -0.501766 0.208905
0.067063 -0.513687 0.219927
0.053223 0.195440 0.072998
0.049569 0.177203 0.086519
0.046772 0.160127 0.099341
0.064017 0.169623 0.091696
0.063442 0.153140 0.106585
0.028358 0.153315 0.105163
0.008322 0.137639 0.104557
0.026844 0.134309 0.118716
0.225165 -0.521533 0.121861
0.234304 -0.507923 0.067688
0.234446 -0.486884 0.064532
0.234938 -0.485253 0.048075
0.171726 -0.483629 0.196936
0.139511 -0.495576 0.202350
0.117175 -0.464133 0.188971
0.135592 -0.477932 0.192052
0.162273 -0.500653 0.205737
0.157563 -0.482304 0.193965
0.184944 -0.504089 0.203518
0.192214 -0.489579 0.195015
0.180519 -0.445626 0.183180
0.133507 -0.457621 0.187604
0.151772 -0.464940 0.186260
0.163707 -0.445291 0.180311
0.122517 -0.439962 0.180655
0.100618 -0.448775 0.181254
0.105955 -0.425613 0.174378
0.126186 -0.418921 0.168634
0.087882 -0.427769 0.175943
0.157629 -0.423456 0.171751
0.137906 -0.429747 0.173234
0.084162 -0.458702 0.189664
0.102789 -0.467151 0.194762
0.084120 -0.472702 0.196899
0.082929 -0.489058 0.203706
0.089654 -0.412628 0.166392
0.197181 -0.421818 0.161065
0.225008 -0.474192 0.144226
0.179855 -0.427277 0.176775
0.142704 -0.443195 0.181038
0.107500 -0.407080 0.166384
0.076351 -0.441237 0.179942
0.069377 -0.425359 0.172274
0.226241 -0.468048 0.130959
0.224173 -0.450489 0.148916
0.221477 -0.488230 0.152425
0.062453 -0.457667 0.179482
0.225589 -0.494610 0.137622
0.063250 -0.412705 0.162820
0.039535 -0.452891 0.170296
0.054729 -0.438425 0.169447
0.131381 -0.514754 0.217787
0.099035 -0.498501 0.210890
0.193441 -0.249450 0.055951
0.038696 -0.225081 0.167627
0.050445 -0.337946 0.152177
0.138502 -0.031756 0.071779
0.142883 0.005437 0.072613
0.048283 0.034502 0.161925
0.039198 -0.003141 0.157978
0.027295 -0.039478 0.164729
0.162357 0.048073 0.058053
0.162774 0.066803 0.068148
0.165547 0.066711 0.050304
0.158277 0.046425 0.076377
0.160018 0.105415 0.065686
0.144343 0.129404 0.083016
0.165544 0.089290 0.047617
0.019226 -0.480120 0.192506
0.083989 0.141255 0.113331
0.129400 0.103826 0.122673
0.024768 0.137127 0.140191
0.020736 -0.391424 0.145546
0.232618 -0.446128 0.046236
0.229656 -0.406724 0.050824
0.224372 -0.370068 0.046411
0.044561 0.141747 0.130685
0.187884 -0.471927 0.190870
0.169725 -0.464696 0.188196
0.045324 -0.486774 0.194511
0.063004 -0.486193 0.195652
0.065017 -0.472965 0.188062
0.065091 -0.499167 0.206018
0.214965 -0.488601 0.170627
0.032039 -0.434766 0.160703
0.041613 -0.403826 0.156659
0.068210 -0.396921 0.166452
0.057807 -0.374471 0.156689
0.020457 -0.447122 0.167054
0.022998 -0.462431 0.176170
0.110652 -0.516685 0.220983
0.119309 -0.497852 0.210569
0.118582 -0.483182 0.200799
0.082289 -0.504273 0.211046
0.200927 -0.231153 0.051125
0.209687 -0.275822 0.051371
0.193858 -0.243250 0.033396
0.201355 -0.263248 0.036203
0.048569 -0.189327 0.173444
0.033515 -0.351310 0.141459
0.173277 -0.134359 0.040735
0.166460 -0.126959 0.059096
0.178569 -0.163821 0.054812
0.160569 -0.103544 0.054669
0.155687 -0.093793 0.066573
0.023370 -0.069959 0.168554
0.029218 -0.151786 0.174912
0.031790 -0.127746 0.172558
0.010407 -0.131459 0.174732
0.149450 0.009032 0.047530
0.154326 0.026377 0.060915
0.026753 0.039747 0.160318
0.038413 0.016387 0.160610
0.040208 -0.472325 0.182403
0.084523 0.156871 0.100299
0.064160 0.137249 0.120885
0.075065 0.113402 0.142894
0.064013 0.129059 0.138948
0.038445 0.123475 0.145983
0.085966 0.129921 0.130898
0.016362 0.119924 0.149638
0.028555 0.101058 0.151857
0.195716 -0.438558 0.172176
0.031858 -0.486828 0.198267
0.205332 -0.495385 0.184195
0.211680 -0.508291 0.175690
0.052153 -0.392702 0.160591
0.101334 -0.482245 0.203831
0.194698 -0.210284 0.037697
0.188578 -0.216886 0.060064
0.197098 -0.233951 0.074800
0.179708 -0.221024 0.078575
0.202841 -0.266293 0.061412
0.200932 -0.264564 0.083995
0.184524 -0.228847 0.098055
0.167798 -0.214645 0.090819
0.211982 -0.285736 0.034377
0.212591 -0.293071 0.058025
0.210440 -0.279759 0.074985
0.206552 -0.300390 0.079582
0.199434 -0.264481 0.098187
0.221500 -0.328916 0.041961
0.215829 -0.309045 0.041581
0.017191 -0.228941 0.170718
0.018553 -0.256426 0.170983
0.022439 -0.304492 0.151261
0.024759 -0.318349 0.167686
0.157820 -0.115373 0.073523
0.185027 -0.178449 0.047211
0.189872 -0.188235 0.033619
0.180801 -0.198363 0.077663
0.169072 -0.183860 0.088752
0.177921 -0.179011 0.069107
0.168108 -0.163631 0.078379
0.156101 -0.172927 0.099093
0.167201 -0.198184 0.098904
0.173024 -0.149437 0.060819
0.162128 -0.139441 0.079001
0.134925 -0.189626 0.129605
0.155759 -0.079566 0.054024
0.140605 -0.053546 0.076946
0.150884 -0.061620 0.057048
0.027077 -0.180593 0.175891
0.048260 -0.164448 0.171420
0.030634 0.079877 0.158525
0.042218 -0.024687 0.162409
0.056042 -0.016608 0.159406
0.022510 -0.018921 0.162444
0.219565 -0.352332 0.050235
0.223033 -0.334963 0.066132
0.227190 -0.380658 0.079815
0.227237 -0.391451 0.041619
0.191746 -0.457723 0.184178
0.218366 -0.466464 0.162739
0.204918 -0.464471 0.176644
0.209082 -0.450531 0.169338
0.205556 -0.478439 0.179552
0.014540 -0.428078 0.156969
0.028696 -0.413923 0.153147
0.080474 -0.360655 0.154027
0.193057 -0.255529 0.074888
0.167312 -0.222242 0.110033
0.153060 -0.211290 0.105121
0.164926 -0.248798 0.127908
0.178870 -0.262504 0.117759
0.156913 -0.225659 0.122175
0.175229 -0.240920 0.116123
0.047788 -0.242751 0.171268
0.032396 -0.249247 0.172190
0.075571 -0.259015 0.164883
0.062812 -0.235981 0.161102
0.060764 -0.253940 0.170559
0.059506 -0.275446 0.160121
0.030382 -0.338867 0.156851
0.043097 -0.322424 0.169659
0.062303 -0.324655 0.168658
0.018992 -0.370185 0.138476
0.037980 -0.380836 0.151009
0.135202 -0.122426 0.111526
0.187277 -0.194305 0.054357
0.157680 -0.155904 0.094963
0.134507 -0.214375 0.121132
0.148507 -0.195548 0.118570
0.104554 -0.208826 0.146010
0.145422 -0.235077 0.136327
0.123005 -0.202491 0.135210
0.115712 -0.219639 0.134471
0.156688 -0.187406 0.106822
0.147335 -0.045776 0.055833
0.146978 -0.075445 0.075695
0.149242 -0.101884 0.084218
0.013610 -0.093963 0.170615
0.035563 -0.108749 0.169953
0.056672 -0.105536 0.163913
0.071543 -0.120064 0.160316
0.039373 -0.088433 0.167439
0.145059 -0.029965 0.054072
0.148157 -0.012587 0.042981
0.133500 -0.015491 0.084097
0.072472 0.035992 0.161005
0.065072 0.049281 0.163103
0.082947 0.021634 0.154530
0.224152 -0.373936 0.064067
0.227706 -0.402907 0.070951
0.094539 -0.368778 0.165397
0.055455 -0.355924 0.143769
0.189169 -0.252707 0.108114
0.037191 -0.283641 0.155236
0.052766 -0.212619 0.170742
0.072756 -0.213929 0.162531
0.040003 -0.308010 0.155193
0.085318 -0.331224 0.162792
0.147179 -0.139164 0.101385
0.129788 -0.140945 0.121453
0.143115 -0.157490 0.112552
0.139150 -0.176491 0.117835
0.124611 -0.162448 0.129928
0.119462 -0.176846 0.134543
0.036379 -0.202239 0.176508
0.018103 -0.112439 0.172355
0.055423 -0.127051 0.167432
0.093090 -0.143075 0.151223
0.074876 -0.100481 0.154779
0.142697 -0.011947 0.062292
0.146900 0.022999 0.082009
0.151882 0.041150 0.095052
0.060816 0.001888 0.155276
0.052761 0.089526 0.156809
0.053198 0.111399 0.147210
0.066934 0.101292 0.151484
0.102468 0.085549 0.152136
0.089974 0.098348 0.149396
0.099758 0.111929 0.136392
0.117531 0.114535 0.124165
0.132106 0.071130 0.137429
0.073425 -0.011950 0.152975
0.064569 0.017148 0.158198
0.084268 0.005628 0.149004
0.226164 -0.390010 0.059297
0.230984 -0.443670 0.075365
0.227527 -0.457838 0.093808
0.099997 -0.385245 0.171381
0.043473 -0.265326 0.168473
0.057588 -0.291559 0.150180
0.060402 -0.303375 0.162439
0.098607 -0.227379 0.145811
0.064283 -0.196520 0.168513
0.078393 -0.197273 0.162869
0.065691 -0.179026 0.167130
0.087411 -0.160006 0.155696
0.067780 -0.153706 0.164348
0.077811 -0.136811 0.158796
0.118137 -0.142901 0.132557
0.106025 -0.135047 0.141141
0.073809 -0.339011 0.149282
0.104524 -0.332344 0.161755
0.098227 -0.342330 0.149706
0.096713 -0.314099 0.168358
0.103695 -0.352958 0.160223
0.129938 -0.229021 0.140958
0.114768 -0.190552 0.143859
0.128528 -0.035860 0.090682
0.131946 -0.060154 0.093864
0.126597 -0.077549 0.105909
0.139357 -0.082796 0.092094
0.106642 -0.089809 0.129057
0.114766 -0.053527 0.112133
0.119309 -0.090081 0.117057
0.119653 -0.038264 0.103875
0.094497 -0.076002 0.136417
0.096355 -0.052637 0.129741
0.110460 -0.068538 0.119983
0.109531 -0.034912 0.116181
0.092877 -0.030001 0.134402
0.127517 -0.108600 0.115809
0.135348 -0.097530 0.102867
0.061330 -0.080891 0.159665
0.152599 0.059442 0.105743
0.079710 0.084104 0.158132
0.065359 0.066859 0.162571
0.085578 0.058097 0.162671
0.089736 -0.012901 0.140968
0.228410 -0.422926 0.082719
0.233977 -0.451042 0.061242
0.232661 -0.435864 0.060119
0.227393 -0.448300 0.116212
0.228238 -0.438037 0.097555
0.037944 -0.367513 0.142750
0.163972 -0.290259 0.139444
0.159642 -0.272139 0.125469
0.174429 -0.281021 0.119272
0.189660 -0.276879 0.106191
0.075363 -0.275853 0.150576
0.093973 -0.263591 0.157856
0.107742 -0.158369 0.142675
0.088970 -0.120280 0.150075
0.143469 -0.110721 0.098192
0.097212 -0.192556 0.153966
0.093966 -0.097045 0.141181
0.108059 -0.017151 0.123131
0.121534 -0.019307 0.104395
0.121902 0.000538 0.114989
0.133389 0.003684 0.096152
0.132313 0.031842 0.126012
0.137269 0.022121 0.105531
0.123530 0.015165 0.122667
0.121426 -0.123541 0.125994
0.158511 0.078441 0.085701
0.142922 0.066740 0.124298
0.118731 0.038596 0.144305
0.105382 0.058576 0.158022
0.097377 0.038332 0.157384
0.120025 0.065837 0.148540
0.117278 0.026383 0.138519
0.099472 0.020045 0.146982
0.133272 0.050186 0.135509
0.230261 -0.400797 0.093963
0.222224 -0.386859 0.103148
0.230997 -0.416172 0.101008
0.101834 -0.174838 0.147050
0.062943 -0.046543 0.155066
0.070229 -0.062784 0.153210
0.081946 -0.044693 0.143916
0.070883 -0.027863 0.148904
0.049456 -0.039192 0.158506
0.083361 -0.064326 0.143972
0.143732 0.043182 0.116881
0.157816 0.063034 0.090514
0.151822 0.091942 0.096329
0.146001 0.110711 0.094020
0.132920 0.116426 0.108769
0.142025 0.097443 0.110831
0.135992 0.087918 0.125987
0.132568 0.131357 0.097490
0.203316 -0.374230 0.150761
0.223691 -0.431328 0.143298
0.108707 -0.110496 0.132720
0.214743 -0.380843 0.127113
0.229387 -0.428773 0.120930
0.192335 -0.402416 0.155813
0.177839 -0.409913 0.170679
0.144354 -0.406276 0.169847
0.137722 -0.385122 0.172975
0.122010 -0.394748 0.172713
0.109937 0.241655 0.021023
0.091909 0.244353 0.020256
0.214997 -0.315042 0.060779
0.207926 -0.284112 0.095584
0.048432 -0.145365 0.171053
0.220794 -0.370336 0.092962
0.220064 -0.360267 0.072007
0.077518 -0.311240 0.169019
0.115088 -0.234007 0.150914
0.099446 -0.240250 0.159579
0.111061 -0.253306 0.156690
0.117378 -0.268637 0.149700
0.099694 -0.278715 0.145250
0.099312 -0.291829 0.157656
0.082417 -0.230988 0.153274
0.083711 -0.244835 0.164807
0.124041 -0.288938 0.144010
0.114145 -0.299426 0.162423
0.149069 -0.292376 0.138671
0.130580 -0.250861 0.149208
0.088676 -0.213399 0.154552
0.134563 -0.273816 0.146543
0.032375 -0.054518 0.165493
0.048491 -0.063566 0.162469
0.212359 -0.411849 0.154805
0.222747 -0.412676 0.135739
0.202233 -0.391129 0.155690
0.164559 -0.336157 0.143962
0.209881 -0.357832 0.137865
0.184108 -0.345597 0.137499
0.199363 -0.349191 0.132590
0.191756 -0.361953 0.147970
0.142864 -0.368109 0.168494
0.156402 -0.385978 0.165012
0.150338 -0.348245 0.160016
0.126803 -0.350819 0.162208
0.175084 -0.356753 0.151994
0.165182 -0.368343 0.163228
0.173816 -0.393216 0.159615
0.118687 -0.369910 0.168466
0.146330 -0.327536 0.149293
0.132664 -0.338410 0.150575
0.115364 -0.340708 0.150866
0.134605 -0.316036 0.164674
0.117118 -0.323911 0.165605
0.138335 -0.299017 0.156608
0.155515 -0.316845 0.159416
0.162235 -0.303548 0.152726
0.186591 -0.378820 0.158540
0.178748 -0.306722 0.144941
0.176001 -0.325736 0.149739
0.218520 -0.337513 0.106974
0.210991 -0.321559 0.106189
0.219070 -0.330422 0.090700
0.214343 -0.318971 0.083804
0.206751 -0.327595 0.126758
0.216529 -0.343631 0.123909
0.198454 -0.313867 0.115280
0.198250 -0.293421 0.116880
0.191250 -0.328256 0.141383
0.185442 -0.290164 0.127933
0.190464 -0.310979 0.131321
0.220465 -0.365557 0.114610
0.221713 -0.353553 0.105357
0.223012 -0.347085 0.087527
0.222307 -0.555447 0.021953
0.220730 -0.557000 0.002829
0.218585 -0.557618 -0.016267
0.216607 -0.557252 -0.035295
0.214248 -0.556438 -0.054093
0.211840 -0.555615 -0.072864
0.208341 -0.554908 -0.091385
0.198352 -0.553909 -0.107500
0.186372 -0.553672 -0.122368
0.174187 -0.553740 -0.137453
0.160490 -0.553882 -0.151108
0.143770 -0.554426 -0.161453
0.125780 -0.553901 -0.170038
0.107507 -0.552415 -0.176922
0.089342 -0.550089 -0.183235
0.070975 -0.548123 -0.188296
0.052327 -0.546428 -0.192340
0.033356 -0.545287 -0.194784
0.014319 -0.544574 -0.195782
-0.004677 -0.544051 -0.195607
-0.003429 -0.512907 -0.170945
0.002524 -0.478557 -0.147612
0.003970 -0.428779 -0.110910
0.004734 -0.406727 -0.102884
-0.002612 -0.373005 -0.098654
-0.000507 -0.353177 -0.100392
-0.001016 -0.334203 -0.104394
-0.002051 -0.316484 -0.109810
-0.000784 -0.298770 -0.116257
-0.005267 -0.262902 -0.132218
-0.002090 -0.217115 -0.126218
0.003056 -0.173355 -0.110372
0.001254 -0.151658 -0.103797
-0.002733 -0.135594 -0.100783
-0.001722 -0.117903 -0.095803
0.003331 -0.100209 -0.092866
-0.011472 -0.047849 -0.085707
-0.006595 -0.024736 -0.088417
-0.005891 -0.005873 -0.092086
-0.003064 0.067712 -0.113015
-0.002784 0.087381 -0.117381
-0.002115 0.125750 -0.124536
-0.002158 0.164405 -0.107099
0.000110 0.181803 -0.087663
0.009192 0.198493 -0.090779
0.022540 0.212346 -0.089814
0.036485 0.226639 -0.087916
0.049570 0.242215 -0.082903
0.060429 0.258972 -0.071436
0.126839 0.254758 -0.051384
0.131661 0.240800 -0.064542
0.134365 0.223792 -0.075865
0.135645 0.203768 -0.083798
0.137776 0.182893 -0.090427
0.140199 0.160605 -0.092122
0.144523 0.138273 -0.088476
0.151055 0.117017 -0.079119
0.157404 0.101576 -0.061858
0.164557 0.093439 -0.038822
0.167044 0.090443 -0.017008
0.116722 0.027673 -0.075926
0.070400 0.169468 -0.114777
0.163707 0.077806 -0.022853
0.134525 0.090710 -0.086421
0.106594 0.177646 -0.106292
0.096801 0.255824 -0.066241
0.106025 0.240208 -0.077291
0.067796 0.233069 -0.087935
0.129335 0.123879 -0.096980
0.121060 0.168259 -0.100172
0.092562 0.266397 -0.052245
0.109355 0.260576 -0.052779
0.078509 0.259515 -0.067340
0.122047 0.232921 -0.075848
0.120551 0.211234 -0.088020
0.067400 0.247967 -0.079296
0.159292 0.091421 -0.051557
0.124707 0.143740 -0.100545
0.115374 0.248808 -0.065301
0.076842 0.269172 -0.055367
0.104307 0.223590 -0.088251
0.118838 0.189918 -0.095008
0.091925 0.193331 -0.102245
0.105404 0.202409 -0.096860
0.149339 0.073729 -0.062847
0.121980 0.104839 -0.098926
0.088264 0.217179 -0.094559
0.088598 0.173294 -0.112738
0.102065 0.154843 -0.111127
0.076414 0.074242 -0.109048
0.059781 0.199656 -0.098817
0.103737 0.075084 -0.101661
0.092859 0.138553 -0.114793
0.102837 0.102666 -0.107859
0.112150 0.135463 -0.107352
0.116287 0.089296 -0.098828
0.055143 0.221930 -0.091456
0.071946 0.113992 -0.118452
0.038905 0.202705 -0.094747
0.077488 0.154790 -0.119591
0.091301 0.119676 -0.114083
0.072925 0.132758 -0.120498
0.057344 0.122115 -0.121844
0.224472 -0.540657 0.026250
0.224407 -0.538462 0.005988
0.203626 -0.428983 -0.089925
0.138193 -0.288589 -0.106583
0.054375 -0.490859 -0.148953
0.012712 -0.519857 -0.175517
-0.005358 -0.533071 -0.185581
0.020917 -0.533591 -0.185642
0.166710 0.076891 0.026981
0.015688 0.179067 -0.095458
0.087029 0.241390 -0.081378
0.156930 0.073578 -0.044979
0.158283 0.057207 -0.029268
0.120575 0.073631 -0.091741
0.141754 0.055950 -0.064313
0.133955 0.070793 -0.079834
0.150379 0.049737 -0.046650
0.136733 0.032952 -0.059880
0.152731 0.032613 -0.030256
0.158793 0.037494 -0.013870
0.144769 0.027744 -0.044470
0.143169 0.014669 -0.036164
0.038234 0.105897 -0.120852
0.055070 0.102535 -0.119037
0.020297 0.118913 -0.123171
0.063083 0.088952 -0.115232
0.050941 0.068844 -0.111336
0.036199 0.084763 -0.116231
0.084956 0.096213 -0.112430
0.094170 0.059308 -0.100036
0.015182 0.074400 -0.114683
0.033349 0.065146 -0.111823
0.018049 0.056284 -0.109999
0.042427 0.185751 -0.099276
0.073110 0.186478 -0.104407
0.053594 0.160052 -0.115268
0.222822 -0.541754 -0.012032
0.217585 -0.473569 -0.042542
0.222569 -0.518345 -0.009757
0.206021 -0.389481 -0.035817
0.068918 -0.289087 -0.132577
0.166389 -0.216324 -0.061418
0.181032 -0.287611 -0.063350
0.064016 -0.161099 -0.103462
0.153678 -0.107888 -0.025588
0.023962 -0.489247 -0.151323
0.017308 -0.505254 -0.164568
0.162578 0.034757 0.020329
0.147487 -0.004674 -0.008586
0.141071 0.001021 -0.031063
0.165513 0.054471 0.015246
0.155428 0.020059 0.000393
0.162896 0.041880 0.004144
0.011103 0.156540 -0.126912
0.127803 0.041188 -0.073894
0.127584 0.055351 -0.080014
0.130193 0.018149 -0.057982
0.001084 0.109531 -0.121381
0.018304 0.096349 -0.119290
0.013845 0.135544 -0.126785
0.055852 0.142393 -0.125155
0.032032 0.142484 -0.127394
0.034133 0.175083 -0.113210
0.044453 0.024922 -0.099488
0.042593 0.047094 -0.106100
0.068409 0.056052 -0.105352
0.086229 0.042780 -0.097136
0.020505 0.035179 -0.104286
0.228736 -0.505433 0.011944
0.228077 -0.523582 0.014789
0.230850 -0.484790 0.013616
0.217174 -0.522930 -0.071283
0.223104 -0.526400 -0.031464
0.219449 -0.533087 -0.053158
0.219954 -0.544363 -0.033813
0.215647 -0.540171 -0.067853
0.226689 -0.469295 -0.002999
0.202097 -0.530811 -0.102166
0.029784 -0.286934 -0.127969
0.060542 -0.234632 -0.128863
0.075825 -0.364018 -0.111942
0.185771 -0.209172 -0.021686
0.198575 -0.272936 -0.013193
0.023539 -0.416615 -0.105493
0.148906 -0.536494 -0.156069
0.080774 -0.533714 -0.171638
0.064270 -0.536667 -0.179218
0.018799 -0.472932 -0.140099
0.003142 -0.495051 -0.158605
0.042633 -0.534833 -0.184349
0.150563 -0.015381 0.017703
0.022019 -0.090815 -0.085936
0.154968 0.017446 0.024259
0.151052 -0.000386 0.025987
0.151648 0.001483 0.008260
0.139207 -0.018124 -0.029936
0.104991 -0.031223 -0.064815
0.126256 -0.032946 -0.045055
0.097766 -0.010099 -0.073729
0.099051 0.014333 -0.080519
0.144310 -0.027972 -0.016161
0.166203 0.068207 0.015572
0.150712 0.016397 -0.017573
0.110951 0.049541 -0.089482
0.024957 0.001543 -0.093668
0.002624 0.026818 -0.102282
0.000341 0.046198 -0.107864
0.219949 -0.491819 -0.061769
0.220234 -0.504039 -0.027197
0.222526 -0.494689 -0.003238
0.219523 -0.451764 -0.023510
0.214806 -0.367662 0.005228
0.204039 -0.332954 -0.010161
0.189146 -0.536889 -0.116290
0.210012 -0.516468 -0.088325
0.034105 -0.324973 -0.112597
0.038584 -0.256462 -0.132101
0.031395 -0.215016 -0.125155
0.194209 -0.220233 -0.000400
0.019977 -0.160667 -0.106185
0.017576 -0.136200 -0.099680
0.164373 -0.104442 0.016136
0.159567 -0.085800 0.016715
0.180229 -0.153630 0.012239
0.002952 -0.461584 -0.135387
0.005182 -0.445480 -0.122788
0.131166 -0.525999 -0.155548
0.165448 -0.533006 -0.146536
0.113009 -0.536173 -0.163751
0.050143 -0.522188 -0.173828
0.033970 -0.517920 -0.172050
0.037014 -0.499914 -0.158327
0.052475 -0.506293 -0.161541
0.035315 -0.478814 -0.142749
0.023105 -0.460914 -0.130071
0.052651 -0.473783 -0.136771
0.001959 -0.084042 -0.088481
0.017724 -0.111149 -0.093112
0.003409 -0.061550 -0.084823
0.010682 -0.039469 -0.086017
0.019943 -0.074463 -0.084333
0.114253 0.006559 -0.067509
0.116926 -0.015129 -0.059627
0.088723 -0.032200 -0.074097
0.055407 -0.003471 -0.089314
0.044716 0.009271 -0.094293
0.051463 -0.028013 -0.085459
0.099656 0.032928 -0.088522
0.138592 -0.076729 -0.036514
0.000927 0.008983 -0.096157
0.023422 0.016250 -0.098235
0.227173 -0.450627 0.027628
0.214419 -0.430161 0.001023
0.221633 -0.510838 -0.052446
0.216808 -0.502934 -0.075298
0.220602 -0.490461 -0.042823
0.217654 -0.480508 -0.024581
0.210318 -0.326453 0.005852
0.212375 -0.538348 -0.084032
0.185538 -0.493196 -0.126036
0.022973 -0.270359 -0.131615
0.021366 -0.246685 -0.131170
0.010050 -0.260269 -0.132803
0.013013 -0.202600 -0.122282
0.017207 -0.223974 -0.127030
0.004914 -0.189493 -0.117171
0.026052 -0.194177 -0.119384
0.198064 -0.216984 0.019272
0.197296 -0.237338 0.009385
0.193047 -0.198544 0.013489
0.203747 -0.271997 0.011645
0.209960 -0.292695 0.009613
0.170400 -0.122284 0.017784
0.175937 -0.138547 0.020145
0.172049 -0.135490 -0.000334
0.176299 -0.154678 -0.011145
0.168156 -0.138940 -0.017991
0.149469 -0.085188 -0.021428
0.142481 -0.100499 -0.039508
0.141999 -0.061870 -0.020671
0.150663 -0.059430 -0.000659
0.130369 -0.053048 -0.038827
0.157132 -0.093904 -0.005458
0.153226 -0.074303 -0.001338
0.150180 -0.042468 0.016062
0.028946 -0.441182 -0.116866
0.042731 -0.460180 -0.127403
0.012328 -0.383640 -0.099832
0.023771 -0.394420 -0.101711
0.133210 -0.543624 -0.162673
0.179035 -0.538985 -0.130010
0.178836 -0.520997 -0.132536
0.081635 -0.456848 -0.120461
0.085272 -0.491386 -0.138072
0.071912 -0.503697 -0.151534
0.145523 -0.043194 -0.009654
0.149263 -0.026724 0.003260
0.035561 -0.126519 -0.095618
0.037191 -0.079912 -0.086357
0.128957 -0.015550 -0.046738
0.078525 0.001123 -0.085175
0.075283 -0.016425 -0.081757
0.066117 0.016251 -0.092998
0.066675 0.036715 -0.099735
0.084073 0.022103 -0.090285
0.049361 -0.051149 -0.084422
0.031198 -0.032025 -0.086430
0.072101 -0.040444 -0.079975
0.052187 -0.070726 -0.082964
0.072755 -0.057523 -0.080740
0.229761 -0.468153 0.013283
0.220273 -0.447213 0.004524
0.213212 -0.414903 0.011059
0.219606 -0.432881 0.023023
0.208623 -0.495848 -0.089629
0.207259 -0.478306 -0.092876
0.215645 -0.480478 -0.077944
0.215689 -0.382296 0.008535
0.209252 -0.400980 0.000425
0.012089 -0.325425 -0.108321
0.020677 -0.340813 -0.104692
0.015604 -0.363483 -0.100273
0.040064 -0.233225 -0.128936
0.055760 -0.248834 -0.131275
0.073648 -0.260855 -0.130873
0.044158 -0.272616 -0.132225
0.057339 -0.270499 -0.132751
0.004807 -0.279477 -0.124792
0.058503 -0.211713 -0.123046
0.051050 -0.222601 -0.126404
0.188204 -0.245949 -0.027646
0.187427 -0.227574 -0.023103
0.193760 -0.244351 -0.006901
0.178522 -0.224833 -0.041670
0.181625 -0.188574 -0.024942
0.182981 -0.174994 -0.011490
0.174891 -0.200020 -0.043682
0.189774 -0.197788 -0.004328
0.162452 -0.192989 -0.061138
0.177147 -0.171079 -0.025749
0.204530 -0.308441 -0.007794
0.205732 -0.288438 -0.005721
0.211152 -0.310645 0.009874
0.160680 -0.140457 -0.035093
0.136912 -0.039743 -0.027650
0.118968 -0.051816 -0.052191
0.040441 -0.403801 -0.103415
0.189230 -0.514933 -0.117948
0.067284 -0.521567 -0.167470
0.110356 -0.516397 -0.147572
0.133947 -0.505189 -0.146855
0.160878 -0.509476 -0.145816
0.168761 -0.489510 -0.136390
0.188583 -0.471938 -0.120064
0.198485 -0.488773 -0.109084
0.200220 -0.467229 -0.105428
0.189683 -0.449393 -0.114529
0.201448 -0.445003 -0.099347
0.068020 -0.467034 -0.126511
0.113806 -0.477364 -0.138793
0.103975 -0.493277 -0.136309
0.102606 -0.456404 -0.133893
0.090735 -0.477487 -0.128237
0.118976 -0.493534 -0.143189
0.123949 -0.460682 -0.132236
0.090986 -0.507074 -0.146403
0.037900 -0.106067 -0.087817
0.028565 -0.057895 -0.084123
0.106404 -0.088794 -0.072501
0.219490 -0.474224 -0.058236
0.201090 -0.378649 -0.025207
0.206476 -0.358242 -0.015845
0.210020 -0.348833 0.005572
0.019226 -0.295597 -0.121602
0.018925 -0.311766 -0.114806
0.047457 -0.338084 -0.109180
0.035475 -0.360270 -0.102243
0.026557 -0.374147 -0.100795
0.024441 -0.178873 -0.112243
0.044737 -0.164857 -0.106053
0.036069 -0.146933 -0.101473
0.042356 -0.203112 -0.121632
0.060341 -0.192757 -0.116339
0.191374 -0.260665 -0.007842
0.188536 -0.181748 0.009992
0.184016 -0.167528 0.005787
0.151888 -0.173638 -0.066060
0.169604 -0.158375 -0.032781
0.160230 -0.156903 -0.047495
0.159723 -0.125524 -0.026212
0.115993 -0.033801 -0.055888
0.091643 -0.048149 -0.072313
0.088970 -0.075174 -0.077411
0.105247 -0.052685 -0.063790
0.096199 -0.066028 -0.072950
0.040651 -0.379624 -0.101643
0.052821 -0.392126 -0.105421
0.038071 -0.420051 -0.107082
0.078721 -0.424174 -0.122087
0.089568 -0.439501 -0.128497
0.068338 -0.444653 -0.114380
0.065466 -0.427055 -0.111256
0.067605 -0.409248 -0.112647
0.084303 -0.400681 -0.122101
0.144371 -0.399640 -0.120736
0.101825 -0.420516 -0.123706
0.106784 -0.403065 -0.114522
0.176775 -0.505411 -0.135010
0.190922 -0.428390 -0.108305
0.216846 -0.456487 -0.069876
0.071243 -0.485291 -0.137542
0.173330 -0.457071 -0.124340
0.170565 -0.436624 -0.118882
0.132280 -0.485340 -0.136485
0.215144 -0.435778 -0.039271
0.205648 -0.380757 -0.010452
0.191401 -0.352748 -0.079124
0.197406 -0.331392 -0.052516
0.050904 -0.358988 -0.105207
0.065774 -0.346916 -0.111596
0.059031 -0.370539 -0.107950
0.043924 -0.184288 -0.114104
0.152754 -0.139289 -0.046554
0.052724 -0.411975 -0.106434
0.067564 -0.386284 -0.115564
0.113820 -0.437969 -0.121761
0.204872 -0.397509 -0.075487
0.193568 -0.412395 -0.091414
0.167750 -0.391239 -0.108082
0.158576 -0.405461 -0.117996
0.180365 -0.397425 -0.098864
0.143625 -0.417940 -0.114351
0.211984 -0.439333 -0.078149
0.150940 -0.491043 -0.137291
0.141776 -0.465333 -0.130565
0.149017 -0.449337 -0.120596
0.157191 -0.470180 -0.130670
0.172634 -0.473965 -0.130435
0.072562 -0.082015 -0.080195
0.090612 -0.096198 -0.077941
0.215630 -0.460424 -0.035572
0.216097 -0.453215 -0.049472
0.215174 -0.418149 -0.031233
0.196783 -0.370482 -0.046573
0.201837 -0.357472 -0.034830
0.050540 -0.288922 -0.128351
0.050463 -0.319388 -0.118366
0.107526 -0.328728 -0.121763
0.145815 -0.154230 -0.063394
0.135769 -0.134170 -0.062820
0.136536 -0.165832 -0.077561
0.104561 -0.106492 -0.076728
0.117456 -0.134223 -0.075904
0.097583 -0.125909 -0.082555
0.093447 -0.142810 -0.091796
0.131998 -0.112303 -0.057823
0.119651 -0.099281 -0.065284
0.087294 -0.112498 -0.084211
0.115979 -0.075756 -0.060336
0.076571 -0.125706 -0.091732
0.127612 -0.069803 -0.048134
0.147450 -0.122932 -0.044300
0.124392 -0.422820 -0.113677
0.128638 -0.403192 -0.122281
0.135048 -0.382782 -0.121367
0.113834 -0.384292 -0.126998
0.095775 -0.343541 -0.130981
0.209845 -0.418645 -0.077585
0.142519 -0.435283 -0.115027
0.157180 -0.427336 -0.113609
0.051204 -0.123202 -0.091241
0.051401 -0.143194 -0.098764
0.067253 -0.139736 -0.094474
0.072961 -0.102273 -0.086929
0.214430 -0.434712 -0.017378
0.215949 -0.420734 -0.054347
0.206244 -0.399004 -0.021583
0.213250 -0.404717 -0.041088
0.213133 -0.416333 -0.012756
0.210050 -0.389231 -0.052086
0.200275 -0.345394 -0.044782
0.190032 -0.353845 -0.062530
0.183802 -0.333988 -0.071694
0.191790 -0.388009 -0.080772
0.183090 -0.362549 -0.089173
0.201351 -0.342385 -0.027028
0.061821 -0.307779 -0.126351
0.128310 -0.151133 -0.076820
0.151956 -0.384859 -0.113903
0.164591 -0.378096 -0.095479
0.144295 -0.369552 -0.104897
0.144340 -0.324197 -0.106463
0.145380 -0.346441 -0.103019
0.212333 -0.406581 -0.061098
0.188577 -0.314437 -0.067815
0.203047 -0.372294 -0.068237
0.198351 -0.323736 -0.028205
0.066983 -0.328814 -0.117720
0.083371 -0.337542 -0.125518
0.091801 -0.362904 -0.117947
0.102991 -0.367285 -0.128576
0.084485 -0.377955 -0.114778
0.097980 -0.381740 -0.115262
0.125502 -0.368650 -0.118888
0.178772 -0.341283 -0.092472
0.164919 -0.356634 -0.095509
0.131455 -0.354770 -0.108306
0.196730 -0.300630 -0.039645
0.082543 -0.302574 -0.132550
0.104283 -0.275357 -0.122235
0.096743 -0.293675 -0.126887
0.162926 -0.335492 -0.100083
0.178127 -0.296213 -0.077600
0.113817 -0.350020 -0.117680
0.127912 -0.334556 -0.110222
0.135299 -0.309851 -0.107806
0.118724 -0.291771 -0.114174
0.157293 -0.312597 -0.101238
0.140461 -0.234165 -0.096784
0.125175 -0.269633 -0.110374
0.154251 -0.224573 -0.081506
0.153471 -0.209010 -0.077009
0.080816 -0.242273 -0.126577
0.173805 -0.318497 -0.089906
0.148275 -0.270610 -0.098755
0.138154 -0.252853 -0.102525
0.154711 -0.251892 -0.089070
0.160256 -0.235817 -0.079594
0.169304 -0.235632 -0.060531
0.171376 -0.251583 -0.072159
0.110617 -0.220261 -0.111604
0.092776 -0.225318 -0.119715
0.138699 -0.211994 -0.092118
0.123763 -0.214846 -0.103445
0.145222 -0.194902 -0.080760
0.096197 -0.186248 -0.106881
0.133872 -0.180941 -0.085263
0.108212 -0.198881 -0.106697
0.098425 -0.162132 -0.096588
0.113551 -0.183019 -0.098595
0.125077 -0.195537 -0.096549
0.102695 -0.174927 -0.100367
0.118488 -0.165599 -0.089084
0.164857 -0.297370 -0.092729
0.151691 -0.299102 -0.101531
0.154172 -0.285145 -0.098082
0.178140 -0.250147 -0.049015
0.186750 -0.262216 -0.033255
0.183235 -0.268051 -0.059720
0.166902 -0.274368 -0.081833
0.123908 -0.246769 -0.110165
0.098844 -0.238487 -0.120685
0.084586 -0.173390 -0.104566
0.078587 -0.188795 -0.112209
0.092943 -0.204023 -0.113903
0.077181 -0.206857 -0.118825
0.061702 -0.176525 -0.109423
0.075166 -0.224517 -0.124053
0.012181 -0.009377 -0.090548
0.035149 -0.012353 -0.089797
0.169351 -0.176408 -0.044029
0.129658 -0.090227 -0.052034
0.199423 -0.281721 -0.025297
0.194138 -0.280951 -0.042839
-0.219121 -0.551561 0.025111
-0.220095 -0.553185 0.006428
-0.220583 -0.554207 -0.012351
-0.221309 -0.554987 -0.030920
-0.219907 -0.555252 -0.049348
-0.213056 -0.554714 -0.066317
-0.206557 -0.554108 -0.083775
-0.201233 -0.553942 -0.101670
-0.193164 -0.553680 -0.118758
-0.182666 -0.553920 -0.134936
-0.168318 -0.553371 -0.148021
-0.151405 -0.552256 -0.157277
-0.134560 -0.550035 -0.167078
-0.117030 -0.548457 -0.175036
-0.098898 -0.547882 -0.180695
-0.080545 -0.547167 -0.185456
-0.062020 -0.546257 -0.189609
-0.043250 -0.545064 -0.193122
-0.023960 -0.544241 -0.195136
-0.007457 0.198383 -0.091771
-0.020214 0.212827 -0.089442
-0.033973 0.228013 -0.086829
-0.047299 0.243540 -0.080512
-0.058056 0.260270 -0.067097
-0.124410 0.252588 -0.046947
-0.129281 0.240510 -0.061867
-0.132223 0.224749 -0.074594
-0.134876 0.205869 -0.084068
-0.138761 0.185946 -0.092762
-0.142933 0.163579 -0.094840
-0.148344 0.140598 -0.090530
-0.155933 0.119175 -0.079673
-0.164393 0.102259 -0.061284
-0.170093 0.093771 -0.035859
-0.097374 0.250754 -0.066212
-0.124074 0.028034 -0.075520
-0.110982 0.182035 -0.103502
-0.090800 0.262177 -0.051740
-0.035759 0.210253 -0.092535
-0.142750 0.091883 -0.083163
-0.125856 0.175269 -0.098760
-0.113523 0.248577 -0.060841
-0.119090 0.217529 -0.084845
-0.063491 0.242845 -0.080456
-0.166147 0.073655 0.016408
-0.132648 0.129987 -0.097859
-0.108279 0.258659 -0.047186
-0.074448 0.267863 -0.050702
-0.166263 0.092176 -0.049800
-0.044440 0.199559 -0.097605
-0.021864 0.189788 -0.094826
-0.142818 0.117980 -0.089115
-0.131516 0.151883 -0.099216
-0.154771 0.103354 -0.074105
-0.028152 -0.534902 -0.186166
-0.026079 -0.521874 -0.176233
-0.122109 -0.434663 -0.111627
-0.147804 -0.295593 -0.108937
-0.207965 -0.448448 -0.061775
-0.224581 -0.537341 0.030818
-0.074699 -0.037233 -0.083208
-0.153743 0.011810 -0.004894
-0.123535 0.196743 -0.092284
-0.054230 0.221437 -0.091422
-0.164522 0.050706 0.013536
-0.161178 0.033818 0.014693
-0.162335 0.040431 -0.007940
-0.027438 0.170938 -0.116592
-0.150544 0.071372 -0.066706
-0.113475 0.142095 -0.108456
-0.109887 0.162552 -0.108016
-0.086284 0.171521 -0.112857
-0.064127 0.143081 -0.121315
-0.088684 0.147030 -0.116493
-0.067022 0.162308 -0.116656
-0.079297 0.126004 -0.119357
-0.100871 0.123562 -0.113641
-0.047924 0.163660 -0.122371
-0.089252 0.105922 -0.115350
-0.128595 0.105112 -0.098115
-0.047383 -0.533779 -0.182090
-0.075836 -0.405807 -0.103459
-0.191340 -0.277636 -0.047907
-0.077865 -0.310674 -0.125297
-0.078323 -0.100477 -0.088239
-0.211480 -0.381267 -0.037838
-0.234065 -0.505145 0.014830
-0.225308 -0.543318 -0.029908
-0.230973 -0.522304 -0.022424
-0.232180 -0.518311 -0.000222
-0.229778 -0.508003 -0.032618
-0.226874 -0.538338 -0.005254
-0.035437 0.034098 -0.104541
-0.044172 -0.000871 -0.094253
-0.152996 -0.019150 0.003650
-0.020075 0.098146 -0.119581
-0.061770 0.197306 -0.101420
-0.087069 0.219128 -0.092804
-0.102090 0.226634 -0.085306
-0.110863 0.236820 -0.075137
-0.104073 0.204936 -0.095907
-0.083896 0.197527 -0.102486
-0.165924 0.061383 -0.002967
-0.163174 0.058256 -0.024961
-0.154353 0.017635 0.026117
-0.159873 0.035084 0.032447
-0.148384 0.023776 -0.040808
-0.157568 0.021882 0.005222
-0.156331 0.026202 -0.019773
-0.152115 -0.000143 0.011173
-0.155415 0.054683 -0.048151
-0.148915 0.011369 -0.026804
-0.015988 0.172500 -0.097679
-0.036405 0.177509 -0.101865
-0.120151 0.120823 -0.105107
-0.025218 -0.490750 -0.153947
-0.017593 -0.505055 -0.164537
-0.033762 -0.423995 -0.110122
-0.199196 -0.515532 -0.117648
-0.174584 -0.135325 0.012476
-0.060278 -0.159975 -0.102064
-0.230496 -0.520709 0.024878
-0.231377 -0.494005 0.034709
-0.023281 0.129959 -0.124688
-0.045408 0.137468 -0.124128
-0.017978 0.040320 -0.106563
-0.028113 -0.036858 -0.087370
-0.151043 -0.021757 0.030283
-0.053830 0.184756 -0.112105
-0.072998 0.210852 -0.097269
-0.073071 0.227087 -0.089962
-0.083644 0.239811 -0.080454
-0.094799 0.184326 -0.107132
-0.071403 0.184219 -0.109770
-0.150832 -0.004832 -0.011893
-0.149650 -0.001342 0.030456
-0.066103 -0.499445 -0.155430
-0.025916 -0.379779 -0.097972
-0.043447 -0.455524 -0.127323
-0.106108 -0.535472 -0.167695
-0.121819 -0.533498 -0.159992
-0.200062 -0.237322 -0.007829
-0.192632 -0.196160 0.003247
-0.024070 -0.234059 -0.128008
-0.054785 -0.199236 -0.118300
-0.178511 -0.146348 0.027942
-0.159058 -0.086869 0.015020
-0.035666 -0.153517 -0.102652
-0.209068 -0.535832 -0.076044
-0.225645 -0.530530 -0.043031
-0.233531 -0.464691 0.016027
-0.215990 -0.383299 0.013993
-0.224239 -0.389467 -0.004305
-0.206599 -0.330790 -0.003308
-0.008413 0.142529 -0.126821
-0.017748 0.115922 -0.122451
-0.079433 0.082910 -0.113292
-0.059676 0.125101 -0.121417
-0.065814 0.103654 -0.118550
-0.019270 0.021782 -0.100962
-0.023397 0.003763 -0.095373
-0.052635 0.032728 -0.103443
-0.019758 0.059052 -0.111189
-0.058683 0.057860 -0.109529
-0.022967 0.078390 -0.115493
-0.152427 -0.014348 0.018243
-0.153006 -0.038182 0.016956
-0.138931 0.007105 -0.046442
-0.033191 -0.340557 -0.103654
-0.028728 -0.403744 -0.101696
-0.136983 -0.522015 -0.143917
-0.085762 -0.533631 -0.172950
-0.198212 -0.536144 -0.114405
-0.173297 -0.528592 -0.137033
-0.186264 -0.541893 -0.133933
-0.209304 -0.293416 0.011492
-0.205255 -0.238883 0.015719
-0.193576 -0.197400 0.019876
-0.184062 -0.163444 0.019056
-0.187976 -0.176716 0.019213
-0.002702 -0.239129 -0.128583
-0.019574 -0.251638 -0.131148
-0.019807 -0.216910 -0.125907
-0.016416 -0.291026 -0.122102
-0.169096 -0.121448 0.025085
-0.163954 -0.102332 0.028682
-0.157600 -0.081786 0.030873
-0.164330 -0.104940 0.008689
-0.010914 -0.107730 -0.095565
-0.018616 -0.126190 -0.099296
-0.013537 -0.093208 -0.094176
-0.017662 -0.145205 -0.102138
-0.030365 -0.136004 -0.101302
-0.017162 -0.164321 -0.107112
-0.217508 -0.538114 -0.058648
-0.212043 -0.519071 -0.065304
-0.220703 -0.515010 -0.049172
-0.204556 -0.538788 -0.094939
-0.210778 -0.501550 -0.083712
-0.213456 -0.483207 -0.076973
-0.231980 -0.441358 -0.000006
-0.211680 -0.365602 0.014465
-0.216225 -0.351797 -0.002116
-0.220854 -0.372486 -0.003662
-0.206354 -0.361596 -0.043618
-0.215081 -0.362399 -0.023156
-0.205088 -0.343166 -0.038192
-0.210569 -0.344338 -0.021125
-0.179973 -0.314654 -0.066958
-0.195488 -0.316380 -0.039285
-0.198944 -0.331551 -0.028297
-0.228809 -0.426486 0.017951
-0.223219 -0.405739 0.016113
-0.233572 -0.463074 -0.006787
-0.232889 -0.488040 -0.021548
-0.234920 -0.483701 0.013355
-0.234809 -0.497640 -0.005347
-0.233325 -0.506390 -0.017143
-0.026151 -0.015129 -0.090934
-0.038820 0.014392 -0.098840
-0.037238 0.051074 -0.109151
-0.080544 0.062248 -0.107870
-0.040713 0.069559 -0.113350
-0.044581 0.091921 -0.118105
-0.151653 -0.041204 0.033522
-0.136470 0.021354 -0.059175
-0.147095 0.037766 -0.054164
-0.135733 0.035369 -0.068796
-0.035142 -0.504981 -0.163124
-0.046102 -0.519286 -0.171506
-0.056811 -0.509260 -0.163055
-0.065137 -0.529805 -0.175173
-0.075104 -0.518836 -0.165691
-0.012391 -0.344771 -0.101649
-0.016848 -0.362490 -0.098759
-0.049624 -0.404019 -0.103774
-0.008659 -0.394416 -0.099869
-0.050829 -0.437425 -0.117809
-0.014035 -0.437784 -0.116811
-0.014711 -0.454860 -0.129198
-0.018271 -0.471434 -0.141401
-0.029859 -0.445302 -0.121487
-0.153391 -0.534650 -0.146251
-0.095814 -0.520242 -0.159733
-0.098503 -0.502992 -0.150153
-0.203497 -0.522776 -0.105347
-0.184162 -0.505597 -0.129642
-0.199616 -0.277461 -0.001414
-0.212215 -0.310291 0.000425
-0.214999 -0.315600 0.016296
-0.190533 -0.225134 -0.016638
-0.192203 -0.218355 0.009917
-0.182274 -0.248532 -0.050297
-0.193385 -0.238348 -0.032242
-0.206358 -0.254834 0.004569
-0.186454 -0.200687 -0.025256
-0.017779 -0.274415 -0.129041
-0.038903 -0.243065 -0.130426
-0.073162 -0.266985 -0.130631
-0.054906 -0.251634 -0.131220
-0.073615 -0.244479 -0.128096
-0.046001 -0.265816 -0.131518
-0.050507 -0.230747 -0.127138
-0.030763 -0.201604 -0.120783
-0.019876 -0.184765 -0.114901
-0.081782 -0.223846 -0.121616
-0.019373 -0.326297 -0.108238
-0.155040 -0.086681 -0.006129
-0.167642 -0.123580 -0.001824
-0.026890 -0.112588 -0.098377
-0.038939 -0.102012 -0.094856
-0.036373 -0.082211 -0.093128
-0.051938 -0.141623 -0.099521
-0.059091 -0.108929 -0.093352
-0.207510 -0.522956 -0.087617
-0.205380 -0.506914 -0.098512
-0.199729 -0.497070 -0.115108
-0.192382 -0.484436 -0.120708
-0.232139 -0.447758 0.014542
-0.190173 -0.355602 -0.081089
-0.200298 -0.345791 -0.056921
-0.229839 -0.420981 0.002247
-0.235093 -0.478546 -0.006298
-0.222282 -0.467364 -0.041581
-0.216493 -0.481230 -0.056147
-0.040951 -0.028810 -0.088689
-0.068917 0.046495 -0.105187
-0.154315 -0.062010 0.029873
-0.085905 0.017972 -0.091806
-0.107435 -0.004437 -0.075469
-0.131835 -0.009176 -0.052224
-0.050822 -0.488745 -0.150871
-0.034687 -0.482069 -0.146502
-0.049261 -0.369970 -0.097821
-0.032827 -0.358073 -0.098916
-0.014795 -0.415839 -0.105872
-0.031110 -0.463734 -0.134395
-0.141516 -0.501447 -0.130206
-0.162501 -0.512254 -0.130070
-0.157859 -0.496430 -0.122786
-0.159068 -0.474504 -0.124611
-0.142280 -0.478985 -0.117812
-0.121429 -0.502225 -0.138583
-0.125068 -0.483517 -0.126001
-0.188892 -0.524379 -0.130894
-0.180007 -0.151091 0.007979
-0.173371 -0.143180 -0.009055
-0.176257 -0.163992 -0.023406
-0.026660 -0.263649 -0.132033
-0.036808 -0.284161 -0.127849
-0.041828 -0.215429 -0.124224
-0.162170 -0.123494 -0.021427
-0.158776 -0.105399 -0.014912
-0.016553 -0.071096 -0.087305
-0.033510 -0.058981 -0.086524
-0.039226 -0.171819 -0.109207
-0.040931 -0.186138 -0.114829
-0.059221 -0.087638 -0.086892
-0.052552 -0.070630 -0.089525
-0.046292 -0.121867 -0.098479
-0.062444 -0.128435 -0.097533
-0.206514 -0.295128 -0.012082
-0.206775 -0.314909 -0.017919
-0.187770 -0.323904 -0.053991
-0.230007 -0.472172 -0.026397
-0.222116 -0.491560 -0.039716
-0.212723 -0.464234 -0.060194
-0.208722 -0.458253 -0.078321
-0.205006 -0.472505 -0.092669
-0.205302 -0.486237 -0.100858
-0.202919 -0.451202 -0.096174
-0.181592 -0.447161 -0.119932
-0.193888 -0.439911 -0.106364
-0.177180 -0.463938 -0.124825
-0.195579 -0.461442 -0.110902
-0.060963 -0.029979 -0.087180
-0.053488 -0.046042 -0.085975
-0.069551 -0.055620 -0.084537
-0.050003 -0.015842 -0.090507
-0.155796 -0.072719 0.010954
-0.151637 -0.057701 0.008194
-0.108707 0.018197 -0.081593
-0.091602 -0.001409 -0.084136
-0.072206 0.026634 -0.098843
-0.060559 0.014073 -0.096698
-0.073195 -0.017033 -0.086522
-0.095786 -0.022518 -0.077227
-0.123232 0.005958 -0.065686
-0.116338 -0.019210 -0.065996
-0.109230 -0.038837 -0.065690
-0.127807 -0.031262 -0.051140
-0.139400 -0.026951 -0.036356
-0.143804 -0.007570 -0.032542
-0.074105 -0.341840 -0.110333
-0.044790 -0.390453 -0.098853
-0.057369 -0.418491 -0.111033
-0.152494 -0.459139 -0.122697
-0.181526 -0.163049 -0.005112
-0.155167 -0.165811 -0.058531
-0.072318 -0.143494 -0.096919
-0.076330 -0.120074 -0.094005
-0.200765 -0.294717 -0.033564
-0.180445 -0.267247 -0.056518
-0.214051 -0.499152 -0.058244
-0.067710 -0.001827 -0.091146
-0.088594 -0.045256 -0.077243
-0.133377 -0.079003 -0.044292
-0.091286 -0.380027 -0.102664
-0.070459 -0.371198 -0.099790
-0.128580 -0.460570 -0.113111
-0.166967 -0.165691 -0.042225
-0.181985 -0.228088 -0.051582
-0.090479 -0.133063 -0.090402
-0.185552 -0.289482 -0.062180
-0.174048 -0.300801 -0.073576
-0.173427 -0.310640 -0.087694
-0.184822 -0.327432 -0.079319
-0.177753 -0.371361 -0.090163
-0.075378 -0.066985 -0.081976
-0.084735 -0.080923 -0.079008
-0.140579 -0.060660 -0.032129
-0.118916 -0.116245 -0.068503
-0.066019 -0.324314 -0.115555
-0.077590 -0.391054 -0.099286
-0.120627 -0.413175 -0.107862
-0.107227 -0.369888 -0.117673
-0.098463 -0.402861 -0.101878
-0.114456 -0.391453 -0.108467
-0.137211 -0.401801 -0.115609
-0.087553 -0.360270 -0.108455
-0.114486 -0.334828 -0.126945
-0.111644 -0.352135 -0.126335
-0.067739 -0.355612 -0.102427
-0.074230 -0.432378 -0.117210
-0.105435 -0.427013 -0.106318
-0.170880 -0.245100 -0.066781
-0.179729 -0.183867 -0.031252
-0.157899 -0.183540 -0.065020
-0.168221 -0.185180 -0.052798
-0.179864 -0.205916 -0.044922
-0.153428 -0.323383 -0.106654
-0.207861 -0.380933 -0.059398
-0.136502 -0.043674 -0.037287
-0.123616 -0.048149 -0.052436
-0.130140 -0.062163 -0.046758
-0.144865 -0.078327 -0.026144
-0.095981 -0.095263 -0.080419
-0.110706 -0.098363 -0.067952
-0.127668 -0.098800 -0.051990
-0.051510 -0.348985 -0.102213
-0.124363 -0.364072 -0.124766
-0.142927 -0.441974 -0.119728
-0.140516 -0.421299 -0.115473
-0.153998 -0.404494 -0.124170
-0.180381 -0.427830 -0.115194
-0.159730 -0.423333 -0.125013
-0.174995 -0.404384 -0.106905
-0.186400 -0.389245 -0.093794
-0.205028 -0.434201 -0.084266
-0.207466 -0.428119 -0.069828
-0.204966 -0.412890 -0.080774
-0.070568 -0.447471 -0.125253
-0.107143 -0.468743 -0.125233
-0.164405 -0.144473 -0.030911
-0.171734 -0.260012 -0.067940
-0.170714 -0.211490 -0.060711
-0.184810 -0.218343 -0.033861
-0.169566 -0.328838 -0.097052
-0.161251 -0.311397 -0.101516
-0.141164 -0.312796 -0.114137
-0.156689 -0.341589 -0.100740
-0.136404 -0.332494 -0.111948
-0.160566 -0.361306 -0.100419
-0.154183 -0.372688 -0.113743
-0.141143 -0.365409 -0.120246
-0.170779 -0.385417 -0.104006
-0.159466 -0.392865 -0.111629
-0.177387 -0.347656 -0.092040
-0.202044 -0.358682 -0.064883
-0.195429 -0.371810 -0.077312
-0.115051 -0.058214 -0.062782
-0.122254 -0.080640 -0.057820
-0.096705 -0.111771 -0.080160
-0.106336 -0.130570 -0.081158
-0.138759 -0.097032 -0.038449
-0.150498 -0.111204 -0.033303
-0.146972 -0.096323 -0.026062
-0.152613 -0.128141 -0.040548
-0.126459 -0.347952 -0.119157
-0.143573 -0.350016 -0.111129
-0.216922 -0.448284 -0.043899
-0.227380 -0.451519 -0.023340
-0.214499 -0.407384 -0.033532
-0.208359 -0.407615 -0.056943
-0.095623 -0.347929 -0.120037
-0.089346 -0.329974 -0.122392
-0.056829 -0.306939 -0.123773
-0.090656 -0.442162 -0.114356
-0.108310 -0.451068 -0.112290
-0.087184 -0.456217 -0.126964
-0.072738 -0.470287 -0.133689
-0.052014 -0.471778 -0.137905
-0.067213 -0.484915 -0.145717
-0.089599 -0.471900 -0.135319
-0.084644 -0.488040 -0.145284
-0.104238 -0.486428 -0.138654
-0.100646 -0.314846 -0.127730
-0.124348 -0.317724 -0.121892
-0.089380 -0.296628 -0.129186
-0.111241 -0.296515 -0.125373
-0.129679 -0.298996 -0.118766
-0.054316 -0.290061 -0.128493
-0.085377 -0.282808 -0.129468
-0.124773 -0.382844 -0.121821
-0.140121 -0.387749 -0.124487
-0.202307 -0.393608 -0.077806
-0.099057 -0.061786 -0.073685
-0.107664 -0.079312 -0.071953
-0.119380 -0.138382 -0.075453
-0.137796 -0.114530 -0.050321
-0.136819 -0.131520 -0.059349
-0.152173 -0.145525 -0.050190
-0.219580 -0.433007 -0.027420
-0.135927 -0.285577 -0.113761
-0.070715 -0.297046 -0.127985
-0.137139 -0.149210 -0.067446
-0.089307 -0.253124 -0.126707
-0.095177 -0.267836 -0.127020
-0.128984 -0.264121 -0.112541
-0.121868 -0.277478 -0.119000
-0.108299 -0.258415 -0.121406
-0.144284 -0.257515 -0.100192
-0.162540 -0.269063 -0.087710
-0.130156 -0.244944 -0.107732
-0.159241 -0.255533 -0.084384
-0.146909 -0.274819 -0.104187
-0.160506 -0.291007 -0.092032
-0.173752 -0.278661 -0.076848
-0.125209 0.088300 -0.096732
-0.134393 0.067708 -0.083505
-0.096825 0.073483 -0.106777
-0.142342 0.051471 -0.068875
-0.102974 0.088915 -0.108262
-0.101812 0.054589 -0.099442
-0.123277 0.046097 -0.084571
-0.105520 0.034311 -0.090187
-0.086606 0.039801 -0.099402
-0.148291 -0.026704 -0.016220
-0.143262 -0.041600 -0.023766
-0.150933 -0.039918 0.000114
-0.039219 0.114888 -0.121789
-0.190530 -0.261086 -0.034794
-0.195796 -0.279622 -0.024457
-0.200418 -0.257573 -0.016944
-0.077145 -0.191364 -0.112030
-0.098821 -0.183102 -0.102869
-0.100382 -0.165070 -0.095275
-0.083806 -0.154239 -0.095889
-0.080119 -0.171636 -0.103598
-0.059152 -0.178924 -0.110178
-0.141238 -0.171400 -0.074713
-0.121502 -0.175583 -0.089647
-0.113816 -0.193434 -0.100797
-0.149939 -0.065712 -0.009378
-0.146931 -0.048515 -0.011655
-0.168047 -0.229238 -0.069491
-0.043981 -0.322816 -0.113739
-0.102970 -0.221889 -0.115128
-0.119137 -0.209959 -0.103973
-0.097350 -0.240961 -0.122090
-0.142864 -0.215044 -0.089959
-0.128559 -0.227440 -0.103980
-0.146818 -0.238445 -0.093128
-0.148763 -0.197249 -0.079655
-0.160574 -0.197920 -0.068165
-0.156020 -0.215622 -0.078661
-0.134013 -0.195576 -0.090266
-0.141597 -0.185056 -0.080845
-0.093061 -0.204787 -0.112725
-0.068303 -0.210558 -0.120190
-0.120638 -0.158687 -0.083439
-0.102659 -0.149798 -0.089364
-0.161996 0.094302 0.044184
0.162101 0.085951 0.066823
0.166571 0.096203 0.036863
0.152238 0.114999 0.078525
0.045192 0.064589 0.162089
0.116861 0.092159 0.140927
0.072857 0.209625 -0.097371
0.150496 0.100390 -0.074069
0.166080 0.078994 -0.000731
0.166592 0.089182 0.006032
0.140491 0.112955 -0.087108
0.163772 0.061114 -0.004944
-0.076484 0.255133 -0.067563
-0.163603 0.077303 -0.043567
-0.157312 0.039686 -0.032342
-0.162520 0.091606 -0.058427
-0.167808 0.076912 -0.017108
-0.170571 0.089657 -0.013040
-0.167538 0.087956 0.012121
-0.157767 0.086100 -0.063065
-0.116156 0.069139 -0.097085
-0.227852 -0.440459 0.037639
-0.163352 -0.514239 0.211440
-0.105770 0.254050 -0.002671
-0.107618 -0.518139 0.214360
-0.189160 -0.435706 0.175067
-0.055349 -0.459898 0.175653
-0.044699 -0.485108 0.192715
0.009615 -0.409188 0.149279
-0.203274 -0.239073 0.050583
-0.101821 -0.019789 0.115392
-0.211131 -0.361754 0.089748
-0.079871 -0.184863 0.156740
-0.088506 -0.105198 0.142207
-0.167178 -0.272416 0.123093
-0.190757 -0.340378 0.141985
-0.139146 -0.126792 0.104545
-0.158379 -0.184964 0.099730
-0.197837 -0.364373 0.139708
-0.075219 -0.272957 0.138207
0.079264 -0.525465 0.232491
0.214001 -0.432673 0.159549
0.048963 -0.421319 0.164500
0.022534 -0.207102 0.178166
0.224963 -0.404863 0.118324
0.081867 -0.172806 0.159078
0.216057 -0.395452 0.140379
0.202611 -0.305742 0.096444
0.055967 0.178522 -0.103125
0.108319 0.122657 -0.108222
-0.011203 0.157340 -0.126429
0.130992 0.000812 -0.048497
0.037675 0.154688 -0.122347
0.193687 -0.253602 0.017791
0.021168 -0.431833 -0.111841
0.087736 -0.520826 -0.157983
0.098440 -0.533287 -0.164381
0.047374 -0.434409 -0.111828
-0.008417 -0.202659 -0.121948
0.165143 -0.117574 -0.006182
0.155450 -0.064583 0.020158
0.079241 -0.277767 -0.130835
0.209241 -0.458855 -0.089131
0.128008 -0.444795 -0.122805
0.178895 -0.413968 -0.112851
0.041598 -0.305808 -0.122308
0.118786 -0.121606 -0.072324
0.109170 -0.144352 -0.084966
0.081079 -0.152665 -0.097225
0.102384 -0.306589 -0.125576
0.120980 -0.315401 -0.114784
0.090984 -0.259762 -0.126043
0.109257 -0.257100 -0.118619
0.200088 -0.297511 -0.025597
-0.201317 -0.274262 0.016675
-0.113179 0.104514 -0.106830
-0.227959 -0.531647 0.014023
-0.030152 0.150272 -0.119742
-0.114647 -0.519823 -0.151993
-0.134830 -0.540650 -0.159756
-0.191554 -0.203843 -0.009742
-0.184902 -0.180070 -0.012219
-0.166079 -0.444987 -0.124740
-0.192393 -0.339933 -0.074225
-0.192033 -0.411507 -0.092540
-0.210188 -0.432677 -0.046854
-0.228152 -0.427736 -0.010774
-0.080546 -0.501186 -0.154416
-0.103195 -0.279174 -0.126199
-0.117249 -0.241639 -0.113963
-0.216689 -0.537089 0.109438
-0.031354 -0.330308 0.162863
-0.093846 -0.466397 0.188158
-0.039941 -0.413917 0.159587
-0.128337 -0.051175 0.090032
-0.136537 0.015748 0.084334
-0.130610 -0.074029 0.096600
-0.215884 -0.483647 0.108442
-0.097009 -0.115371 0.138727
-0.126027 0.057066 0.136085
-0.194572 -0.274171 0.095946
-0.057109 -0.276555 0.141020
0.028084 -0.531789 0.246684
0.196653 -0.524755 0.198385
0.226452 -0.432253 0.041640
0.089137 -0.398129 0.167062
0.227761 -0.445577 0.131382
0.024766 -0.280935 0.164334
0.156516 -0.398145 0.172295
0.035896 0.127150 -0.124567
0.020547 0.169274 -0.117116
0.050604 -0.092641 -0.087802
0.199185 -0.504562 -0.108016
0.149962 -0.519343 -0.151719
0.060298 -0.110061 -0.088707
0.216375 -0.434082 -0.062468
0.189205 -0.301006 -0.053116
0.195194 -0.367067 -0.080598
0.181435 -0.379248 -0.085233
0.196454 -0.315882 -0.046356
0.124418 -0.230965 -0.107242
0.115905 -0.235919 -0.112907
-0.167950 0.078635 0.000830
-0.164302 0.056645 0.027843
-0.219533 -0.388063 -0.021104
-0.062631 0.080085 -0.114454
-0.208034 -0.338827 0.018327
-0.227084 -0.406418 -0.003659
-0.222091 -0.406459 -0.021547
-0.060889 -0.391390 -0.098940
-0.155882 -0.233051 -0.083513
-0.024054 -0.311697 -0.115116
-0.054370 -0.336138 -0.107416
-0.190734 -0.300121 -0.053829
-0.173786 -0.485639 -0.127398
-0.082043 -0.420871 -0.110220
-0.191638 -0.422355 -0.102461
-0.038150 -0.302188 -0.122687
-0.066747 -0.280051 -0.130551
0.084932 -0.318249 -0.132373
