-0.167866 0.083788 0.021657
-0.158934 0.076097 0.032508
-0.157273 0.056372 0.035159
-0.154178 0.028270 0.040044
-0.151828 0.007913 0.042239
-0.151229 -0.048302 0.048040
-0.155401 -0.069781 0.043282
-0.159384 -0.088943 0.045124
-0.162598 -0.105616 0.041871
-0.170529 -0.133021 0.035056
-0.174474 -0.155812 0.034771
-0.178199 -0.175164 0.035476
-0.181304 -0.194204 0.035473
-0.184833 -0.212961 0.036662
-0.189392 -0.230421 0.034372
-0.191284 -0.249715 0.037452
-0.198851 -0.287581 0.038810
-0.204846 -0.323165 0.043482
-0.207295 -0.341815 0.042594
-0.211342 -0.387943 0.055870
-0.213992 -0.419994 0.049723
-0.215142 -0.439221 0.054122
-0.217956 -0.476090 0.060983
-0.217210 -0.493085 0.064296
-0.217059 -0.507658 0.069660
-0.218001 -0.509836 0.069194
-0.218687 -0.511672 0.068733
-0.211833 -0.515669 0.084120
-0.202019 -0.513889 0.093702
-0.187378 -0.512416 0.106189
-0.175959 -0.510810 0.118684
-0.164367 -0.509724 0.130104
-0.155593 -0.508420 0.142492
-0.148252 -0.507449 0.154610
-0.141291 -0.506597 0.167974
-0.129781 -0.504175 0.180580
-0.120445 -0.502789 0.191177
-0.110054 -0.501513 0.198083
-0.095885 -0.500278 0.203740
-0.080250 -0.498602 0.202723
-0.067254 -0.498024 0.196757
-0.055114 -0.498838 0.186704
-0.046984 -0.499984 0.176473
-0.034404 -0.498557 0.171935
-0.022632 -0.498810 0.171447
-0.011628 -0.499811 0.176455
0.001795 -0.499948 0.184071
0.003145 -0.463965 0.182043
-0.001390 -0.425581 0.179243
0.005941 -0.410800 0.182275
0.005155 -0.390812 0.180308
0.003480 -0.371789 0.177682
0.004506 -0.317961 0.177225
0.010735 -0.291393 0.180754
0.009047 -0.272550 0.179358
0.005732 -0.233363 0.177316
0.005719 -0.214985 0.175117
0.006362 -0.180132 0.171914
0.006777 -0.162470 0.169879
0.007816 -0.145630 0.168200
0.003327 -0.106558 0.163582
0.004921 -0.043496 0.155124
0.006384 -0.029125 0.152252
0.006214 -0.009707 0.149956
0.002377 0.009505 0.148156
0.016328 0.018953 0.147929
0.012453 0.035545 0.146728
0.008039 0.051495 0.146045
0.017517 0.062005 0.145162
0.007690 0.087299 0.139832
0.004866 0.106885 0.133813
0.001722 0.129191 0.123384
0.003863 0.145108 0.113485
0.004402 0.195593 0.079808
-0.015164 0.198110 0.077696
-0.035109 0.203492 0.071265
-0.053737 0.214958 0.061477
-0.067925 0.231073 0.045964
-0.077808 0.249798 0.026584
-0.083696 0.264072 0.004272
-0.092083 0.276500 -0.021128
-0.092426 0.277763 -0.049078
-0.106742 0.275587 -0.037190
-0.125399 0.269996 -0.036241
-0.143469 0.268177 -0.031164
-0.151515 0.269621 -0.008669
-0.151936 0.264516 0.011874
-0.147679 0.253173 0.027682
-0.142946 0.237710 0.038609
-0.138745 0.217699 0.047544
-0.134322 0.197092 0.056001
-0.133474 0.174919 0.062071
-0.136738 0.152363 0.066574
-0.141927 0.133311 0.067201
-0.148742 0.115114 0.061213
-0.156305 0.098902 0.044789
-0.193942 -0.475753 0.094773
-0.063041 -0.397583 0.187892
-0.035187 -0.446254 0.169445
-0.017561 -0.471834 0.171839
0.003035 -0.483548 0.184789
-0.040336 0.167626 0.095663
-0.035638 0.188659 0.080730
-0.114622 0.271758 -0.017861
-0.200920 -0.500352 0.092731
-0.168991 -0.477340 0.120004
-0.132578 -0.419106 0.167103
-0.132968 0.270912 -0.017556
-0.039997 -0.481330 0.172499
-0.015967 -0.487936 0.173440
-0.099198 0.269519 -0.007802
-0.071912 0.217969 0.055920
-0.167220 -0.495003 0.124270
-0.098620 0.254428 0.015877
-0.103604 -0.458022 0.195444
-0.027252 -0.486696 0.170270
-0.158743 -0.493906 0.135696
-0.132096 0.258487 0.018381
-0.058750 -0.478368 0.190700
-0.086170 -0.484406 0.201812
-0.049775 -0.489845 0.180219
-0.144366 -0.493433 0.162176
-0.133698 0.246742 0.030985
-0.117929 0.249088 0.024220
-0.119490 -0.489697 0.190101
-0.132044 -0.484363 0.177272
-0.127205 0.231486 0.041345
-0.049018 -0.471830 0.177713
-0.105447 -0.482987 0.198216
-0.095832 -0.469608 0.198110
-0.106264 -0.092469 0.134925
-0.107741 0.014853 0.130695
-0.143787 0.070988 0.090567
-0.203743 -0.446206 0.082914
-0.210716 -0.481291 0.078751
-0.158811 -0.349347 0.115412
-0.011795 -0.437518 0.174399
-0.010304 -0.458714 0.174877
-0.006441 -0.478276 0.176761
-0.016468 0.155549 0.105110
-0.094128 0.133263 0.111831
-0.210843 -0.498397 0.082516
-0.055956 0.198192 0.072790
-0.051751 0.179898 0.086198
-0.074845 0.201138 0.067379
-0.099623 0.175777 0.079396
-0.059839 0.160512 0.100248
-0.073102 0.182451 0.080947
-0.095051 0.190744 0.070660
-0.184581 -0.484005 0.106918
-0.150946 -0.489166 0.146400
-0.037911 -0.460365 0.170780
-0.047649 -0.449403 0.176335
-0.113167 0.263862 0.004106
-0.073532 -0.480589 0.199233
-0.053573 -0.186910 0.169225
-0.144934 -0.163873 0.102117
-0.060662 -0.090122 0.159461
-0.051349 0.032904 0.147853
-0.150498 0.100019 0.063249
-0.154858 0.071037 0.057622
-0.198985 -0.405430 0.081997
-0.210932 -0.444789 0.069591
-0.211428 -0.463035 0.073024
-0.204893 -0.466797 0.086185
-0.204322 -0.484301 0.088374
-0.182789 -0.346678 0.085644
-0.012843 -0.365422 0.167983
-0.004064 -0.445261 0.178844
-0.050532 0.124071 0.129432
-0.015139 0.135481 0.119217
-0.118155 0.187097 0.065149
-0.105591 0.155916 0.090216
-0.158233 -0.477643 0.133866
-0.141877 -0.475495 0.162659
-0.150429 -0.466719 0.146084
-0.021890 -0.453724 0.170203
-0.025099 -0.440125 0.169312
-0.037998 -0.413831 0.168829
-0.044158 -0.432810 0.173434
-0.029075 -0.469853 0.169813
-0.060296 -0.427129 0.190301
-0.064482 -0.446464 0.193528
-0.052029 -0.436115 0.182815
-0.049809 -0.416493 0.177716
-0.173731 -0.217746 0.071582
-0.153194 -0.096455 0.069698
-0.156389 0.087982 0.041939
-0.156796 0.067926 0.041536
-0.153684 0.055091 0.059043
-0.211362 -0.425182 0.066132
-0.205423 -0.423724 0.078044
-0.208210 -0.405053 0.070173
-0.013173 -0.326812 0.169499
-0.017534 -0.294988 0.166372
-0.013216 -0.398343 0.170219
-0.008769 -0.383935 0.171374
-0.008079 0.182994 0.087695
-0.020999 0.171460 0.093752
-0.054206 0.142853 0.115186
-0.027540 0.098795 0.139091
-0.015284 0.115454 0.131462
-0.139083 0.128406 0.075851
-0.128631 0.145388 0.080780
-0.123103 0.165845 0.073924
-0.114536 0.138477 0.095903
-0.128529 0.107822 0.104242
-0.115284 0.121479 0.108071
-0.129697 0.125647 0.090027
-0.141082 -0.454614 0.161514
-0.131045 -0.464134 0.174604
-0.121279 -0.463495 0.185047
-0.018827 -0.420091 0.169514
-0.027396 -0.404045 0.167140
-0.022550 -0.384679 0.166970
-0.028275 -0.368087 0.166171
-0.014024 -0.344981 0.168515
-0.012916 -0.211775 0.167130
0.001900 -0.199661 0.172623
-0.014320 -0.191627 0.165717
-0.031963 -0.209747 0.164828
-0.187141 -0.258844 0.061772
-0.010180 -0.091692 0.158976
-0.015913 -0.109419 0.159337
-0.149888 -0.063818 0.066354
-0.146604 -0.031680 0.060328
-0.159591 -0.110000 0.059070
-0.152149 -0.079514 0.065975
-0.165455 -0.123425 0.048757
-0.010463 0.028052 0.146808
-0.148367 0.017893 0.059933
-0.147641 0.001391 0.059170
-0.151657 0.082620 0.068775
-0.155279 0.046341 0.043740
-0.149228 0.062915 0.078023
-0.204140 -0.390047 0.072174
-0.179179 -0.463195 0.108631
-0.208656 -0.358383 0.050851
-0.202047 -0.335266 0.058839
0.001313 -0.332612 0.176134
0.001839 -0.300983 0.173455
-0.004694 -0.261606 0.171637
-0.008888 -0.242227 0.170523
-0.031043 -0.230490 0.166542
-0.001080 -0.350897 0.175116
-0.044016 0.152428 0.107353
-0.032656 0.139087 0.118300
-0.073432 0.128094 0.123858
-0.091966 0.147830 0.101201
-0.071195 0.148314 0.107716
-0.028973 0.125181 0.127447
-0.009654 0.096074 0.138126
-0.042764 0.109672 0.137035
-0.157268 -0.462948 0.132547
-0.130047 -0.441820 0.171936
-0.044273 -0.368762 0.171595
-0.047087 -0.347509 0.171270
-0.032242 -0.336884 0.166050
-0.046104 -0.326457 0.169155
-0.054379 -0.381536 0.178614
-0.041430 -0.385260 0.169411
-0.010259 -0.170381 0.165290
-0.008481 -0.155180 0.165042
-0.015906 -0.141851 0.163200
-0.006659 -0.226070 0.170270
-0.018533 -0.225637 0.165682
-0.183624 -0.222461 0.051383
-0.195060 -0.266043 0.041921
-0.192544 -0.277322 0.056890
-0.000247 -0.073196 0.158021
-0.010228 -0.054160 0.154122
-0.042055 -0.076387 0.156312
-0.016185 -0.036762 0.151914
-0.150171 -0.029599 0.042047
-0.149863 -0.013347 0.048067
-0.144420 -0.088304 0.084152
-0.170586 -0.161815 0.056697
-0.009228 0.044571 0.145515
-0.012258 0.059023 0.144922
-0.033044 0.038498 0.146375
-0.034562 0.022918 0.146780
-0.142252 0.007151 0.077937
-0.143626 -0.013303 0.070857
-0.151321 0.039192 0.061485
-0.147259 0.047644 0.078661
-0.190703 -0.437001 0.092232
-0.173548 -0.408666 0.104582
-0.187621 -0.417051 0.092799
-0.187622 -0.369005 0.085112
-0.189601 -0.385361 0.086249
-0.170321 -0.378321 0.103628
-0.179751 -0.398021 0.095575
-0.193056 -0.332182 0.072226
-0.199235 -0.300956 0.046765
-0.010615 -0.311329 0.169227
-0.039287 -0.296806 0.167399
-0.028870 -0.314839 0.166199
-0.026467 -0.287279 0.166154
-0.005298 -0.280865 0.171493
0.005856 -0.253719 0.177476
-0.036108 -0.263146 0.166438
-0.091185 0.095134 0.139276
-0.111621 0.104963 0.124216
-0.080693 0.164673 0.093640
-0.010249 0.076104 0.142259
-0.048984 0.094669 0.143325
-0.068534 0.107724 0.137805
-0.070323 0.085169 0.146364
-0.093645 0.115739 0.125773
-0.150562 -0.450977 0.145405
-0.139662 -0.437189 0.160034
-0.121479 -0.445163 0.183046
-0.105103 -0.388241 0.186658
-0.051705 -0.398502 0.177751
-0.034943 -0.139620 0.161988
-0.043643 -0.172485 0.165352
-0.047665 -0.155914 0.166393
-0.174526 -0.183022 0.056826
-0.173907 -0.202772 0.067902
-0.164210 -0.169493 0.074674
-0.154557 -0.176853 0.091533
-0.165410 -0.189923 0.077460
-0.161712 -0.206894 0.088966
-0.164422 -0.228301 0.088483
-0.188707 -0.292778 0.068920
-0.180529 -0.272880 0.075890
-0.176948 -0.254317 0.077663
-0.021187 -0.072845 0.155592
-0.028167 -0.054279 0.153775
-0.039478 -0.042404 0.152927
-0.052922 -0.052739 0.155043
-0.050161 -0.034315 0.151211
0.010976 -0.123342 0.167501
-0.010433 -0.019489 0.150109
-0.010744 -0.002270 0.148053
-0.044568 -0.015157 0.148629
-0.141256 -0.033076 0.078551
-0.029876 0.065105 0.145386
-0.027895 0.051338 0.146328
-0.067617 0.042289 0.145953
-0.067708 0.012267 0.143926
-0.020640 0.010219 0.147318
-0.136430 -0.008195 0.087927
-0.124175 0.016328 0.114823
-0.141496 0.054649 0.099516
-0.191671 -0.454635 0.094716
-0.176469 -0.427751 0.104467
-0.164935 -0.456205 0.122055
-0.155973 -0.446381 0.133075
-0.199084 -0.355133 0.070028
-0.202582 -0.374089 0.069040
-0.170475 -0.359864 0.100684
-0.197031 -0.312577 0.062062
-0.047625 -0.307257 0.169946
-0.021831 -0.249108 0.166044
-0.030926 0.083699 0.143645
-0.110485 -0.448370 0.190531
-0.092153 -0.418285 0.193952
-0.055529 -0.337172 0.176383
-0.023960 -0.123178 0.159905
-0.027160 -0.160365 0.163483
-0.098068 -0.159190 0.159142
-0.061732 -0.169960 0.168689
-0.155983 -0.190565 0.093636
-0.153072 -0.155722 0.089272
-0.150794 -0.222947 0.104762
-0.176627 -0.235039 0.070179
-0.185315 -0.241855 0.056995
-0.028990 -0.006194 0.147413
-0.029025 -0.025125 0.149838
-0.045390 0.049997 0.148798
-0.061896 0.053393 0.145400
-0.051415 0.018919 0.146208
-0.045114 0.005851 0.145909
-0.060344 -0.023260 0.148097
-0.077508 -0.035305 0.144098
-0.069188 -0.045881 0.150577
-0.075116 -0.062046 0.151767
-0.060238 -0.074495 0.157257
-0.081919 -0.080610 0.152856
-0.090915 -0.099996 0.149705
-0.060363 -0.108208 0.162333
-0.088657 -0.048940 0.140314
-0.078215 -0.099863 0.158145
-0.080766 -0.117073 0.160169
-0.105138 -0.062610 0.130332
-0.064428 -0.125771 0.164079
-0.045463 -0.123365 0.162545
-0.092506 -0.143302 0.159908
-0.071064 -0.150152 0.166683
-0.056690 -0.139009 0.165260
-0.121945 -0.015658 0.110190
-0.109892 -0.033776 0.122118
-0.104210 -0.017546 0.126040
-0.130670 0.004774 0.100950
-0.094155 -0.000664 0.133639
-0.084922 0.008934 0.139165
-0.066867 -0.004887 0.142832
-0.131628 0.031879 0.111566
-0.118898 0.074435 0.134775
-0.139955 0.039696 0.096539
-0.164861 -0.439126 0.117803
-0.050179 0.070690 0.148257
-0.073641 -0.437186 0.194490
-0.082305 -0.453630 0.198233
-0.121619 -0.420649 0.179754
-0.107783 -0.430474 0.190636
-0.074130 -0.386531 0.190699
-0.036490 -0.190881 0.165042
-0.151552 -0.115295 0.079800
-0.166592 -0.268603 0.096548
-0.168099 -0.305111 0.098171
-0.161214 -0.322148 0.107962
-0.165454 -0.340984 0.103822
-0.162076 -0.285521 0.103593
-0.173458 -0.287894 0.089236
-0.182386 -0.307986 0.080726
-0.131798 -0.257474 0.143419
-0.167805 -0.246691 0.089987
-0.153041 -0.251246 0.107840
-0.147669 -0.235685 0.112140
-0.064977 -0.285180 0.178420
-0.134596 -0.307544 0.147961
-0.141115 -0.255608 0.125136
-0.056299 -0.289285 0.172899
-0.141578 -0.276265 0.131497
-0.149872 -0.292377 0.122326
-0.157707 -0.304427 0.111248
-0.128290 -0.277011 0.151674
-0.136888 -0.218175 0.122179
-0.151419 -0.271691 0.115890
-0.137977 -0.289833 0.139461
-0.043393 -0.280308 0.168640
-0.141577 -0.075041 0.086747
-0.130174 -0.068509 0.105310
-0.096107 -0.127084 0.155280
-0.106500 -0.046277 0.127060
-0.095905 -0.032435 0.131592
-0.070352 0.027526 0.145191
-0.105400 0.038893 0.142960
-0.085979 0.038185 0.148419
-0.085052 0.052123 0.152070
-0.091761 0.023319 0.141628
-0.109824 0.030705 0.137787
-0.082640 -0.019097 0.138161
-0.137806 0.022356 0.095850
-0.107714 0.087388 0.135751
-0.126309 0.092110 0.120204
-0.096909 0.069893 0.147754
-0.137027 0.090848 0.100818
-0.136969 0.061134 0.112456
-0.118504 0.051594 0.138984
-0.132218 0.077804 0.118515
-0.121815 0.040443 0.132066
-0.100679 0.048426 0.148622
-0.131367 0.048180 0.118822
-0.092507 -0.438890 0.197369
-0.115393 -0.405458 0.184168
-0.132196 -0.382337 0.162685
-0.127377 -0.402908 0.172797
-0.157593 -0.364378 0.119059
-0.064267 -0.378817 0.186718
-0.092802 -0.396289 0.190402
-0.058114 -0.360305 0.181588
-0.066384 -0.349896 0.186108
-0.071242 -0.368581 0.188092
-0.086667 -0.375850 0.189943
-0.025960 -0.177723 0.163633
-0.149126 -0.135597 0.089637
-0.140942 -0.122230 0.098413
-0.124382 -0.121463 0.120835
-0.133445 -0.127653 0.109348
-0.124790 -0.212007 0.139296
-0.062144 -0.302218 0.177748
-0.090730 -0.292341 0.182024
-0.155578 -0.332913 0.120125
-0.100494 -0.111507 0.145968
-0.122097 -0.059442 0.114896
-0.123287 -0.039209 0.111086
-0.120841 0.027688 0.125300
-0.074977 0.065075 0.147818
-0.088229 0.080134 0.145338
-0.140043 0.109849 0.082899
-0.144644 0.089320 0.083127
-0.137664 0.075283 0.104024
-0.110255 0.060591 0.145235
-0.165755 -0.395205 0.111164
-0.079343 -0.426102 0.194351
-0.107794 -0.412534 0.188777
-0.079653 -0.405749 0.192055
-0.078944 -0.340054 0.188274
-0.112084 -0.125936 0.139483
-0.109944 -0.143375 0.145530
-0.123770 -0.136100 0.125067
-0.133901 -0.148292 0.115080
-0.084231 -0.172328 0.168426
-0.081465 -0.157671 0.165997
-0.116321 -0.108244 0.127517
-0.141728 -0.102119 0.092334
-0.130955 -0.179871 0.124063
-0.133464 -0.196639 0.124512
-0.143119 -0.182130 0.108254
-0.038783 -0.245540 0.167728
-0.050364 -0.258244 0.169144
-0.064570 -0.248528 0.175333
-0.071874 -0.268575 0.179962
-0.076480 -0.251414 0.178537
-0.088167 -0.267431 0.178997
-0.118930 -0.259918 0.158869
-0.105964 -0.258370 0.170625
-0.058709 -0.269420 0.173947
-0.060369 -0.317977 0.178487
-0.077451 -0.309250 0.184076
-0.098857 -0.311074 0.179827
-0.106455 -0.292707 0.174788
-0.087212 -0.325107 0.185612
-0.075725 -0.287843 0.182500
-0.151580 -0.315715 0.122723
-0.130698 -0.325678 0.156685
-0.140738 -0.330053 0.141938
-0.124642 -0.312730 0.161238
-0.115219 -0.276200 0.165630
-0.119640 -0.386177 0.178032
-0.120383 -0.372375 0.175752
-0.108154 -0.356953 0.182633
-0.155984 -0.379067 0.123629
-0.155295 -0.427069 0.134161
-0.100528 -0.366081 0.186044
-0.083343 -0.355328 0.189859
-0.068292 -0.328918 0.184710
-0.160830 -0.149480 0.074447
-0.158977 -0.129798 0.069944
-0.167693 -0.143787 0.057717
-0.072850 -0.189355 0.171432
-0.091626 -0.189745 0.168080
-0.063821 -0.202473 0.171391
-0.050271 -0.204869 0.168375
-0.122821 -0.191704 0.139402
-0.110008 -0.165415 0.149675
-0.068019 -0.233009 0.175782
-0.123862 -0.093146 0.116768
-0.129962 -0.109454 0.111444
-0.133368 -0.165443 0.118243
-0.122386 -0.157448 0.131667
-0.146396 -0.201044 0.108486
-0.119504 -0.243990 0.155616
-0.115062 -0.222902 0.155610
-0.130078 -0.232845 0.139738
-0.094848 -0.246573 0.175716
-0.086213 -0.229633 0.175965
-0.082857 -0.208134 0.172637
-0.098881 -0.225459 0.171084
-0.102667 -0.206520 0.164270
-0.104728 -0.239209 0.168857
-0.104779 -0.329999 0.180679
-0.117435 -0.325714 0.171382
-0.094779 -0.342331 0.185800
-0.123889 -0.294729 0.160195
-0.149601 -0.349052 0.129790
-0.118152 -0.357131 0.174568
-0.129632 -0.363561 0.163746
-0.163037 -0.415617 0.119047
-0.149660 -0.437742 0.142295
-0.098418 -0.174091 0.162564
-0.109036 -0.186146 0.155074
-0.115116 -0.202585 0.150636
-0.051690 -0.236561 0.169817
-0.116756 -0.077822 0.123957
-0.121521 -0.174048 0.136956
-0.110059 -0.342922 0.179852
-0.113990 -0.310308 0.171381
-0.123247 -0.342281 0.166791
-0.147118 -0.368362 0.135170
-0.142280 -0.351278 0.141165
-0.134921 -0.348590 0.151791
-0.157838 -0.394873 0.123895
-0.152197 -0.408773 0.135317
-0.144838 -0.419022 0.149426
-0.143485 -0.395544 0.149059
-0.140140 -0.370934 0.149056
-0.149846 -0.387824 0.136905
-0.057100 -0.457717 0.188342
-0.087590 0.240893 0.032161
-0.106351 0.239925 0.032435
-0.090726 0.228899 0.043098
-0.110445 0.205832 0.057194
-0.093513 0.211326 0.056374
-0.110321 0.224494 0.045748
-0.124699 0.216868 0.049418
-0.032261 -0.091264 0.157283
-0.139457 -0.057075 0.088886
-0.143358 -0.047563 0.077358
-0.041123 -0.107282 0.159238
-0.102584 -0.277761 0.174337
0.167097 0.082033 0.012615
0.159748 0.056330 0.024773
0.157871 0.038993 0.032718
0.153706 -0.012390 0.031620
0.152709 -0.029520 0.029757
0.153438 -0.047994 0.029313
0.156726 -0.066388 0.029575
0.161130 -0.085825 0.032737
0.167684 -0.119931 0.032911
0.172182 -0.137585 0.026383
0.180950 -0.194814 0.025690
0.190359 -0.267465 0.026827
0.191321 -0.284695 0.027196
0.191660 -0.303302 0.028051
0.191931 -0.321693 0.029399
0.192726 -0.337824 0.030188
0.195182 -0.358171 0.023911
0.190983 -0.373438 0.033234
0.192019 -0.426226 0.039181
0.194742 -0.445714 0.032932
0.194050 -0.470971 0.038910
0.195134 -0.488676 0.041570
0.194822 -0.503328 0.044696
0.195382 -0.505622 0.044139
0.195419 -0.507752 0.043579
0.193293 -0.510335 0.060846
0.189812 -0.508613 0.075877
0.188839 -0.507372 0.090589
0.183215 -0.505383 0.104620
0.177818 -0.505368 0.116422
0.168486 -0.504240 0.127278
0.156695 -0.502750 0.138597
0.145605 -0.502685 0.144701
0.133363 -0.502052 0.150117
0.120482 -0.501942 0.153050
0.107953 -0.501848 0.155802
0.095067 -0.500500 0.159255
0.082014 -0.499690 0.164290
0.069044 -0.499750 0.169552
0.058875 -0.499527 0.175331
0.049489 -0.499712 0.184523
0.036732 -0.499596 0.193263
0.026386 -0.499585 0.195360
0.015126 -0.499213 0.191245
0.025468 0.198078 0.078392
0.044841 0.206621 0.070674
0.061300 0.218013 0.059356
0.074854 0.234958 0.042469
0.083456 0.253111 0.022318
0.090792 0.267572 0.001558
0.095001 0.279418 -0.022483
0.096906 0.279470 -0.051947
0.127438 0.273377 -0.035262
0.148728 0.268593 -0.033163
0.155826 0.270683 -0.010681
0.156438 0.267332 0.009871
0.152289 0.258434 0.024745
0.147312 0.242815 0.036709
0.143515 0.225736 0.046581
0.139240 0.203970 0.055880
0.139794 0.180581 0.061967
0.143207 0.159420 0.064702
0.148332 0.136981 0.063076
0.153997 0.117561 0.053389
0.158833 0.099277 0.037954
0.026466 -0.467032 0.192205
0.016007 0.185979 0.085974
0.087942 0.179464 0.083941
0.109296 0.277635 -0.038983
0.181967 -0.425970 0.102017
0.055750 -0.466410 0.175900
0.088625 0.210129 0.060633
0.106416 0.240097 0.033589
0.119378 0.273917 -0.019700
0.102093 0.259644 0.010447
0.181837 -0.460631 0.108044
0.030383 -0.486183 0.192695
0.078502 0.222031 0.052677
0.087570 0.241335 0.032582
0.137860 0.272132 -0.011888
0.134022 0.263838 0.014072
0.104332 0.272764 -0.011756
0.097370 -0.470283 0.156417
0.166138 -0.463935 0.128588
0.190059 -0.499187 0.070454
0.058391 -0.485999 0.174951
0.073153 -0.485109 0.166985
0.100369 -0.486971 0.157180
0.179227 -0.490812 0.110582
0.148291 -0.487767 0.142530
0.041024 -0.479408 0.189827
0.124509 -0.484033 0.152519
0.111577 -0.476863 0.154594
0.087515 -0.487236 0.160521
0.111177 -0.489345 0.155471
0.126913 -0.214734 0.139428
0.112218 0.014843 0.130356
0.146575 0.075407 0.095854
0.023339 -0.445849 0.192036
0.044612 0.158784 0.103284
0.057526 -0.334063 0.176272
0.190545 -0.426377 0.072854
0.011967 -0.473760 0.189493
0.014627 -0.458281 0.188723
0.102415 0.249588 0.022802
0.096389 0.227440 0.045098
0.110401 0.209159 0.058205
0.119779 0.224499 0.047060
0.128798 0.211659 0.053745
0.127231 0.194842 0.062635
0.128501 0.236709 0.038815
0.112154 0.188633 0.070096
0.125880 0.169264 0.075425
0.077580 0.195222 0.073921
0.095904 0.195268 0.070541
0.106636 0.130421 0.113427
0.037208 0.187616 0.083461
0.107014 0.149035 0.099035
0.106211 0.170703 0.085056
0.192184 -0.493939 0.059395
0.191119 -0.481112 0.055160
0.190629 -0.481856 0.072954
0.188105 -0.454089 0.093921
0.191031 -0.467166 0.081631
0.185821 -0.471171 0.097333
0.191678 -0.449935 0.077700
0.189515 -0.460121 0.053165
0.184220 -0.490728 0.099807
0.189700 -0.487591 0.086726
0.183004 -0.442088 0.104040
0.189459 -0.439789 0.089404
0.175534 -0.473506 0.119949
0.171399 -0.485945 0.124384
0.159405 -0.484667 0.135281
0.116577 0.267445 0.001428
0.139837 -0.468315 0.145428
0.171458 -0.211568 0.091925
0.065317 -0.239935 0.169873
0.148992 -0.089257 0.087899
0.080868 -0.049467 0.143405
0.151989 0.095616 0.067897
0.008401 -0.442131 0.185511
0.136858 0.146939 0.076333
0.122157 0.149656 0.089438
0.122413 0.130181 0.102920
0.188776 -0.424954 0.054418
0.188372 -0.379203 0.061701
0.033646 -0.446956 0.190217
0.043468 -0.462186 0.188496
0.068282 0.205472 0.066167
0.059629 0.189450 0.079900
0.051533 0.173848 0.091609
0.072086 0.180155 0.085983
0.067574 0.162233 0.099822
0.030429 0.172000 0.093573
0.004584 0.167318 0.097592
0.024189 0.153650 0.107252
0.181191 -0.476983 0.107840
0.190223 -0.465986 0.065759
0.188803 -0.445436 0.062229
0.190259 -0.444589 0.048369
0.116155 -0.443054 0.153349
0.091918 -0.449170 0.160601
0.076389 -0.415169 0.165033
0.091144 -0.430147 0.161288
0.107446 -0.459133 0.154646
0.105904 -0.438576 0.156766
0.124377 -0.464280 0.151965
0.130724 -0.450479 0.149104
0.125598 -0.408629 0.149925
0.090292 -0.411782 0.161699
0.104048 -0.420668 0.156634
0.114156 -0.404179 0.154889
0.082461 -0.392424 0.163816
0.068428 -0.397439 0.170284
0.073302 -0.376482 0.168318
0.087097 -0.371442 0.163150
0.062729 -0.376406 0.175515
0.111295 -0.381869 0.154018
0.096286 -0.384579 0.159811
0.058569 -0.407479 0.178676
0.066798 -0.418763 0.169677
0.057131 -0.421945 0.178384
0.054743 -0.437256 0.179432
0.063818 -0.360397 0.173541
0.143531 -0.384587 0.140611
0.169755 -0.434268 0.122624
0.127587 -0.390689 0.149598
0.098845 -0.399425 0.159539
0.075244 -0.357909 0.167039
0.054144 -0.388827 0.181289
0.049983 -0.371726 0.182861
0.176243 -0.428169 0.115259
0.165838 -0.413482 0.126534
0.165604 -0.447142 0.127957
0.042933 -0.399527 0.186572
0.175977 -0.453168 0.118641
0.045064 -0.356943 0.184894
0.027300 -0.389694 0.189908
0.038913 -0.379665 0.187283
0.082997 -0.468187 0.163623
0.063557 -0.449633 0.171026
0.179186 -0.212988 0.056384
0.036882 -0.168404 0.176472
0.037695 -0.283460 0.182549
0.147316 -0.012411 0.068579
0.151216 0.016995 0.066382
0.048314 0.040185 0.149738
0.039191 0.012491 0.149774
0.027913 -0.016467 0.151833
0.156722 0.053381 0.048015
0.155769 0.068790 0.056588
0.158396 0.068241 0.037985
0.154292 0.051486 0.065908
0.154668 0.102194 0.053151
0.146011 0.125052 0.073455
0.158638 0.086810 0.034705
0.013848 -0.420378 0.187228
0.088277 0.146513 0.107802
0.131960 0.100684 0.115663
0.023275 0.136018 0.120004
0.015461 -0.330194 0.185562
0.190454 -0.406748 0.046861
0.188243 -0.367764 0.051358
0.188041 -0.332755 0.048415
0.043314 0.143350 0.115496
0.127802 -0.434292 0.149819
0.116788 -0.424077 0.152817
0.029947 -0.428397 0.191111
0.042330 -0.429505 0.188492
0.043993 -0.416472 0.187376
0.043165 -0.444191 0.187799
0.151907 -0.448210 0.137366
0.022322 -0.371106 0.188995
0.029389 -0.345289 0.187564
0.049404 -0.343936 0.181087
0.043154 -0.321369 0.183087
0.016378 -0.382815 0.184737
0.018064 -0.399475 0.187319
0.067280 -0.469023 0.169943
0.074758 -0.451311 0.165149
0.075510 -0.435563 0.165170
0.053110 -0.452074 0.179232
0.178572 -0.195439 0.049946
0.184052 -0.241071 0.052438
0.182932 -0.209079 0.032263
0.185285 -0.228121 0.036498
0.045218 -0.138881 0.169961
0.023291 -0.295682 0.184941
0.164010 -0.104607 0.035910
0.160109 -0.096848 0.055153
0.167045 -0.130949 0.051544
0.157117 -0.075647 0.048470
0.152781 -0.066282 0.061376
0.023734 -0.040718 0.157035
0.027912 -0.105834 0.169851
0.031180 -0.086312 0.167529
0.011146 -0.090110 0.163585
0.155667 0.019991 0.040034
0.155217 0.034746 0.052180
0.025792 0.044939 0.147800
0.038308 0.027780 0.149462
0.027867 -0.410684 0.190259
0.090994 0.162808 0.095424
0.066304 0.145875 0.113315
0.076259 0.113823 0.135132
0.064113 0.129292 0.126288
0.036627 0.122263 0.130049
0.087771 0.130204 0.122036
0.014280 0.117017 0.129401
0.027423 0.099552 0.138095
0.139701 -0.402120 0.144403
0.021369 -0.429230 0.190891
0.141927 -0.456061 0.142441
0.150180 -0.466333 0.138898
0.037394 -0.337823 0.185301
0.065309 -0.434242 0.169770
0.177343 -0.175040 0.036135
0.173531 -0.179400 0.060342
0.174073 -0.197787 0.073696
0.167520 -0.179942 0.081776
0.180523 -0.230802 0.062313
0.175402 -0.228667 0.084169
0.165063 -0.193368 0.096887
0.161244 -0.172071 0.096827
0.187474 -0.251632 0.036513
0.183895 -0.257688 0.060827
0.179864 -0.244395 0.076399
0.181810 -0.263225 0.081598
0.171522 -0.229207 0.097211
0.188212 -0.292799 0.045144
0.188338 -0.273744 0.044175
0.017164 -0.172431 0.176104
0.016309 -0.195639 0.178637
0.017718 -0.240328 0.182882
0.018993 -0.259460 0.183351
0.153999 -0.085200 0.069667
0.171936 -0.144895 0.044401
0.174814 -0.155232 0.030570
0.165653 -0.160824 0.077201
0.158320 -0.145323 0.088849
0.165931 -0.142623 0.067312
0.159003 -0.127740 0.076941
0.151837 -0.133485 0.100809
0.157509 -0.157838 0.100272
0.163734 -0.117078 0.057781
0.155211 -0.105468 0.075737
0.129867 -0.146304 0.129519
0.152998 -0.054467 0.047806
0.145625 -0.031199 0.072846
0.152483 -0.038422 0.050624
0.025800 -0.130607 0.172447
0.045459 -0.117335 0.166442
0.029081 0.078881 0.144072
0.042893 -0.004241 0.149752
0.056364 0.001588 0.148429
0.022700 -0.000092 0.150463
0.187434 -0.315262 0.052846
0.186020 -0.298499 0.068782
0.187365 -0.343197 0.078703
0.188547 -0.353278 0.042761
0.132322 -0.420913 0.147576
0.155591 -0.428464 0.134138
0.141861 -0.427102 0.141625
0.146984 -0.414392 0.139693
0.142640 -0.439898 0.141265
0.012780 -0.363554 0.182882
0.020397 -0.351437 0.187670
0.059684 -0.309262 0.176757
0.176434 -0.217724 0.075253
0.154190 -0.184094 0.110835
0.149819 -0.168196 0.112793
0.145143 -0.208765 0.125310
0.157103 -0.223932 0.117144
0.143910 -0.186158 0.122173
0.155572 -0.203707 0.113754
0.043277 -0.185337 0.177080
0.028431 -0.190111 0.178781
0.065170 -0.204486 0.167742
0.058862 -0.179079 0.169774
0.053619 -0.196461 0.174024
0.051161 -0.216741 0.175613
0.022018 -0.279886 0.185214
0.033165 -0.263439 0.183223
0.048088 -0.267871 0.177870
0.014459 -0.310964 0.183971
0.026765 -0.324329 0.185988
0.136407 -0.087410 0.109525
0.171664 -0.158613 0.052371
0.150643 -0.119693 0.093943
0.131655 -0.168137 0.129467
0.142482 -0.153249 0.119138
0.098333 -0.160570 0.149222
0.130740 -0.193640 0.134368
0.117070 -0.156459 0.137183
0.109924 -0.170434 0.142338
0.149940 -0.147565 0.107703
0.150689 -0.024928 0.050155
0.148170 -0.049736 0.070517
0.147895 -0.072624 0.080248
0.013929 -0.060453 0.158819
0.035217 -0.071016 0.163029
0.056290 -0.069372 0.155010
0.069806 -0.083136 0.152609
0.039759 -0.055084 0.161178
0.151410 -0.011456 0.048789
0.154861 0.002263 0.035849
0.143772 0.000140 0.080528
0.073737 0.040749 0.148633
0.065450 0.051039 0.149445
0.085413 0.028850 0.146526
0.187058 -0.335729 0.065059
0.188524 -0.363766 0.070327
0.068887 -0.321400 0.170272
0.040117 -0.300835 0.182568
0.165199 -0.216626 0.105977
0.031346 -0.223412 0.181750
0.048242 -0.158609 0.171162
0.067904 -0.162009 0.162872
0.031197 -0.245121 0.182186
0.066143 -0.278596 0.170577
0.144819 -0.102697 0.100542
0.129478 -0.102954 0.120899
0.141024 -0.119083 0.112761
0.137357 -0.135127 0.120215
0.123304 -0.121340 0.130129
0.118344 -0.133634 0.134863
0.032954 -0.148590 0.174319
0.017968 -0.075258 0.161934
0.054235 -0.087808 0.160502
0.090390 -0.102458 0.145875
0.074895 -0.066447 0.146505
0.150787 0.002991 0.056740
0.150214 0.030797 0.073701
0.149282 0.046207 0.085124
0.063049 0.016158 0.147269
0.052839 0.087967 0.145224
0.053005 0.111591 0.136786
0.067033 0.100661 0.143014
0.103870 0.081156 0.144219
0.091665 0.095670 0.141610
0.103136 0.110295 0.129978
0.120562 0.112232 0.117486
0.131944 0.068430 0.127131
0.075242 0.004770 0.143769
0.065683 0.027405 0.147359
0.087548 0.016778 0.144183
0.188363 -0.351045 0.060010
0.189040 -0.403530 0.072574
0.188001 -0.417501 0.087644
0.071715 -0.336952 0.168504
0.038187 -0.204874 0.179785
0.048947 -0.232622 0.176346
0.049621 -0.247573 0.177059
0.091682 -0.176184 0.153145
0.059409 -0.145562 0.164246
0.072865 -0.148575 0.159272
0.062009 -0.131187 0.161563
0.084081 -0.117154 0.149714
0.065606 -0.110915 0.156676
0.075743 -0.096454 0.151165
0.117671 -0.104079 0.130945
0.104944 -0.097073 0.138012
0.055698 -0.288759 0.176125
0.079668 -0.282057 0.164872
0.074025 -0.294262 0.167502
0.075229 -0.264775 0.166202
0.076928 -0.306825 0.165741
0.117752 -0.185344 0.140120
0.108434 -0.145784 0.143044
0.138721 -0.014954 0.089008
0.139435 -0.035068 0.091268
0.133135 -0.048448 0.104720
0.141846 -0.054155 0.088783
0.112303 -0.058020 0.127590
0.125765 -0.028449 0.112870
0.125297 -0.058271 0.116726
0.131301 -0.016432 0.104222
0.099773 -0.045461 0.134463
0.105906 -0.027284 0.129782
0.118567 -0.040439 0.121298
0.121263 -0.013794 0.116560
0.100991 -0.009194 0.132241
0.130033 -0.075243 0.114333
0.138209 -0.066366 0.101018
0.061813 -0.049259 0.150948
0.148106 0.060762 0.094676
0.079678 0.080353 0.148343
0.064971 0.064936 0.148917
0.085969 0.056427 0.150616
0.095035 0.003260 0.136631
0.189181 -0.383307 0.080265
0.188263 -0.411080 0.059737
0.187511 -0.396278 0.058483
0.180128 -0.407984 0.106361
0.186724 -0.397854 0.092121
0.026186 -0.309791 0.185892
0.137180 -0.250522 0.137842
0.141644 -0.229851 0.132347
0.153812 -0.239175 0.123358
0.166173 -0.238747 0.110708
0.065756 -0.223059 0.168186
0.081900 -0.211796 0.160305
0.105126 -0.116528 0.140638
0.088386 -0.083703 0.144665
0.142845 -0.078785 0.095110
0.090408 -0.146039 0.150218
0.096741 -0.063775 0.137331
0.118457 -0.000630 0.122048
0.133169 -0.002530 0.103778
0.131982 0.012589 0.112762
0.142407 0.015668 0.092036
0.135887 0.036783 0.118898
0.142489 0.029857 0.099622
0.131241 0.023971 0.118199
0.122324 -0.087200 0.124674
0.151081 0.078039 0.073851
0.140808 0.065840 0.112320
0.117492 0.041386 0.130950
0.106181 0.056144 0.146176
0.098762 0.041343 0.147461
0.117681 0.061585 0.132634
0.119359 0.032468 0.128560
0.103102 0.027135 0.139558
0.132976 0.051232 0.125421
0.186149 -0.361988 0.090785
0.183267 -0.347991 0.099749
0.184632 -0.377009 0.095657
0.098301 -0.130998 0.145742
0.065516 -0.022438 0.146848
0.072521 -0.035616 0.145071
0.087211 -0.021257 0.138341
0.075112 -0.007686 0.143201
0.051569 -0.016092 0.149707
0.087613 -0.036576 0.139102
0.142423 0.047479 0.106334
0.149716 0.064575 0.079190
0.148124 0.089071 0.084947
0.145335 0.107085 0.083916
0.135959 0.113568 0.099374
0.141448 0.094752 0.100796
0.137070 0.084818 0.116346
0.135111 0.128077 0.088712
0.154299 -0.341011 0.134173
0.167761 -0.395527 0.124110
0.111146 -0.076385 0.131108
0.169900 -0.344964 0.118233
0.178816 -0.390894 0.110009
0.142889 -0.365487 0.141127
0.127407 -0.374084 0.148584
0.103294 -0.364203 0.157046
0.100612 -0.343469 0.159143
0.087566 -0.348786 0.163301
0.134970 0.251688 0.028155
0.118758 0.253968 0.021964
0.184838 -0.278721 0.063532
0.175233 -0.248347 0.094475
0.046838 -0.102122 0.164302
0.184709 -0.331975 0.091347
0.186092 -0.322316 0.073041
0.061952 -0.258783 0.171242
0.102136 -0.187878 0.148410
0.088126 -0.192165 0.156635
0.095883 -0.205232 0.152761
0.099821 -0.219793 0.152931
0.085437 -0.228134 0.158472
0.081462 -0.243079 0.161246
0.076862 -0.178359 0.159704
0.073480 -0.193561 0.162308
0.104922 -0.238978 0.152200
0.091205 -0.254248 0.157367
0.124917 -0.245150 0.144381
0.112480 -0.205673 0.144983
0.082033 -0.162808 0.155687
0.113601 -0.226279 0.147128
0.032418 -0.027858 0.153419
0.049555 -0.034915 0.153413
0.155283 -0.377142 0.133625
0.169533 -0.376930 0.120262
0.150536 -0.357088 0.136895
0.130016 -0.297880 0.146301
0.162443 -0.325202 0.125867
0.147543 -0.307566 0.137528
0.158712 -0.312017 0.128826
0.147837 -0.326684 0.137629
0.106607 -0.328552 0.155719
0.116617 -0.346680 0.152050
0.114369 -0.310698 0.152974
0.094913 -0.309460 0.158846
0.135980 -0.320378 0.144715
0.124220 -0.331992 0.149906
0.130345 -0.355180 0.147671
0.086394 -0.325514 0.162611
0.114445 -0.289635 0.151710
0.102472 -0.295171 0.156272
0.086631 -0.294212 0.162868
0.105104 -0.272529 0.153788
0.089798 -0.276413 0.160510
0.112095 -0.257308 0.149410
0.121292 -0.277288 0.147768
0.130115 -0.265511 0.143978
0.141287 -0.343303 0.142809
0.144986 -0.270426 0.136061
0.139218 -0.287268 0.141171
0.177465 -0.302427 0.103667
0.175219 -0.286727 0.104266
0.181858 -0.294501 0.090924
0.182247 -0.282126 0.084760
0.164925 -0.294051 0.120124
0.170152 -0.309735 0.115988
0.167861 -0.276619 0.113606
0.165703 -0.258271 0.114018
0.152341 -0.291871 0.133242
0.156146 -0.254922 0.124657
0.158271 -0.275578 0.127008
0.176393 -0.329043 0.109780
0.179269 -0.317522 0.102188
0.184525 -0.310481 0.086427
0.203064 -0.512896 0.028714
0.209826 -0.515804 0.011218
0.214634 -0.517230 -0.006335
0.219312 -0.517347 -0.022611
0.213654 -0.518838 -0.036713
0.203443 -0.519094 -0.051427
0.194294 -0.520118 -0.063413
0.182713 -0.520780 -0.075378
0.170314 -0.523968 -0.089081
0.157718 -0.527692 -0.100926
0.145161 -0.530706 -0.111908
0.131842 -0.534635 -0.120756
0.116999 -0.536678 -0.128157
0.100006 -0.539421 -0.134601
0.084359 -0.541953 -0.138453
0.066935 -0.542702 -0.136065
0.050008 -0.543534 -0.126944
0.032436 -0.544566 -0.116694
0.015600 -0.545510 -0.109926
-0.001409 -0.544480 -0.106612
-0.002225 -0.509798 -0.108987
0.001552 -0.472842 -0.112250
-0.000535 -0.414806 -0.114200
-0.001101 -0.392673 -0.115083
-0.007522 -0.360400 -0.116268
-0.005939 -0.341377 -0.116252
-0.006432 -0.321916 -0.116935
-0.008312 -0.304323 -0.117925
-0.007052 -0.286142 -0.116993
-0.009913 -0.246941 -0.118145
-0.007416 -0.201031 -0.114817
-0.003094 -0.153094 -0.110988
-0.004418 -0.129829 -0.111413
-0.008475 -0.113923 -0.110241
-0.006848 -0.096840 -0.109304
-0.000713 -0.078935 -0.110668
-0.015011 -0.025642 -0.107082
-0.008846 -0.004469 -0.106983
-0.008033 0.012689 -0.107683
-0.004512 0.077786 -0.112418
-0.004041 0.095619 -0.113261
-0.002519 0.130740 -0.111458
-0.002123 0.182011 -0.106282
0.000466 0.208157 -0.101110
0.018966 0.218580 -0.098056
0.038128 0.228317 -0.095794
0.056264 0.239818 -0.093588
0.073740 0.251983 -0.086043
0.087842 0.267217 -0.072155
0.153743 0.256989 -0.053071
0.154821 0.239608 -0.067495
0.153157 0.218636 -0.078193
0.149840 0.196321 -0.085087
0.146816 0.174733 -0.086161
0.144307 0.151713 -0.085224
0.145962 0.130898 -0.078976
0.150429 0.110338 -0.070594
0.159476 0.094473 -0.058953
0.170785 0.083834 -0.040927
0.177304 0.078495 -0.021613
0.118653 0.035884 -0.084516
0.076879 0.171600 -0.111485
0.171767 0.069989 -0.029000
0.133924 0.089542 -0.082780
0.114915 0.174020 -0.101469
0.123411 0.258786 -0.065994
0.128823 0.242848 -0.077561
0.089006 0.240256 -0.091289
0.130282 0.119656 -0.089270
0.127855 0.162108 -0.095009
0.120619 0.270462 -0.052101
0.137068 0.264166 -0.052674
0.104504 0.264913 -0.067942
0.143271 0.232130 -0.076960
0.137675 0.208448 -0.089191
0.092364 0.255099 -0.081530
0.161980 0.085148 -0.051722
0.128411 0.138038 -0.093896
0.140112 0.250899 -0.066251
0.104987 0.274680 -0.056588
0.124427 0.224773 -0.088303
0.130898 0.185297 -0.094412
0.104620 0.194086 -0.104058
0.120628 0.200545 -0.097209
0.149313 0.074374 -0.062460
0.123167 0.102719 -0.093592
0.107166 0.220385 -0.096843
0.096358 0.172125 -0.108437
0.107305 0.152039 -0.105087
0.076519 0.080016 -0.107487
0.073518 0.208462 -0.105123
0.105055 0.078157 -0.103224
0.096145 0.136513 -0.107893
0.104131 0.101749 -0.104613
0.115718 0.131136 -0.100436
0.117292 0.089450 -0.095795
0.073864 0.231302 -0.097597
0.072856 0.115121 -0.112922
0.051980 0.215488 -0.101749
0.081592 0.154324 -0.112232
0.093212 0.118851 -0.107425
0.074593 0.133153 -0.113084
0.057745 0.124322 -0.113488
0.202020 -0.499619 0.031949
0.207550 -0.498457 0.014597
0.173769 -0.402534 -0.074781
0.123355 -0.265414 -0.112131
0.049290 -0.481306 -0.134808
0.012719 -0.517630 -0.109328
-0.002159 -0.532297 -0.107228
0.021024 -0.532040 -0.112051
0.161937 0.074417 0.015524
0.017950 0.198697 -0.103176
0.110477 0.245735 -0.082843
0.159772 0.070464 -0.047128
0.162104 0.054824 -0.035886
0.120541 0.075322 -0.091601
0.142615 0.060281 -0.065957
0.133582 0.072946 -0.079832
0.150976 0.053022 -0.050494
0.137767 0.040283 -0.065538
0.155907 0.036847 -0.037006
0.162800 0.039302 -0.022509
0.146648 0.034953 -0.050543
0.146684 0.023508 -0.045142
0.037606 0.111177 -0.113493
0.055074 0.106902 -0.113036
0.019760 0.124292 -0.112722
0.062699 0.094123 -0.112077
0.050177 0.076877 -0.110856
0.035288 0.091927 -0.113103
0.085675 0.098270 -0.108419
0.094515 0.065419 -0.102839
0.013899 0.083556 -0.112468
0.032324 0.074952 -0.111315
0.016952 0.067687 -0.110975
0.049930 0.197395 -0.106351
0.083566 0.191966 -0.108381
0.057857 0.165603 -0.112320
0.212839 -0.502036 -0.002357
0.206620 -0.439203 -0.035064
0.209569 -0.480011 0.000310
0.197089 -0.354626 -0.034639
0.054510 -0.270537 -0.136213
0.154189 -0.191126 -0.069213
0.164693 -0.259046 -0.066834
0.053624 -0.139544 -0.114686
0.147532 -0.084884 -0.035758
0.022126 -0.481912 -0.118399
0.016587 -0.501094 -0.113310
0.159406 0.039929 0.010165
0.152854 0.005840 -0.018518
0.145856 0.011360 -0.041570
0.162293 0.055145 0.004673
0.159202 0.025309 -0.009083
0.162885 0.043450 -0.004916
0.011102 0.160558 -0.109557
0.128528 0.047305 -0.078488
0.127555 0.060209 -0.082205
0.132705 0.026880 -0.067677
0.000101 0.115732 -0.112939
0.017231 0.103562 -0.113360
0.013842 0.140495 -0.111024
0.057731 0.144693 -0.114211
0.032523 0.146240 -0.112066
0.038718 0.181183 -0.107837
0.043969 0.039074 -0.106494
0.042053 0.058222 -0.108492
0.068811 0.064529 -0.107080
0.086971 0.051597 -0.102422
0.019781 0.049143 -0.108624
0.201419 -0.466638 0.019386
0.203111 -0.484093 0.022766
0.199571 -0.446748 0.019935
0.199391 -0.489015 -0.051917
0.214623 -0.489184 -0.019446
0.209206 -0.497187 -0.037540
0.216514 -0.505606 -0.020761
0.203395 -0.505064 -0.049035
0.205089 -0.432159 0.004428
0.182533 -0.500131 -0.073517
0.021210 -0.270410 -0.130578
0.046667 -0.217851 -0.130487
0.063735 -0.348239 -0.140864
0.174894 -0.179269 -0.026134
0.187068 -0.239298 -0.015646
0.017470 -0.402048 -0.122441
0.133116 -0.517385 -0.118203
0.075273 -0.523882 -0.139023
0.060716 -0.529842 -0.135191
0.017083 -0.464392 -0.117996
0.002877 -0.490919 -0.110226
0.040878 -0.531492 -0.124053
0.155701 -0.001796 0.009087
0.018382 -0.068314 -0.111155
0.157873 0.024350 0.015106
0.157086 0.010586 0.017817
0.156383 0.010989 -0.000390
0.141770 -0.004148 -0.041643
0.106233 -0.014013 -0.080110
0.129069 -0.016904 -0.059278
0.098544 0.004614 -0.088165
0.100490 0.024955 -0.091721
0.146017 -0.011832 -0.025940
0.163929 0.066420 0.004358
0.155670 0.022751 -0.027404
0.111590 0.055570 -0.093823
0.023673 0.018655 -0.107393
0.001173 0.041983 -0.109493
-0.001499 0.058525 -0.110652
0.200281 -0.459336 -0.047884
0.212628 -0.467120 -0.017226
0.206988 -0.457772 0.004974
0.208817 -0.415138 -0.016680
0.199311 -0.329910 0.007236
0.197746 -0.296901 -0.010869
0.171759 -0.508888 -0.085374
0.189659 -0.485443 -0.064104
0.024585 -0.311090 -0.129855
0.027279 -0.239505 -0.132584
0.020206 -0.198014 -0.124393
0.181119 -0.188005 -0.003908
0.011309 -0.138804 -0.116267
0.010678 -0.114171 -0.113392
0.160135 -0.078670 0.008573
0.155788 -0.061477 0.008725
0.168159 -0.124177 0.006574
0.001123 -0.454172 -0.113865
0.002307 -0.434551 -0.114629
0.119668 -0.507959 -0.126560
0.146580 -0.511356 -0.110011
0.104401 -0.520651 -0.133725
0.046254 -0.517615 -0.129419
0.032154 -0.513433 -0.119851
0.033291 -0.493903 -0.123856
0.047472 -0.499896 -0.132548
0.031022 -0.469858 -0.125682
0.020138 -0.449688 -0.120516
0.046809 -0.462283 -0.134850
-0.001542 -0.062300 -0.110216
0.012539 -0.089214 -0.111989
0.000805 -0.039311 -0.107548
0.008470 -0.017620 -0.105914
0.017243 -0.051880 -0.110242
0.117118 0.017286 -0.080308
0.118822 -0.000272 -0.073361
0.089546 -0.013944 -0.090050
0.055208 0.013077 -0.103423
0.044102 0.024674 -0.105439
0.050434 -0.007655 -0.102975
0.100806 0.042356 -0.096587
0.135588 -0.055818 -0.047661
-0.000964 0.025347 -0.107964
0.022280 0.031931 -0.107437
0.194255 -0.410688 0.029040
0.203110 -0.391101 0.003537
0.207149 -0.477045 -0.040164
0.195196 -0.471124 -0.055885
0.207962 -0.456152 -0.033073
0.211184 -0.444376 -0.016287
0.195524 -0.290554 0.007611
0.195835 -0.504160 -0.057826
0.159001 -0.469326 -0.096201
0.014680 -0.254234 -0.125704
0.013383 -0.231340 -0.124669
0.003920 -0.244106 -0.120264
0.005111 -0.186139 -0.117153
0.009095 -0.208245 -0.120649
-0.002028 -0.171721 -0.113328
0.015914 -0.175866 -0.119468
0.180619 -0.184441 0.016411
0.183463 -0.203259 0.006272
0.179356 -0.167219 0.009682
0.188799 -0.238312 0.011125
0.191815 -0.258623 0.011656
0.163193 -0.095324 0.010833
0.166451 -0.109671 0.013397
0.164001 -0.107924 -0.007943
0.166794 -0.127081 -0.017898
0.159071 -0.112553 -0.025663
0.144471 -0.063445 -0.031323
0.138104 -0.078205 -0.050829
0.142757 -0.040697 -0.032416
0.149481 -0.038381 -0.009858
0.131200 -0.034185 -0.052340
0.152394 -0.069921 -0.014755
0.150576 -0.052300 -0.010591
0.152595 -0.023366 0.007679
0.023897 -0.426839 -0.124119
0.036612 -0.447612 -0.131524
0.005310 -0.370718 -0.118063
0.016366 -0.381048 -0.121691
0.121972 -0.525550 -0.125339
0.161095 -0.512744 -0.096845
0.157723 -0.496879 -0.099984
0.072757 -0.440132 -0.143040
0.077525 -0.475163 -0.142520
0.067010 -0.492241 -0.140508
0.147035 -0.024738 -0.019687
0.152643 -0.011175 -0.005316
0.028738 -0.104013 -0.113747
0.034349 -0.058336 -0.108973
0.131404 -0.001583 -0.058875
0.078956 0.015847 -0.097924
0.075737 0.000582 -0.096941
0.066453 0.029994 -0.103276
0.066538 0.047991 -0.104857
0.084606 0.033552 -0.099866
0.047183 -0.029633 -0.102844
0.030154 -0.010646 -0.104805
0.071222 -0.020694 -0.097388
0.049898 -0.048730 -0.104736
0.071120 -0.036279 -0.097877
0.198638 -0.430699 0.019064
0.202836 -0.408287 0.009008
0.200117 -0.376153 0.010995
0.195936 -0.393058 0.023313
0.185786 -0.466676 -0.067267
0.182213 -0.450415 -0.071084
0.190578 -0.450798 -0.058964
0.199179 -0.344283 0.009890
0.202812 -0.362064 -0.000211
0.003388 -0.312986 -0.120619
0.011422 -0.328636 -0.121641
0.007319 -0.350761 -0.119707
0.028173 -0.216445 -0.129606
0.042254 -0.231989 -0.132944
0.058087 -0.243079 -0.131774
0.032676 -0.255509 -0.134230
0.044126 -0.253236 -0.135268
-0.000107 -0.265426 -0.117642
0.045184 -0.193813 -0.125429
0.037731 -0.205309 -0.128206
0.178860 -0.213800 -0.032033
0.177222 -0.196574 -0.027464
0.183440 -0.210344 -0.010819
0.168458 -0.196521 -0.049190
0.169803 -0.160759 -0.030808
0.171068 -0.147358 -0.017817
0.162717 -0.173903 -0.050912
0.178442 -0.167474 -0.008984
0.149131 -0.169693 -0.069082
0.165180 -0.145439 -0.033151
0.194593 -0.273623 -0.008040
0.190441 -0.254702 -0.005457
0.193914 -0.275205 0.011595
0.151015 -0.116232 -0.043196
0.139033 -0.022023 -0.039749
0.119843 -0.032614 -0.067266
0.030745 -0.389256 -0.130586
0.167644 -0.488798 -0.087695
0.062706 -0.513347 -0.137656
0.101376 -0.497814 -0.135793
0.120843 -0.486651 -0.125176
0.140917 -0.489977 -0.113859
0.146601 -0.468688 -0.110351
0.161181 -0.448323 -0.094260
0.172422 -0.462456 -0.083102
0.170672 -0.441574 -0.082411
0.160944 -0.425991 -0.092354
0.170774 -0.419606 -0.080817
0.061226 -0.452264 -0.142558
0.103348 -0.459100 -0.134800
0.094531 -0.473737 -0.139129
0.093227 -0.439395 -0.139287
0.081827 -0.458445 -0.142410
0.109275 -0.475029 -0.132632
0.111343 -0.442289 -0.131162
0.083024 -0.490820 -0.142374
0.032800 -0.082832 -0.111015
0.026515 -0.036203 -0.106900
0.101089 -0.067157 -0.086146
0.199579 -0.442695 -0.045939
0.200793 -0.341077 -0.026598
0.200849 -0.320893 -0.016000
0.198058 -0.311676 0.006901
0.010907 -0.281357 -0.123945
0.009920 -0.297965 -0.123684
0.035554 -0.324408 -0.135101
0.025669 -0.347244 -0.129213
0.017455 -0.361638 -0.123462
0.014913 -0.158874 -0.117520
0.035054 -0.143443 -0.116741
0.027747 -0.125005 -0.115695
0.030491 -0.185007 -0.124647
0.047613 -0.174723 -0.121773
0.186394 -0.225536 -0.011208
0.176155 -0.151381 0.004871
0.172164 -0.138015 0.000704
0.139495 -0.151164 -0.074609
0.159054 -0.132798 -0.039872
0.148843 -0.132392 -0.055124
0.151775 -0.101379 -0.034431
0.118145 -0.017018 -0.071731
0.091220 -0.027680 -0.088143
0.085547 -0.053590 -0.092570
0.105389 -0.032829 -0.080185
0.093281 -0.044294 -0.087762
0.030621 -0.366056 -0.130775
0.042577 -0.378101 -0.136401
0.029977 -0.405072 -0.129338
0.070797 -0.407758 -0.142352
0.081022 -0.422702 -0.141752
0.058890 -0.428346 -0.142074
0.055341 -0.411129 -0.141067
0.056926 -0.394383 -0.141249
0.073338 -0.384725 -0.140935
0.128026 -0.376926 -0.118850
0.089964 -0.402872 -0.138517
0.094536 -0.383907 -0.136782
0.152675 -0.482643 -0.103787
0.160954 -0.405654 -0.090845
0.191171 -0.426624 -0.054541
0.064968 -0.470918 -0.142274
0.149105 -0.435613 -0.106576
0.146713 -0.414711 -0.108085
0.118737 -0.465733 -0.126747
0.202808 -0.401202 -0.034679
0.203561 -0.342559 -0.011670
0.165553 -0.324614 -0.075540
0.180132 -0.299314 -0.051782
0.039811 -0.344693 -0.135747
0.052558 -0.332001 -0.139882
0.047358 -0.356084 -0.138113
0.032987 -0.165364 -0.120743
0.144281 -0.115288 -0.056170
0.043563 -0.397602 -0.136362
0.057825 -0.371260 -0.141981
0.102934 -0.418432 -0.135360
0.175060 -0.369738 -0.067077
0.166833 -0.385679 -0.081196
0.147675 -0.367708 -0.104910
0.139242 -0.382888 -0.114712
0.156885 -0.372890 -0.093045
0.127613 -0.395287 -0.121886
0.183416 -0.411105 -0.063081
0.134172 -0.470858 -0.118121
0.126727 -0.445458 -0.123206
0.132555 -0.427516 -0.118989
0.138339 -0.449472 -0.114933
0.148354 -0.453002 -0.107357
0.069561 -0.060167 -0.100543
0.086401 -0.073073 -0.094765
0.206628 -0.426090 -0.029189
0.200642 -0.421022 -0.040345
0.202849 -0.382966 -0.028708
0.189494 -0.336390 -0.045421
0.194110 -0.322153 -0.034918
0.038028 -0.271981 -0.135180
0.038629 -0.303715 -0.136672
0.095367 -0.308232 -0.129263
0.134343 -0.131411 -0.072424
0.127562 -0.111070 -0.073860
0.124067 -0.144214 -0.086724
0.098145 -0.083659 -0.090838
0.108374 -0.111445 -0.088904
0.090470 -0.102829 -0.098300
0.082563 -0.120414 -0.104505
0.125180 -0.089372 -0.070415
0.113168 -0.077358 -0.078953
0.080988 -0.089473 -0.099276
0.113830 -0.055011 -0.075099
0.068703 -0.103259 -0.105718
0.126304 -0.049787 -0.060686
0.140548 -0.098864 -0.054982
0.111448 -0.401748 -0.129645
0.115061 -0.380315 -0.127151
0.120824 -0.360904 -0.121913
0.101638 -0.362548 -0.132404
0.083267 -0.323065 -0.135300
0.178569 -0.390725 -0.065431
0.126371 -0.412877 -0.122303
0.138276 -0.404861 -0.116152
0.044702 -0.100343 -0.110722
0.043048 -0.120348 -0.113334
0.059556 -0.116913 -0.110295
0.067314 -0.080380 -0.103119
0.207154 -0.397143 -0.013902
0.193391 -0.389728 -0.045860
0.204253 -0.361282 -0.021379
0.197304 -0.372007 -0.038084
0.206214 -0.378282 -0.011349
0.188639 -0.358782 -0.048425
0.188077 -0.311748 -0.044243
0.175338 -0.322276 -0.060881
0.165667 -0.304615 -0.071399
0.167456 -0.359771 -0.077335
0.158610 -0.335185 -0.086287
0.193687 -0.307081 -0.027382
0.049202 -0.290221 -0.139140
0.117566 -0.128634 -0.087048
0.135072 -0.361510 -0.115700
0.148559 -0.351065 -0.100279
0.132058 -0.343574 -0.114729
0.129574 -0.299755 -0.111037
0.132678 -0.321801 -0.112517
0.186192 -0.376887 -0.053626
0.167155 -0.285771 -0.066684
0.176481 -0.344599 -0.063633
0.192224 -0.289627 -0.029703
0.053338 -0.313070 -0.138693
0.071780 -0.319857 -0.137524
0.077005 -0.345681 -0.137759
0.091434 -0.345640 -0.133802
0.071641 -0.362080 -0.140313
0.083666 -0.363993 -0.137860
0.112970 -0.346455 -0.125849
0.155168 -0.314928 -0.088406
0.147659 -0.330460 -0.101053
0.121554 -0.331731 -0.120038
0.182905 -0.269021 -0.040600
0.068484 -0.283766 -0.134628
0.088424 -0.255970 -0.125236
0.081042 -0.273218 -0.129237
0.144396 -0.309469 -0.101347
0.157169 -0.269982 -0.078591
0.102215 -0.328033 -0.128483
0.117132 -0.311483 -0.120473
0.120995 -0.286553 -0.115401
0.105029 -0.270385 -0.121526
0.138930 -0.287569 -0.103817
0.123136 -0.212647 -0.103316
0.110743 -0.248779 -0.117483
0.138876 -0.201654 -0.087722
0.139719 -0.186818 -0.084273
0.065170 -0.225222 -0.127696
0.152340 -0.292875 -0.089249
0.130310 -0.247686 -0.104213
0.119989 -0.231556 -0.108568
0.137417 -0.228486 -0.094629
0.143722 -0.212181 -0.084676
0.157585 -0.208831 -0.068166
0.154213 -0.225795 -0.076221
0.094424 -0.202225 -0.116954
0.076843 -0.208029 -0.120487
0.122653 -0.191754 -0.098646
0.107359 -0.195722 -0.108944
0.131429 -0.173696 -0.088259
0.081832 -0.167168 -0.112880
0.120664 -0.159433 -0.093419
0.093286 -0.180651 -0.112175
0.086533 -0.140427 -0.107026
0.098863 -0.162751 -0.107425
0.110251 -0.175458 -0.102996
0.088255 -0.154974 -0.107283
0.105870 -0.143873 -0.098744
0.144895 -0.272377 -0.094520
0.133370 -0.274676 -0.105482
0.135885 -0.261105 -0.101945
0.168580 -0.220583 -0.055963
0.179933 -0.230016 -0.037970
0.166045 -0.240254 -0.063103
0.149393 -0.248886 -0.085951
0.107833 -0.226293 -0.115809
0.082220 -0.221184 -0.122165
0.071717 -0.153744 -0.112264
0.064965 -0.170358 -0.116475
0.077664 -0.186411 -0.116900
0.062277 -0.189296 -0.120665
0.050363 -0.156471 -0.118438
0.059332 -0.207217 -0.125298
0.011022 0.009137 -0.106902
0.034403 0.006424 -0.105315
0.157431 -0.152147 -0.051658
0.125477 -0.068499 -0.064761
0.186707 -0.249567 -0.027045
0.178624 -0.250497 -0.044753
-0.222316 -0.517516 0.051195
-0.222297 -0.520379 0.033861
-0.222973 -0.522303 0.015291
-0.215742 -0.523602 -0.001713
-0.207143 -0.526379 -0.017195
-0.197721 -0.527421 -0.032656
-0.185603 -0.529884 -0.046566
-0.172626 -0.530927 -0.059710
-0.156770 -0.531591 -0.069137
-0.144042 -0.533640 -0.080382
-0.133432 -0.535391 -0.092713
-0.125703 -0.536915 -0.106366
-0.112940 -0.539598 -0.123178
-0.098419 -0.540662 -0.135101
-0.081723 -0.542042 -0.138530
-0.065521 -0.541693 -0.133244
-0.049319 -0.543419 -0.124713
-0.032834 -0.544425 -0.114647
-0.017089 -0.544590 -0.108559
-0.018021 0.218956 -0.098786
-0.035169 0.229982 -0.095471
-0.053139 0.240739 -0.092360
-0.069423 0.251377 -0.084781
-0.083170 0.266372 -0.069928
-0.148413 0.256819 -0.053022
-0.152241 0.238991 -0.069690
-0.150997 0.221025 -0.080111
-0.149914 0.198798 -0.086219
-0.147648 0.176242 -0.087822
-0.149030 0.155077 -0.085195
-0.151008 0.133117 -0.079651
-0.156335 0.112929 -0.069690
-0.165714 0.096264 -0.053699
-0.175876 0.087030 -0.033034
-0.121684 0.253028 -0.069145
-0.128118 0.038375 -0.083493
-0.120399 0.177398 -0.099752
-0.116515 0.266066 -0.056834
-0.050558 0.222808 -0.098191
-0.144911 0.091498 -0.078432
-0.133840 0.167988 -0.092646
-0.137819 0.250430 -0.065682
-0.136613 0.213935 -0.087987
-0.085147 0.249249 -0.084074
-0.167959 0.071294 0.010919
-0.136330 0.125173 -0.089391
-0.135043 0.262504 -0.050511
-0.099724 0.272548 -0.055340
-0.168248 0.087656 -0.045160
-0.057004 0.209466 -0.102629
-0.030206 0.207819 -0.100821
-0.144971 0.113806 -0.081199
-0.136198 0.146114 -0.090961
-0.156466 0.099444 -0.065795
-0.021872 -0.532831 -0.110280
-0.020986 -0.519406 -0.111781
-0.107436 -0.418011 -0.129178
-0.130876 -0.276023 -0.103632
-0.191110 -0.425550 -0.042776
-0.223763 -0.504216 0.054968
-0.079543 -0.017936 -0.103108
-0.158295 0.021628 -0.011815
-0.136459 0.190998 -0.091366
-0.071481 0.229043 -0.097334
-0.164003 0.054523 0.006882
-0.161566 0.040298 0.008762
-0.165312 0.043754 -0.013359
-0.031235 0.175843 -0.107928
-0.151855 0.073149 -0.064277
-0.117621 0.138408 -0.101258
-0.116782 0.158420 -0.103140
-0.094279 0.170176 -0.109366
-0.068317 0.144595 -0.113682
-0.094028 0.145757 -0.111523
-0.073806 0.163342 -0.113037
-0.083011 0.127032 -0.114055
-0.104353 0.122569 -0.108254
-0.052796 0.165631 -0.110813
-0.092276 0.107930 -0.113144
-0.131270 0.103952 -0.090917
-0.037562 -0.530656 -0.119173
-0.070122 -0.391073 -0.141340
-0.174604 -0.252074 -0.043694
-0.074709 -0.293353 -0.138737
-0.081553 -0.079392 -0.107553
-0.191372 -0.355922 -0.025184
-0.219006 -0.473393 0.039116
-0.216223 -0.513162 -0.001340
-0.216032 -0.492635 0.004291
-0.219444 -0.487230 0.025265
-0.211467 -0.480499 -0.006535
-0.221729 -0.506869 0.021905
-0.038163 0.046936 -0.111022
-0.047697 0.016635 -0.107915
-0.153993 -0.003512 -0.004691
-0.021498 0.105019 -0.113348
-0.074451 0.203770 -0.105274
-0.104602 0.221141 -0.094889
-0.121174 0.226944 -0.087401
-0.132056 0.237181 -0.078197
-0.117922 0.202605 -0.096643
-0.096673 0.198826 -0.103851
-0.169635 0.060880 -0.007775
-0.168241 0.058661 -0.027845
-0.156666 0.028626 0.020015
-0.157786 0.043232 0.025834
-0.152447 0.032911 -0.047133
-0.160728 0.030200 -0.001045
-0.160775 0.032902 -0.026426
-0.155764 0.012946 0.003893
-0.157829 0.058192 -0.049251
-0.153711 0.021508 -0.035967
-0.017049 0.194289 -0.104704
-0.040734 0.191279 -0.106722
-0.122951 0.118030 -0.097721
-0.021562 -0.485470 -0.114944
-0.014978 -0.500881 -0.112272
-0.033772 -0.410797 -0.122646
-0.154947 -0.496537 -0.071148
-0.164041 -0.109393 0.006770
-0.063111 -0.137847 -0.117182
-0.221127 -0.488384 0.049354
-0.217036 -0.460330 0.056000
-0.024548 0.134539 -0.111701
-0.048661 0.140520 -0.114016
-0.020791 0.053559 -0.110591
-0.031723 -0.015236 -0.107350
-0.152856 -0.004146 0.023639
-0.063371 0.188288 -0.107944
-0.088915 0.214870 -0.100197
-0.091283 0.230941 -0.092790
-0.104828 0.242811 -0.083074
-0.103808 0.181928 -0.105149
-0.081500 0.185866 -0.108791
-0.153547 0.009032 -0.020876
-0.154555 0.012971 0.024557
-0.057575 -0.491551 -0.132342
-0.028760 -0.366342 -0.120747
-0.040495 -0.443743 -0.126363
-0.090113 -0.526473 -0.139136
-0.103533 -0.523014 -0.132688
-0.182318 -0.208779 -0.004743
-0.176059 -0.167901 0.003062
-0.026603 -0.218262 -0.119223
-0.055849 -0.181030 -0.123840
-0.167374 -0.118188 0.023432
-0.155044 -0.062453 0.006417
-0.039693 -0.132309 -0.113419
-0.189783 -0.512347 -0.043570
-0.209947 -0.502912 -0.012793
-0.214182 -0.433133 0.038368
-0.207497 -0.351367 0.027785
-0.202641 -0.360769 0.010125
-0.196385 -0.301290 0.003952
-0.009080 0.147229 -0.110901
-0.019426 0.121269 -0.112731
-0.081816 0.088508 -0.112597
-0.062839 0.127239 -0.114767
-0.067963 0.106939 -0.114623
-0.021979 0.036976 -0.109670
-0.026802 0.021054 -0.108065
-0.056063 0.045692 -0.110498
-0.022261 0.070415 -0.112434
-0.061539 0.066851 -0.111890
-0.024604 0.087154 -0.113392
-0.154645 0.001301 0.010970
-0.153168 -0.019255 0.008923
-0.143226 0.019233 -0.056594
-0.035669 -0.328281 -0.125189
-0.030474 -0.389485 -0.120717
-0.117606 -0.507141 -0.118976
-0.071226 -0.527061 -0.137049
-0.158898 -0.515636 -0.067272
-0.135799 -0.511293 -0.089179
-0.144960 -0.522595 -0.079151
-0.193983 -0.262813 0.017962
-0.184498 -0.208510 0.020469
-0.177278 -0.166429 0.020307
-0.171311 -0.134681 0.015867
-0.172998 -0.147408 0.017601
-0.007286 -0.223558 -0.116780
-0.023628 -0.235570 -0.119166
-0.023336 -0.201440 -0.116750
-0.021481 -0.276360 -0.119729
-0.163293 -0.093694 0.019235
-0.159183 -0.075981 0.021753
-0.154226 -0.056673 0.023390
-0.157284 -0.080811 0.000076
-0.015333 -0.086604 -0.108976
-0.022996 -0.105400 -0.109804
-0.017060 -0.072173 -0.109021
-0.022735 -0.123660 -0.110366
-0.035175 -0.114933 -0.111621
-0.021999 -0.142529 -0.110920
-0.199923 -0.511503 -0.027174
-0.195834 -0.495372 -0.035978
-0.204527 -0.489129 -0.020148
-0.177319 -0.516771 -0.056498
-0.185281 -0.480068 -0.052762
-0.187457 -0.462304 -0.050114
-0.210647 -0.411422 0.020582
-0.204813 -0.333138 0.026334
-0.199503 -0.323954 0.007503
-0.201357 -0.344398 0.008349
-0.188444 -0.336906 -0.031786
-0.193742 -0.335912 -0.011224
-0.186825 -0.317898 -0.028367
-0.192228 -0.317526 -0.011171
-0.166563 -0.290232 -0.062710
-0.182722 -0.289353 -0.033462
-0.188229 -0.303463 -0.022041
-0.211558 -0.396447 0.035847
-0.209902 -0.374666 0.031220
-0.210552 -0.434080 0.014419
-0.210571 -0.460316 0.002312
-0.217269 -0.452934 0.036815
-0.216478 -0.468026 0.019058
-0.215608 -0.477389 0.007954
-0.029272 0.004797 -0.107722
-0.042534 0.030067 -0.109862
-0.040011 0.062383 -0.111446
-0.083624 0.070441 -0.110834
-0.042964 0.078363 -0.113316
-0.046285 0.097796 -0.114290
-0.152560 -0.020573 0.026433
-0.139663 0.032063 -0.066399
-0.149873 0.045010 -0.057881
-0.138236 0.043913 -0.073483
-0.030317 -0.500157 -0.116663
-0.037962 -0.514608 -0.119816
-0.047612 -0.502630 -0.126927
-0.054056 -0.523546 -0.128830
-0.063257 -0.512165 -0.134614
-0.017005 -0.332769 -0.119574
-0.020536 -0.349846 -0.120045
-0.048233 -0.389927 -0.129513
-0.013210 -0.381099 -0.116503
-0.048122 -0.423273 -0.130298
-0.016106 -0.424896 -0.117074
-0.016028 -0.444702 -0.116113
-0.017587 -0.464150 -0.114941
-0.029327 -0.433174 -0.120915
-0.127122 -0.518285 -0.104466
-0.082199 -0.511544 -0.142016
-0.085308 -0.492700 -0.141710
-0.166185 -0.502486 -0.063623
-0.141573 -0.488358 -0.081903
-0.189342 -0.247386 0.003054
-0.195023 -0.280226 0.007825
-0.197552 -0.284170 0.024429
-0.178051 -0.196373 -0.015962
-0.180290 -0.186938 0.012330
-0.167855 -0.224094 -0.050118
-0.174888 -0.212717 -0.029875
-0.186579 -0.224889 0.010182
-0.171900 -0.174786 -0.026436
-0.022546 -0.259076 -0.119396
-0.040139 -0.227301 -0.126643
-0.069902 -0.249639 -0.133949
-0.054402 -0.235464 -0.132303
-0.069824 -0.227208 -0.131712
-0.046919 -0.249902 -0.130742
-0.050535 -0.214177 -0.129115
-0.033996 -0.184293 -0.119156
-0.023681 -0.165662 -0.112228
-0.078606 -0.206574 -0.127439
-0.023547 -0.313190 -0.120913
-0.152314 -0.063306 -0.016383
-0.159498 -0.099009 -0.008819
-0.031261 -0.092347 -0.109531
-0.042813 -0.080797 -0.110342
-0.039967 -0.061066 -0.108367
-0.055363 -0.119389 -0.114313
-0.061796 -0.087148 -0.111927
-0.182189 -0.501290 -0.053643
-0.170117 -0.487526 -0.062013
-0.154575 -0.479278 -0.071943
-0.148302 -0.467559 -0.077460
-0.213877 -0.416946 0.035873
-0.165946 -0.335698 -0.070220
-0.179822 -0.323256 -0.047033
-0.209001 -0.391057 0.020345
-0.213000 -0.449478 0.016404
-0.202470 -0.442919 -0.020110
-0.198785 -0.457866 -0.033218
-0.044826 -0.008671 -0.106717
-0.072266 0.056383 -0.110466
-0.153149 -0.038315 0.022368
-0.090752 0.031140 -0.104197
-0.112662 0.010630 -0.089930
-0.135865 0.005522 -0.064130
-0.044881 -0.480831 -0.126429
-0.031052 -0.474831 -0.120286
-0.047803 -0.356792 -0.129868
-0.035100 -0.345377 -0.124290
-0.018412 -0.402299 -0.116993
-0.029143 -0.454412 -0.120189
-0.122437 -0.484033 -0.114094
-0.130587 -0.493903 -0.096524
-0.128384 -0.477339 -0.100355
-0.129794 -0.456677 -0.098271
-0.122720 -0.460407 -0.112782
-0.105590 -0.488051 -0.131243
-0.107971 -0.467885 -0.126919
-0.144573 -0.506155 -0.078409
-0.167032 -0.124692 0.003444
-0.160837 -0.118033 -0.014387
-0.164211 -0.140021 -0.027239
-0.030105 -0.248242 -0.122329
-0.039550 -0.268222 -0.127985
-0.043562 -0.198327 -0.125182
-0.154456 -0.100939 -0.029760
-0.152585 -0.082530 -0.024334
-0.019279 -0.048393 -0.107194
-0.036607 -0.036853 -0.107071
-0.042552 -0.151034 -0.116641
-0.043669 -0.166827 -0.118339
-0.063731 -0.065566 -0.108794
-0.056897 -0.048681 -0.106870
-0.050367 -0.100983 -0.112078
-0.064690 -0.106767 -0.114217
-0.189937 -0.266584 -0.005556
-0.190945 -0.285837 -0.010075
-0.175830 -0.297920 -0.048314
-0.205432 -0.445369 -0.004119
-0.205668 -0.465402 -0.015687
-0.194651 -0.441029 -0.039395
-0.183089 -0.437710 -0.054173
-0.172237 -0.452999 -0.062900
-0.167327 -0.467843 -0.065218
-0.167728 -0.433015 -0.067084
-0.143596 -0.430680 -0.084005
-0.157108 -0.423082 -0.074543
-0.139023 -0.447182 -0.087647
-0.155070 -0.444803 -0.075439
-0.065839 -0.010460 -0.105603
-0.058204 -0.025047 -0.106028
-0.074359 -0.034439 -0.104106
-0.054188 0.002663 -0.106768
-0.153418 -0.049537 0.001567
-0.152241 -0.036010 -0.001606
-0.113265 0.030148 -0.092624
-0.096363 0.013409 -0.099933
-0.076028 0.039212 -0.107279
-0.064951 0.028347 -0.108495
-0.078016 0.000503 -0.104091
-0.101676 -0.005496 -0.096345
-0.128343 0.019646 -0.077374
-0.121712 -0.002649 -0.081295
-0.115127 -0.020320 -0.085007
-0.132452 -0.012951 -0.066906
-0.142700 -0.009841 -0.049586
-0.147342 0.006231 -0.043606
-0.071117 -0.327460 -0.142028
-0.043888 -0.376687 -0.127639
-0.054646 -0.404474 -0.133420
-0.127724 -0.441620 -0.104383
-0.167589 -0.137278 -0.009739
-0.145537 -0.144595 -0.064270
-0.074102 -0.121391 -0.114408
-0.078411 -0.099169 -0.110641
-0.183687 -0.267335 -0.027384
-0.166177 -0.242965 -0.055380
-0.198867 -0.475671 -0.032772
-0.072088 0.013690 -0.106562
-0.094243 -0.025943 -0.098470
-0.136055 -0.056599 -0.059868
-0.083389 -0.365651 -0.141947
-0.065913 -0.357850 -0.140001
-0.112589 -0.443324 -0.124014
-0.155951 -0.144191 -0.046575
-0.164555 -0.205125 -0.050145
-0.092418 -0.111880 -0.108141
-0.167681 -0.265215 -0.056807
-0.159260 -0.277813 -0.069649
-0.153545 -0.290190 -0.079592
-0.163469 -0.306781 -0.070280
-0.156173 -0.351011 -0.080831
-0.080253 -0.046385 -0.103206
-0.089984 -0.060157 -0.102800
-0.142553 -0.039680 -0.045890
-0.119170 -0.095414 -0.085128
-0.063045 -0.309092 -0.140730
-0.072008 -0.376318 -0.142221
-0.106011 -0.397047 -0.129488
-0.100023 -0.351906 -0.134559
-0.089346 -0.387747 -0.139567
-0.102892 -0.375902 -0.133252
-0.119938 -0.384865 -0.117179
-0.081733 -0.345742 -0.141357
-0.106443 -0.315565 -0.128802
-0.105267 -0.332897 -0.129949
-0.064422 -0.342768 -0.139203
-0.069052 -0.418452 -0.140066
-0.094760 -0.411212 -0.139009
-0.156137 -0.222341 -0.066295
-0.166000 -0.159574 -0.033835
-0.146067 -0.163697 -0.068975
-0.154786 -0.164040 -0.056039
-0.163584 -0.182918 -0.045749
-0.134962 -0.303481 -0.098937
-0.185316 -0.358323 -0.046345
-0.140143 -0.024284 -0.051354
-0.128616 -0.028256 -0.070463
-0.133718 -0.041541 -0.063231
-0.145182 -0.055782 -0.039856
-0.098732 -0.074514 -0.099278
-0.114519 -0.076888 -0.087627
-0.130676 -0.076467 -0.069858
-0.050343 -0.336772 -0.133310
-0.112843 -0.345079 -0.123590
-0.124455 -0.424836 -0.111365
-0.122005 -0.404464 -0.113081
-0.129098 -0.387123 -0.102860
-0.145914 -0.410962 -0.084222
-0.131823 -0.406235 -0.099272
-0.145729 -0.385305 -0.085698
-0.159037 -0.369433 -0.077409
-0.175770 -0.414867 -0.062462
-0.184710 -0.406975 -0.052101
-0.175679 -0.393617 -0.061859
-0.064824 -0.434947 -0.138750
-0.094091 -0.454822 -0.139966
-0.155253 -0.120709 -0.038531
-0.157020 -0.237207 -0.067545
-0.156315 -0.189971 -0.060783
-0.171518 -0.193683 -0.034090
-0.147723 -0.309032 -0.087788
-0.140603 -0.291628 -0.092871
-0.127127 -0.293487 -0.109080
-0.138353 -0.322092 -0.095908
-0.125010 -0.314135 -0.111075
-0.140595 -0.340377 -0.093599
-0.133550 -0.353683 -0.101276
-0.125284 -0.347681 -0.110749
-0.145717 -0.365779 -0.088063
-0.135902 -0.373501 -0.095800
-0.154536 -0.327198 -0.081366
-0.179361 -0.337326 -0.053300
-0.171108 -0.351453 -0.064710
-0.118881 -0.038532 -0.081724
-0.125889 -0.059410 -0.075895
-0.100605 -0.090168 -0.100346
-0.107088 -0.108803 -0.097453
-0.140992 -0.073789 -0.054088
-0.146582 -0.088698 -0.044920
-0.146702 -0.072873 -0.039289
-0.146708 -0.106063 -0.050097
-0.116823 -0.329304 -0.120114
-0.128618 -0.330247 -0.106510
-0.198769 -0.422735 -0.026416
-0.202657 -0.424801 -0.002743
-0.195162 -0.381072 -0.018477
-0.189971 -0.384232 -0.043746
-0.089876 -0.329753 -0.137862
-0.083880 -0.312126 -0.138346
-0.056469 -0.290286 -0.135713
-0.083318 -0.427192 -0.139621
-0.097112 -0.434462 -0.138289
-0.078563 -0.443687 -0.139349
-0.065674 -0.457771 -0.137859
-0.046980 -0.461849 -0.129050
-0.059836 -0.475833 -0.134789
-0.079807 -0.460733 -0.139459
-0.074385 -0.479071 -0.139106
-0.091664 -0.474914 -0.140244
-0.093546 -0.295912 -0.132591
-0.114846 -0.298585 -0.121706
-0.083899 -0.278590 -0.133837
-0.103329 -0.278229 -0.127616
-0.118986 -0.280096 -0.117186
-0.053939 -0.273043 -0.134637
-0.079197 -0.264929 -0.133040
-0.113195 -0.363709 -0.124502
-0.123318 -0.369786 -0.112964
-0.174536 -0.373199 -0.062120
-0.103438 -0.042244 -0.093885
-0.110237 -0.058861 -0.090685
-0.117129 -0.117128 -0.088760
-0.136549 -0.091907 -0.064512
-0.133432 -0.109892 -0.070877
-0.145457 -0.122690 -0.059273
-0.198702 -0.406159 -0.011182
-0.124699 -0.266381 -0.111919
-0.067761 -0.279373 -0.137684
-0.130559 -0.127423 -0.076585
-0.083270 -0.235935 -0.129565
-0.089140 -0.250186 -0.129872
-0.120166 -0.245225 -0.112910
-0.113196 -0.259128 -0.120139
-0.101478 -0.241113 -0.124244
-0.130374 -0.237711 -0.100039
-0.145077 -0.248151 -0.084619
-0.121215 -0.226354 -0.109397
-0.144337 -0.233974 -0.083900
-0.130969 -0.255399 -0.101142
-0.144006 -0.269786 -0.087899
-0.156222 -0.256531 -0.072913
-0.127498 0.090106 -0.092513
-0.136676 0.071650 -0.082468
-0.099849 0.078549 -0.107852
-0.144182 0.057203 -0.070869
-0.106120 0.091950 -0.106600
-0.105206 0.061937 -0.103978
-0.126250 0.054297 -0.088892
-0.109014 0.044367 -0.097624
-0.090040 0.049922 -0.106936
-0.150014 -0.009967 -0.027085
-0.146463 -0.022859 -0.036724
-0.152270 -0.020577 -0.009983
-0.041170 0.119767 -0.113680
-0.177545 -0.234646 -0.033853
-0.183893 -0.251216 -0.020463
-0.183003 -0.229342 -0.012913
-0.076307 -0.172660 -0.122886
-0.096344 -0.162822 -0.114128
-0.099528 -0.143695 -0.109336
-0.085072 -0.132580 -0.113503
-0.081256 -0.151044 -0.118567
-0.061177 -0.158790 -0.120554
-0.131397 -0.150914 -0.080955
-0.115780 -0.155506 -0.099842
-0.108252 -0.174051 -0.108028
-0.150220 -0.044181 -0.020508
-0.149779 -0.028542 -0.023662
-0.152075 -0.207202 -0.069117
-0.044959 -0.308688 -0.131774
-0.097852 -0.204731 -0.120456
-0.112328 -0.191536 -0.109292
-0.091615 -0.224146 -0.125609
-0.130367 -0.196699 -0.092177
-0.120253 -0.209319 -0.107260
-0.133092 -0.218901 -0.093465
-0.135783 -0.178113 -0.082677
-0.147131 -0.177280 -0.070235
-0.142203 -0.195543 -0.080669
-0.124217 -0.176893 -0.095276
-0.130436 -0.165665 -0.085335
-0.089252 -0.186528 -0.120486
-0.067931 -0.192473 -0.127215
-0.116081 -0.138269 -0.095018
-0.101522 -0.128247 -0.104553
-0.161768 0.091531 0.032971
0.156389 0.085242 0.054802
0.162484 0.090848 0.024724
0.150548 0.110988 0.067784
0.045356 0.065193 0.148004
0.118081 0.088271 0.132591
0.089826 0.215824 -0.102344
0.150031 0.096551 -0.067678
0.173194 0.071962 -0.007986
0.174631 0.078973 -0.000597
0.140199 0.109124 -0.080754
0.169883 0.057872 -0.013029
-0.100317 0.259906 -0.071404
-0.166057 0.075874 -0.041022
-0.160403 0.044644 -0.036551
-0.163512 0.089038 -0.052251
-0.173422 0.071874 -0.018745
-0.176527 0.079567 -0.014427
-0.172215 0.081157 0.008799
-0.158340 0.084926 -0.057899
-0.119355 0.074078 -0.097072
-0.213128 -0.407788 0.053867
-0.115648 -0.472062 0.190154
-0.131068 0.267852 -0.000707
-0.070565 -0.465154 0.196979
-0.137005 -0.401831 0.159733
-0.039236 -0.399398 0.167945
-0.032150 -0.424818 0.167546
0.008825 -0.346230 0.180496
-0.178691 -0.206686 0.054677
-0.114367 0.000180 0.119617
-0.174953 -0.328171 0.091478
-0.075699 -0.134838 0.163251
-0.090294 -0.069647 0.144177
-0.136637 -0.239444 0.128620
-0.142847 -0.309844 0.134588
-0.133182 -0.090944 0.101572
-0.143103 -0.144553 0.100167
-0.145962 -0.332994 0.133573
-0.068017 -0.218953 0.173522
0.050328 -0.477273 0.181774
0.154003 -0.396497 0.135256
0.034370 -0.363152 0.187173
0.020977 -0.153162 0.174356
0.177809 -0.366736 0.110248
0.077941 -0.127613 0.153535
0.164647 -0.360761 0.124499
0.176363 -0.268489 0.098104
0.063817 0.187952 -0.108614
0.111027 0.119857 -0.102536
-0.011782 0.162033 -0.109737
0.133977 0.012204 -0.059224
0.040247 0.158940 -0.111268
0.186158 -0.219065 0.015670
0.016275 -0.417212 -0.121221
0.081017 -0.507252 -0.141702
0.091162 -0.519140 -0.138087
0.040106 -0.419477 -0.133775
-0.013813 -0.185934 -0.112885
0.157620 -0.092617 -0.014337
0.153076 -0.042479 0.012229
0.063338 -0.258913 -0.133447
0.181068 -0.430982 -0.069910
0.114267 -0.424508 -0.128825
0.153382 -0.392288 -0.100371
0.031786 -0.290133 -0.135293
0.110369 -0.099040 -0.084427
0.098723 -0.121508 -0.098731
0.070753 -0.130753 -0.109360
0.087464 -0.286756 -0.129860
0.107991 -0.293679 -0.122362
0.074445 -0.241772 -0.127194
0.092677 -0.238375 -0.122726
0.188756 -0.264546 -0.026130
-0.190506 -0.243708 0.022163
-0.115722 0.105011 -0.101442
-0.221344 -0.498905 0.038357
-0.033194 0.155158 -0.110583
-0.098572 -0.507355 -0.137592
-0.113623 -0.529173 -0.121800
-0.175177 -0.176120 -0.009440
-0.169860 -0.153986 -0.014380
-0.134784 -0.427777 -0.094038
-0.169795 -0.319073 -0.063328
-0.163288 -0.391676 -0.073124
-0.196696 -0.407283 -0.032247
-0.204626 -0.399796 0.007687
-0.069938 -0.492817 -0.137979
-0.095626 -0.261021 -0.128038
-0.109348 -0.224508 -0.116131
-0.182015 -0.497787 0.111047
-0.024542 -0.271864 0.165647
-0.061803 -0.411523 0.188764
-0.029110 -0.354771 0.166543
-0.135090 -0.025610 0.088207
-0.144991 0.028555 0.080590
-0.134406 -0.045619 0.094456
-0.176382 -0.447179 0.108232
-0.097260 -0.078220 0.140188
-0.126871 0.060713 0.126338
-0.158487 -0.239433 0.098990
-0.053073 -0.222269 0.170867
0.016623 -0.486523 0.191665
0.133965 -0.482135 0.148769
0.190521 -0.392937 0.040988
0.064018 -0.347345 0.173378
0.174800 -0.407120 0.116353
0.020580 -0.217453 0.181980
0.113176 -0.359316 0.153226
0.036744 0.131494 -0.112976
0.023719 0.175565 -0.107695
0.046607 -0.070510 -0.107309
0.175382 -0.477103 -0.080842
0.134234 -0.500503 -0.118801
0.054162 -0.087573 -0.107386
0.191792 -0.403919 -0.050740
0.173756 -0.270788 -0.055332
0.167114 -0.339503 -0.074899
0.159969 -0.351922 -0.086801
0.182409 -0.283985 -0.046749
0.108105 -0.211801 -0.112481
0.099379 -0.217288 -0.118073
-0.171467 0.074060 -0.003009
-0.161150 0.060447 0.020940
-0.197280 -0.360955 -0.006685
-0.064989 0.085525 -0.112784
-0.202483 -0.306640 0.026226
-0.204460 -0.377523 0.013144
-0.198554 -0.379208 -0.004676
-0.058425 -0.376975 -0.135047
-0.140735 -0.212645 -0.083733
-0.028173 -0.297985 -0.122706
-0.053652 -0.323108 -0.135336
-0.173443 -0.274312 -0.048471
-0.137024 -0.468701 -0.089427
-0.075278 -0.405954 -0.141646
-0.158205 -0.404205 -0.075107
-0.040637 -0.286476 -0.129413
-0.064297 -0.262565 -0.136028
0.072226 -0.298482 -0.135891
